Number of sequences: 1256
Number of programs: 2
Number of motifs: 13
Motif widths: 16 15 15 16 13 16 12 12 15 12 14 16 13 
Program 1: total 982
 motif #1: 672 of 982 (0.684280 posterior)
 motif #2: 616 of 982 (0.627265 posterior)
 motif #3: 259 of 982 (0.263796 posterior)
 motif #4: 230 of 982 (0.234270 posterior)
 motif #5: 185 of 982 (0.188454 posterior)
 motif #6: 153 of 982 (0.155875 posterior)
 motif #7: 143 of 982 (0.145693 posterior)
 motif #8: 119 of 982 (0.121258 posterior)
 motif #9: 87 of 982 (0.088678 posterior)
 motif #10: 84 of 982 (0.085624 posterior)
 motif #11: 43 of 982 (0.043881 posterior)
 motif #12: 28 of 982 (0.028609 posterior)
 motif #13: 25 of 982 (0.025555 posterior)

Program 2: total 274

Motif #1
total sequences 672
A	[ 278.0	0.0	12.0	0.0	0.0	0.0	0.0	0.0	29.0	51.0	51.0	48.0	80.0	89.0	86.0	117.0	]
C	[ 123.0	564.0	0.0	0.0	672.0	672.0	9.0	183.0	273.0	275.0	258.0	362.0	193.0	218.0	283.0	216.0	]
G	[ 222.0	0.0	0.0	0.0	0.0	0.0	431.0	488.0	13.0	145.0	204.0	177.0	238.0	274.0	176.0	199.0	]
T	[ 49.0	108.0	660.0	672.0	0.0	0.0	232.0	1.0	357.0	201.0	159.0	85.0	161.0	91.0	127.0	140.0	]
Motif #2
total sequences 616
A	[ 160.0	-0.0	182.0	241.0	65.0	59.0	143.0	118.0	76.0	166.0	71.0	46.0	110.0	91.0	172.0	]
C	[ 72.0	101.0	8.0	137.0	26.0	-0.0	218.0	31.0	-0.0	275.0	71.0	-0.0	207.0	43.0	93.0	]
G	[ 305.0	515.0	425.0	-0.0	525.0	548.0	221.0	460.0	535.0	39.0	417.0	570.0	213.0	455.0	351.0	]
T	[ 79.0	0.0	1.0	238.0	0.0	9.0	34.0	7.0	5.0	136.0	57.0	0.0	86.0	27.0	0.0	]
Motif #3
total sequences 259
A	[ 70.0	95.0	20.0	65.0	-0.0	0.0	259.0	227.0	24.0	-0.0	21.0	102.0	11.0	20.0	49.0	]
C	[ 65.0	60.0	185.0	194.0	-0.0	-0.0	-0.0	-0.0	-0.0	0.0	24.0	39.0	117.0	57.0	82.0	]
G	[ 98.0	93.0	54.0	0.0	259.0	259.0	0.0	2.0	235.0	0.0	192.0	117.0	88.0	113.0	77.0	]
T	[ 26.0	11.0	0.0	0.0	0.0	-0.0	0.0	30.0	-0.0	259.0	22.0	1.0	43.0	69.0	51.0	]
Motif #4
total sequences 230
A	[ 35.0	9.0	6.0	26.0	135.0	69.0	29.0	0.0	-0.0	10.0	24.0	53.0	0.0	3.0	2.0	49.0	]
C	[ 104.0	146.0	146.0	114.0	41.0	38.0	26.0	192.0	179.0	220.0	206.0	0.0	210.0	226.0	200.0	137.0	]
G	[ 91.0	41.0	53.0	65.0	23.0	104.0	157.0	3.0	0.0	-0.0	0.0	177.0	20.0	1.0	0.0	-0.0	]
T	[ 0.0	34.0	25.0	25.0	31.0	19.0	18.0	35.0	51.0	0.0	0.0	-0.0	0.0	0.0	28.0	44.0	]
Motif #5
total sequences 185
A	[ 19.0	24.0	23.0	0.0	0.0	185.0	1.0	0.0	0.0	1.0	7.0	29.0	28.0	]
C	[ 98.0	115.0	0.0	185.0	185.0	0.0	0.0	96.0	8.0	14.0	28.0	65.0	71.0	]
G	[ 37.0	30.0	162.0	0.0	0.0	0.0	0.0	57.0	11.0	3.0	115.0	64.0	37.0	]
T	[ 31.0	16.0	0.0	0.0	0.0	0.0	184.0	32.0	166.0	167.0	35.0	27.0	49.0	]
Motif #6
total sequences 153
A	[ 117.0	135.0	111.0	29.0	82.0	153.0	92.0	88.0	70.0	58.0	106.0	113.0	108.0	84.0	76.0	80.0	]
C	[ 9.0	-0.0	-0.0	50.0	33.0	0.0	24.0	24.0	38.0	61.0	43.0	0.0	28.0	47.0	34.0	34.0	]
G	[ 13.0	18.0	42.0	26.0	24.0	-0.0	12.0	0.0	0.0	0.0	0.0	-0.0	17.0	22.0	25.0	0.0	]
T	[ 14.0	0.0	0.0	48.0	14.0	0.0	25.0	41.0	45.0	34.0	4.0	40.0	0.0	0.0	18.0	39.0	]
Motif #7
total sequences 143
A	[ 1.0	-0.0	9.0	-0.0	0.0	-0.0	0.0	-0.0	3.0	-0.0	33.0	0.0	]
C	[ 54.0	68.0	-0.0	-0.0	137.0	-0.0	1.0	137.0	27.0	41.0	50.0	0.0	]
G	[ 75.0	32.0	122.0	143.0	6.0	21.0	127.0	6.0	35.0	102.0	50.0	138.0	]
T	[ 13.0	43.0	12.0	0.0	0.0	122.0	15.0	-0.0	78.0	0.0	10.0	5.0	]
Motif #8
total sequences 119
A	[ 23.0	16.0	32.0	29.0	1.0	111.0	-0.0	-0.0	0.0	8.0	117.0	-0.0	]
C	[ 43.0	36.0	28.0	27.0	42.0	-0.0	98.0	-0.0	3.0	68.0	2.0	92.0	]
G	[ 37.0	54.0	52.0	-0.0	76.0	8.0	-0.0	119.0	0.0	43.0	-0.0	-0.0	]
T	[ 16.0	13.0	7.0	63.0	-0.0	-0.0	21.0	-0.0	116.0	-0.0	-0.0	27.0	]
Motif #9
total sequences 87
A	[ 13.0	14.0	7.0	9.0	8.0	0.0	13.0	23.0	-0.0	-0.0	0.0	87.0	0.0	-0.0	20.0	]
C	[ 58.0	24.0	0.0	45.0	39.0	-0.0	60.0	63.0	1.0	78.0	87.0	0.0	0.0	41.0	10.0	]
G	[ 0.0	46.0	74.0	25.0	31.0	85.0	-0.0	0.0	86.0	-0.0	-0.0	0.0	1.0	43.0	32.0	]
T	[ 16.0	3.0	6.0	8.0	9.0	2.0	14.0	1.0	-0.0	9.0	-0.0	-0.0	86.0	3.0	25.0	]
Motif #10
total sequences 84
A	[ 3.0	63.0	8.0	-0.0	-0.0	83.0	79.0	-0.0	18.0	23.0	15.0	48.0	]
C	[ 56.0	-0.0	-0.0	84.0	84.0	-0.0	-0.0	1.0	40.0	17.0	24.0	18.0	]
G	[ 13.0	21.0	70.0	-0.0	-0.0	1.0	-0.0	-0.0	26.0	44.0	45.0	17.0	]
T	[ 12.0	-0.0	6.0	-0.0	-0.0	-0.0	5.0	83.0	-0.0	-0.0	-0.0	1.0	]
Motif #11
total sequences 43
A	[ 5.0	7.0	0.0	2.0	0.0	33.0	0.0	0.0	2.0	0.0	0.0	0.0	0.0	6.0	]
C	[ 8.0	28.0	42.0	12.0	43.0	0.0	9.0	3.0	6.0	0.0	43.0	42.0	39.0	12.0	]
G	[ 28.0	8.0	0.0	0.0	0.0	10.0	34.0	8.0	0.0	0.0	0.0	0.0	0.0	13.0	]
T	[ 2.0	0.0	1.0	29.0	0.0	0.0	0.0	32.0	35.0	43.0	0.0	1.0	4.0	12.0	]
Motif #12
total sequences 28
A	[ 4.0	1.0	0.0	0.0	0.0	0.0	0.0	1.0	3.0	10.0	6.0	0.0	0.0	0.0	3.0	0.0	]
C	[ 7.0	2.0	14.0	0.0	0.0	22.0	0.0	7.0	23.0	0.0	0.0	27.0	0.0	1.0	18.0	0.0	]
G	[ 7.0	11.0	8.0	0.0	18.0	0.0	0.0	20.0	0.0	0.0	22.0	0.0	0.0	27.0	1.0	0.0	]
T	[ 10.0	14.0	6.0	28.0	10.0	6.0	28.0	0.0	2.0	18.0	0.0	1.0	28.0	0.0	6.0	28.0	]
Motif #13
total sequences 25
A	[ 14.0	20.0	8.0	0.0	4.0	0.0	0.0	1.0	0.0	0.0	25.0	0.0	25.0	]
C	[ 6.0	1.0	10.0	0.0	21.0	0.0	25.0	0.0	24.0	0.0	0.0	0.0	0.0	]
G	[ 5.0	4.0	7.0	0.0	0.0	0.0	0.0	24.0	1.0	25.0	0.0	20.0	0.0	]
T	[ 0.0	0.0	0.0	25.0	0.0	25.0	0.0	0.0	0.0	0.0	0.0	5.0	0.0	]
Motif #1; total sequences 672; NCTTCCggtNNcNNNN / NNNNgNNaccGGAAGN
Motif #2; total sequences 616; NGgNGGNgGNgGNgg / ccNCcNCcNCCNcCN
Motif #3; total sequences 259; NNccGGAAGTgNNNN / NNNNcACTTCCggNN
Motif #4; total sequences 230; NccNaNgCcCCgCCCc / gGGGcGGgGcNtNggN
Motif #5; total sequences 185; ccGCCATcTTgNN / NNcAAgATGGCgg
Motif #6; total sequences 153; aAaNaAaaNNaaaaNa / tNttttNNttTtNtTt
Motif #7; total sequences 143; gNGGCTGCtgNG / CNcaGCAGCCNc
Motif #8; total sequences 119; NNNtgACGTcAc / gTgACGTcaNNN
Motif #9; total sequences 87; cgGcNGccGCCATSN / NSATGGCggCNgCcg
Motif #10; total sequences 84; caGCCAATNgga / tccNATTGGCtg
Motif #11; total sequences 43; gcCtCagtTTCCCN / NGGGAAactGaGgc
Motif #12; total sequences 28; NNNTgcTgCtgCTGcT / AgCAGcaGcAgcANNN
Motif #13; total sequences 25; aaNTCTCGCGAgA / TcTCGCGAGANtt

Full posterior for run 7 is 16948.433405
