1	chr1:20897671-20898254	4	-227	NA	NA	NA	567	NA	
2	chr1:23487160-23488639	1	NA	NA	NA	NA	NA	NA	
3	chr1:24566603-24569405	1	NA	NA	NA	NA	NA	NA	
4	chr1:36864939-36865549	3	NA	33	NA	NA	NA	NA	
5	chr1:40419842-40420980	2	-536	NA	NA	NA	NA	NA	
6	chr1:51393030-51393679	1	NA	NA	NA	NA	NA	NA	
7	chr1:51538255-51538850	1	NA	NA	NA	NA	NA	NA	
8	chr1:63599505-63600306	1	NA	NA	NA	NA	NA	NA	
9	chr1:80092639-80093456	2	449	-428	NA	NA	NA	NA	
10	chr1:81169061-81169940	4	NA	-765	NA	NA	-45	NA	
11	chr1:90306610-90307201	3	NA	-228	NA	500	NA	NA	
12	chr1:120138586-120139086	2	398	-380	NA	NA	NA	NA	
13	chr1:132907236-132907871	1	NA	NA	NA	NA	NA	NA	
14	chr1:133031701-133032548	2	515	498	NA	NA	NA	NA	
15	chr1:134692915-134693672	1	NA	NA	NA	NA	NA	NA	
16	chr1:138416585-138417422	2	-114	NA	NA	NA	NA	NA	
17	chr1:145768540-145769187	4	NA	NA	206	NA	22	NA	
18	chr1:155141987-155142749	1	NA	NA	NA	NA	NA	NA	
19	chr1:163507438-163508304	2	226	310	NA	NA	NA	NA	
20	chr1:167681556-167682229	3	NA	NA	NA	NA	NA	36	
21	chr1:175877427-175878443	1	NA	NA	NA	NA	NA	NA	
22	chr1:186554726-186555192	2	-205	NA	NA	NA	NA	NA	
23	chr1:192894188-192894901	2	438	NA	NA	NA	NA	NA	
24	chr10:13688877-13689651	1	NA	NA	NA	NA	NA	NA	
25	chr10:19628484-19629258	2	-351	NA	281	NA	NA	NA	
26	chr10:26048076-26048757	1	NA	NA	NA	NA	NA	NA	
27	chr10:39680230-39680917	1	NA	NA	NA	NA	NA	NA	
28	chr10:79836617-79837582	2	341	NA	NA	NA	NA	NA	
29	chr10:80201629-80202126	1	NA	NA	NA	NA	NA	NA	
30	chr10:80509162-80509451	1	NA	NA	NA	NA	NA	NA	
31	chr10:80913080-80914050	2	489	NA	418	NA	NA	NA	
32	chr10:92765660-92766028	2	223	NA	NA	NA	NA	NA	
33	chr10:95507165-95507559	1	NA	NA	NA	NA	NA	NA	
34	chr10:117575269-117576136	4	NA	NA	NA	-425	-319	NA	
35	chr10:127907437-127908080	2	293	NA	NA	NA	NA	NA	
36	chr11:11463847-11464873	4	NA	665	NA	NA	704	NA	
37	chr11:20148735-20149275	1	NA	NA	NA	NA	NA	NA	
38	chr11:21002515-21003402	2	-731	NA	243	NA	NA	NA	
39	chr11:22592459-22593403	3	NA	NA	81	-6	NA	NA	
40	chr11:31570379-31571478	1	NA	NA	NA	NA	NA	NA	
41	chr11:33838628-33839502	3	NA	NA	-31	378	NA	NA	
42	chr11:34011946-34012343	2	111	NA	NA	NA	NA	NA	
43	chr11:46232528-46233371	4	NA	501	NA	NA	-576	NA	
44	chr11:52157518-52158138	1	NA	NA	NA	NA	NA	NA	
45	chr11:54710065-54710643	1	NA	NA	NA	NA	NA	NA	
46	chr11:54975394-54975873	1	NA	NA	NA	NA	NA	NA	
47	chr11:65610863-65611587	3	NA	31	NA	NA	NA	NA	
48	chr11:66907517-66907837	1	NA	NA	NA	NA	NA	NA	
49	chr11:69182625-69183167	3	NA	NA	416	NA	NA	-44	
50	chr11:78352158-78353054	4	NA	215	NA	NA	-794	NA	
51	chr11:82856905-82857744	3	NA	556	NA	NA	NA	NA	
52	chr11:87567616-87568360	2	-466	328	NA	NA	NA	577	
53	chr11:87575311-87576385	2	-716	NA	578	NA	NA	NA	
54	chr11:94407912-94408440	4	NA	NA	NA	NA	-483	NA	
55	chr11:98285951-98286753	2	-499	NA	NA	NA	NA	NA	
56	chr11:98303628-98304127	3	NA	NA	NA	245	NA	NA	
57	chr11:99016186-99016820	3	NA	NA	NA	NA	NA	81	
58	chr11:108726757-108727516	3	NA	NA	293	NA	NA	NA	
59	chr11:108827597-108828258	1	NA	NA	NA	NA	NA	NA	
60	chr11:110214719-110215313	2	-327	NA	NA	NA	NA	NA	
61	chr12:3109876-3110267	3	NA	NA	NA	NA	NA	-327	
62	chr12:21697626-21698281	1	NA	NA	NA	NA	NA	NA	
63	chr12:74516842-74517755	3	NA	NA	NA	NA	NA	165	
64	chr12:74611051-74611820	3	NA	488	NA	NA	NA	NA	
65	chr12:85110891-85111217	1	NA	NA	NA	NA	NA	NA	
66	chr12:85662394-85663104	1	NA	NA	NA	NA	NA	NA	
67	chr12:87833977-87834760	4	NA	NA	NA	NA	-672	NA	
68	chr12:101395027-101395767	3	NA	-341	NA	-361	NA	NA	
69	chr12:103732184-103733079	3	NA	NA	NA	-421	NA	NA	
70	chr12:111185530-111186215	2	-525	-325	-203	NA	NA	NA	
71	chr12:116670716-116671691	1	NA	NA	NA	NA	NA	NA	
72	chr12:116696429-116697160	4	NA	-394	NA	376	46	NA	
73	chr13:6452426-6453172	1	NA	NA	NA	NA	NA	NA	
74	chr13:34871906-34872409	1	NA	NA	NA	NA	NA	NA	
75	chr13:36815339-36816442	3	NA	NA	NA	NA	NA	-31	
76	chr13:42311565-42312103	4	325	NA	-454	-358	375	NA	
77	chr13:51779697-51780541	1	NA	NA	NA	NA	NA	NA	
78	chr13:51982514-51983079	2	-348	NA	-446	NA	NA	NA	
79	chr13:63334054-63334722	4	NA	NA	NA	-524	543	NA	
80	chr13:85599706-85600597	1	NA	NA	NA	NA	NA	NA	
81	chr13:98291101-98291428	1	NA	NA	NA	NA	NA	NA	
82	chr13:114700773-114701501	2	220	-234	NA	NA	NA	NA	
83	chr14:39187378-39187979	1	NA	NA	NA	NA	NA	NA	
84	chr14:53185159-53186012	3	NA	-258	NA	417	NA	NA	
85	chr14:54557679-54558308	3	NA	NA	-110	NA	NA	NA	
86	chr14:61072465-61073256	1	NA	NA	NA	NA	NA	NA	
87	chr14:61881997-61882684	2	309	246	NA	NA	NA	NA	
88	chr14:64284388-64285040	1	NA	NA	NA	NA	NA	NA	
89	chr14:85972789-85973327	3	NA	26	NA	NA	NA	NA	
90	chr15:5393222-5393977	2	514	NA	NA	NA	NA	-478	
91	chr15:9605852-9606768	4	NA	NA	NA	348	432	NA	
92	chr15:62592966-62593637	1	NA	NA	NA	NA	NA	NA	
93	chr15:63993065-63993580	3	NA	NA	-326	NA	NA	NA	
94	chr15:66337449-66338120	1	NA	NA	NA	NA	NA	NA	
95	chr15:74913207-74914442	2	-212	NA	453	NA	NA	NA	
96	chr15:77798192-77798626	2	-233	166	-106	NA	NA	NA	
97	chr15:78321935-78322773	4	NA	401	NA	491	-71	NA	
98	chr15:85217626-85218190	2	312	509	NA	NA	NA	479	
99	chr15:97200981-97201852	4	NA	-353	NA	-412	787	-134	
100	chr15:98820398-98820814	2	231	NA	-371	NA	NA	NA	
101	chr16:4498946-4499528	1	NA	NA	NA	NA	NA	NA	
102	chr16:5308541-5309404	4	NA	NA	NA	-374	704	NA	
103	chr16:22346867-22347825	1	NA	NA	NA	NA	NA	NA	
104	chr16:36396194-36396562	1	NA	NA	NA	NA	NA	NA	
105	chr16:44611240-44611788	1	NA	NA	NA	NA	NA	NA	
106	chr16:48705868-48706443	1	NA	NA	NA	NA	NA	NA	
107	chr16:52000683-52001866	2	683	668	701	NA	NA	NA	
108	chr16:76237355-76237591	1	NA	NA	NA	NA	NA	NA	
109	chr16:76431954-76432667	1	NA	NA	NA	NA	NA	NA	
110	chr16:84595380-84596017	1	NA	NA	NA	NA	NA	NA	
111	chr16:89724342-89725127	2	350	-281	307	NA	NA	NA	
112	chr16:89861897-89862591	3	NA	-296	NA	NA	NA	NA	
113	chr17:7013440-7014049	1	NA	NA	NA	NA	NA	NA	
114	chr17:8089621-8090408	2	377	NA	NA	NA	NA	NA	
115	chr17:24911700-24912500	2	327	NA	NA	NA	NA	-703	
116	chr17:28339999-28340883	2	-391	-511	NA	NA	NA	310	
117	chr17:28463477-28463989	3	NA	-344	NA	NA	NA	NA	
118	chr17:35631650-35632237	4	NA	-150	NA	NA	403	NA	
119	chr17:35839180-35839776	3	NA	NA	-148	NA	NA	NA	
120	chr17:39450927-39457022	3	NA	NA	5504	NA	NA	NA	
121	chr17:50873139-50873988	3	NA	715	NA	NA	NA	NA	
122	chr17:51627199-51628395	2	491	1004	-328	NA	NA	NA	
123	chr17:56745210-56746144	2	502	NA	NA	NA	NA	NA	
124	chr17:70877881-70878757	2	762	511	NA	NA	NA	NA	
125	chr17:83220692-83221326	2	289	NA	NA	NA	NA	NA	
126	chr17:84024265-84024986	3	NA	NA	-193	452	NA	-218	
127	chr18:3005202-3006082	4	NA	NA	26	NA	-271	-513	
128	chr18:39208843-39209539	2	-670	NA	NA	NA	NA	NA	
129	chr18:40433910-40434388	1	NA	NA	NA	NA	NA	NA	
130	chr18:75447304-75448028	3	NA	NA	NA	NA	NA	272	
131	chr18:75502743-75503477	3	NA	-314	NA	280	NA	NA	
132	chr18:82355522-82355995	1	NA	NA	NA	NA	NA	NA	
133	chr18:89340229-89341162	3	NA	NA	NA	447	NA	NA	
134	chr19:4119455-4120306	4	NA	-437	NA	374	601	NA	
135	chr19:4878447-4879352	1	NA	NA	NA	NA	NA	NA	
136	chr19:33432275-33433175	2	-617	NA	NA	NA	NA	NA	
137	chr19:59455157-59455890	1	NA	NA	NA	NA	NA	NA	
138	chr2:11534585-11535092	3	NA	-323	NA	NA	NA	NA	
139	chr2:26575280-26576001	1	NA	NA	NA	NA	NA	NA	
140	chr2:30416593-30417348	2	-384	NA	NA	NA	NA	NA	
141	chr2:32317221-32317640	3	NA	148	229	NA	NA	256	
142	chr2:32516115-32516586	2	-143	NA	NA	NA	NA	-427	
143	chr2:35803851-35804358	2	229	242	NA	NA	NA	482	
144	chr2:37593767-37594274	3	NA	NA	260	NA	NA	NA	
145	chr2:38293709-38294207	1	NA	NA	NA	NA	NA	NA	
146	chr2:65845877-65846273	1	NA	NA	NA	NA	NA	NA	
147	chr2:70675780-70676704	3	NA	-392	NA	NA	NA	NA	
148	chr2:80262489-80263065	4	NA	NA	NA	NA	-37	NA	
149	chr2:84579863-84580784	1	NA	NA	NA	NA	NA	NA	
150	chr2:98462929-98463961	4	NA	NA	NA	NA	-125	NA	
151	chr2:98466950-98468313	1	NA	NA	NA	NA	NA	NA	
152	chr2:104326422-104326932	1	NA	NA	NA	NA	NA	NA	
153	chr2:117034052-117034623	3	NA	NA	NA	-332	NA	NA	
154	chr2:118942201-118942891	4	-268	NA	NA	NA	-672	NA	
155	chr2:118979737-118980443	4	NA	-151	NA	NA	-598	NA	
156	chr2:153217149-153217865	3	NA	327	-628	-264	NA	NA	
157	chr2:157258762-157259369	1	NA	NA	NA	NA	NA	NA	
158	chr2:158100548-158101312	1	NA	NA	NA	NA	NA	NA	
159	chr2:167578972-167579448	3	NA	NA	NA	273	NA	-448	
160	chr2:170194522-170195043	3	NA	NA	NA	-277	NA	NA	
161	chr2:181846625-181847434	2	672	NA	-762	NA	NA	NA	
162	chr3:52966229-52966809	2	-238	-167	301	NA	NA	-131	
163	chr3:56663271-56663681	1	NA	NA	NA	NA	NA	NA	
164	chr3:89958063-89958718	2	270	NA	NA	NA	NA	NA	
165	chr3:96665260-96666201	1	NA	NA	NA	NA	NA	NA	
166	chr3:107924572-107925196	2	-257	NA	NA	NA	NA	NA	
167	chr3:109324309-109324904	3	NA	NA	NA	267	NA	NA	
168	chr3:126826614-126827447	3	NA	-378	NA	NA	NA	NA	
169	chr3:127755015-127755843	1	NA	NA	NA	NA	NA	NA	
170	chr3:136680046-136680862	3	NA	NA	-551	NA	NA	NA	
171	chr4:16090973-16091493	1	NA	NA	NA	NA	NA	NA	
172	chr4:32616412-32617225	2	338	NA	NA	NA	NA	NA	
173	chr4:63984012-63984382	1	NA	NA	NA	NA	NA	NA	
174	chr4:69864482-69864755	1	NA	NA	NA	NA	NA	NA	
175	chr4:87505686-87506215	4	NA	NA	NA	146	371	NA	
176	chr4:100665417-100666293	1	NA	NA	NA	NA	NA	NA	
177	chr4:102209371-102210241	3	NA	NA	577	NA	NA	NA	
178	chr4:116975974-116976664	1	NA	NA	NA	NA	NA	NA	
179	chr4:120483941-120484702	1	NA	NA	NA	NA	NA	NA	
180	chr4:125605762-125606487	1	NA	NA	NA	NA	NA	NA	
181	chr4:135332186-135332481	2	143	NA	NA	NA	NA	NA	
182	chr5:2999879-3002720	1	NA	NA	NA	NA	NA	NA	
183	chr5:20922938-20923479	1	NA	NA	NA	NA	NA	NA	
184	chr5:65614599-65614890	1	NA	NA	NA	NA	NA	NA	
185	chr5:72451736-72452199	1	NA	NA	NA	NA	NA	NA	
186	chr5:99739819-99740642	3	NA	NA	784	NA	NA	NA	
187	chr5:105925213-105925733	3	NA	-188	NA	208	NA	NA	
188	chr5:107535406-107536158	1	NA	NA	NA	NA	NA	NA	
189	chr5:111080072-111080554	2	-417	NA	NA	NA	NA	NA	
190	chr5:113931504-113932117	1	NA	NA	NA	NA	NA	NA	
191	chr5:114900498-114900854	2	126	NA	NA	NA	NA	NA	
192	chr5:138017044-138017774	2	360	NA	NA	NA	NA	NA	
193	chr5:138887064-138887932	1	NA	NA	NA	NA	NA	NA	
194	chr5:139635703-139636371	3	NA	NA	NA	-350	NA	NA	
195	chr5:146564914-146565732	1	NA	NA	NA	NA	NA	NA	
196	chr6:22299145-22300111	3	NA	NA	NA	586	NA	NA	
197	chr6:41483560-41484175	3	NA	-504	NA	NA	NA	NA	
198	chr6:50346312-50347226	2	378	NA	NA	NA	NA	NA	
199	chr6:82887059-82887868	3	NA	-268	NA	NA	NA	NA	
200	chr6:87507541-87508280	3	NA	-264	-347	NA	NA	NA	
201	chr6:98957869-98958615	1	NA	NA	NA	NA	NA	NA	
202	chr6:103614677-103615208	1	NA	NA	NA	NA	NA	NA	
203	chr6:124715721-124716488	2	510	NA	NA	NA	NA	NA	
204	chr6:140582661-140583333	4	NA	NA	NA	NA	-197	NA	
205	chr6:142874566-142875347	3	NA	NA	-752	NA	NA	NA	
206	chr6:143448247-143448538	1	NA	NA	NA	NA	NA	NA	
207	chr6:144627485-144628192	2	-275	-262	NA	NA	NA	NA	
208	chr7:15107437-15108187	4	NA	NA	146	NA	166	NA	
209	chr7:27642021-27642590	1	NA	NA	NA	NA	NA	NA	
210	chr7:28091616-28092165	1	NA	NA	NA	NA	NA	NA	
211	chr7:28843157-28843775	1	NA	NA	NA	NA	NA	NA	
212	chr7:45378170-45378868	1	NA	NA	NA	NA	NA	NA	
213	chr7:45459955-45460620	1	NA	NA	NA	NA	NA	NA	
214	chr7:67944245-67944875	1	NA	NA	NA	NA	NA	NA	
215	chr7:89882241-89882812	2	-318	NA	NA	NA	NA	240	
216	chr7:110223126-110223883	1	NA	NA	NA	NA	NA	NA	
217	chr7:114270709-114271789	2	-173	NA	NA	NA	NA	47	
218	chr7:125263193-125263754	2	-389	NA	NA	NA	NA	87	
219	chr8:18863700-18864409	2	365	NA	NA	NA	NA	-616	
220	chr8:24560844-24561472	1	NA	NA	NA	NA	NA	NA	
221	chr8:26739623-26740148	1	NA	NA	NA	NA	NA	NA	
222	chr8:27119284-27120036	3	NA	NA	455	NA	NA	NA	
223	chr8:37662390-37663098	3	NA	-387	NA	-443	NA	NA	
224	chr8:73602383-73603191	2	-321	NA	NA	NA	NA	NA	
225	chr8:108155588-108156379	3	NA	NA	NA	NA	NA	600	
226	chr8:114482228-114482870	2	-433	NA	144	NA	NA	506	
227	chr8:118271658-118272375	2	349	NA	NA	NA	NA	NA	
228	chr8:125169965-125171088	4	NA	NA	NA	NA	11	NA	
229	chr8:127608056-127608718	2	361	NA	NA	NA	NA	NA	
230	chr8:130848661-130849522	1	NA	NA	NA	NA	NA	NA	
231	chr9:21199954-21200829	4	NA	785	NA	NA	-846	NA	
232	chr9:24292320-24292667	1	NA	NA	NA	NA	NA	NA	
233	chr9:32810190-32811196	2	-525	NA	-42	NA	NA	NA	
234	chr9:35054745-35055295	1	NA	NA	NA	NA	NA	NA	
235	chr9:44288655-44289439	1	NA	NA	NA	NA	NA	NA	
236	chr9:57664560-57665271	4	NA	329	NA	NA	279	NA	
237	chr9:60796844-60797427	1	NA	NA	NA	NA	NA	NA	
238	chr9:63518829-63519421	3	NA	-532	NA	-192	NA	NA	
239	chr9:63536164-63536742	1	NA	NA	NA	NA	NA	NA	
240	chr9:66718328-66718862	3	NA	29	NA	NA	NA	NA	
241	chr9:68833530-68834353	4	NA	175	NA	-448	74	NA	
242	chr9:72264394-72264682	2	155	NA	NA	NA	NA	NA	
243	chr9:75195785-75196662	3	NA	NA	-396	NA	NA	NA	
244	chr9:85210246-85211249	3	NA	-982	-24	NA	NA	NA	
245	chr9:100331404-100331968	2	219	205	-122	NA	NA	NA	
246	chr9:107136568-107137167	3	NA	NA	NA	293	NA	NA	
247	chr9:107147611-107148252	3	NA	NA	272	NA	NA	NA	
248	chr9:110530301-110530814	1	NA	NA	NA	NA	NA	NA	
249	chr9:119592533-119593099	1	NA	NA	NA	NA	NA	NA	
250	chr9:119879098-119879479	1	NA	NA	NA	NA	NA	NA	
251	chr9:119923130-119923715	2	464	NA	NA	NA	NA	NA	
252	chr9:119940332-119941120	1	NA	NA	NA	NA	NA	NA	
253	chr9:120006807-120007177	4	NA	220	NA	NA	234	NA	
254	chrX:38587943-38588780	2	-424	NA	NA	NA	NA	111	
255	chrX:73676122-73676707	1	NA	NA	NA	NA	NA	NA	
256	chrX:98234436-98235044	1	NA	NA	NA	NA	NA	NA	
257	chrX:138729250-138729574	1	NA	NA	NA	NA	NA	NA	
