1	chr1:6444458-6444846	1	3	-42	NA	NA	
2	chr1:9733500-9733854	3	NA	NA	NA	NA	
3	chr1:20897668-20898136	2	NA	-72	NA	NA	
4	chr1:36491502-36492087	1	128	NA	NA	NA	
5	chr1:36535750-36536300	2	NA	165	NA	NA	
6	chr1:38828301-38828701	1	27	NA	NA	NA	
7	chr1:40420154-40420659	2	NA	-74	NA	NA	
8	chr1:51538341-51538925	1	-123	NA	NA	-108	
9	chr1:51964128-51964570	1	-52	NA	165	NA	
10	chr1:52432027-52432333	2	NA	99	NA	NA	
11	chr1:53739534-53740021	3	NA	NA	NA	NA	
12	chr1:55381094-55381513	1	175	NA	NA	NA	
13	chr1:60721470-60721988	2	NA	-86	NA	NA	
14	chr1:60824988-60825453	1	-152	-77	NA	NA	
15	chr1:60833355-60833742	3	NA	NA	NA	NA	
16	chr1:60843879-60844241	3	NA	NA	NA	NA	
17	chr1:60864985-60865319	3	NA	NA	NA	NA	
18	chr1:60934650-60935184	2	NA	-149	NA	NA	
19	chr1:62809898-62810262	1	100	NA	NA	NA	
20	chr1:64468062-64468498	1	-1	NA	NA	NA	
21	chr1:69276675-69277136	1	107	94	NA	NA	
22	chr1:69394351-69394693	3	NA	NA	NA	NA	
23	chr1:69446843-69447089	2	NA	-133	NA	NA	
24	chr1:80092823-80093349	1	163	103	NA	NA	
25	chr1:80287537-80287949	3	NA	NA	NA	NA	
26	chr1:80297728-80298007	3	NA	NA	NA	NA	
27	chr1:87587364-87587861	2	NA	102	NA	NA	
28	chr1:87625176-87625714	1	-159	122	NA	NA	
29	chr1:87793258-87793818	1	117	NA	NA	NA	
30	chr1:88225472-88225902	3	NA	NA	NA	NA	
31	chr1:89730815-89731149	2	NA	-103	NA	NA	
32	chr1:90306545-90306959	1	-188	NA	-119	NA	
33	chr1:92433724-92434031	1	-46	NA	NA	NA	
34	chr1:95865642-95866048	2	NA	-171	NA	NA	
35	chr1:97485976-97486444	1	54	NA	NA	NA	
36	chr1:108440252-108440747	1	141	NA	-27	NA	
37	chr1:120138713-120139197	1	-113	NA	NA	NA	
38	chr1:129069768-129070183	2	NA	29	NA	-121	
39	chr1:129131346-129131776	3	NA	NA	NA	NA	
40	chr1:130275206-130275467	1	-89	-103	NA	NA	
41	chr1:130305870-130306321	3	NA	NA	NA	NA	
42	chr1:130366145-130366605	1	112	62	NA	NA	
43	chr1:132729887-132730488	1	168	NA	NA	NA	
44	chr1:132907242-132907872	3	NA	NA	NA	NA	
45	chr1:132925455-132925781	2	NA	187	NA	NA	
46	chr1:133031945-133032498	2	NA	96	NA	NA	
47	chr1:133401260-133401492	3	NA	NA	NA	NA	
48	chr1:135614333-135614856	3	NA	NA	NA	NA	
49	chr1:135909133-135909634	2	NA	78	NA	NA	
50	chr1:136947404-136947932	2	NA	-89	NA	NA	
51	chr1:138395803-138396268	1	-89	NA	NA	NA	
52	chr1:138416906-138417350	2	NA	82	NA	NA	
53	chr1:139623218-139623555	2	NA	-37	NA	NA	
54	chr1:139952924-139953321	2	NA	-44	NA	NA	
55	chr1:139991318-139991850	2	NA	-68	NA	NA	
56	chr1:140120673-140121033	2	NA	-80	NA	NA	
57	chr1:140436437-140436883	1	177	NA	NA	NA	
58	chr1:140756122-140756551	1	10	NA	NA	NA	
59	chr1:140792265-140792641	2	NA	116	NA	NA	
60	chr1:145768775-145769157	2	NA	107	NA	NA	
61	chr1:145795643-145796090	1	-1	NA	NA	NA	
62	chr1:145838895-145839289	2	NA	NA	131	NA	
63	chr1:146117748-146118158	2	NA	NA	143	NA	
64	chr1:153106186-153106808	3	NA	NA	NA	NA	
65	chr1:154262002-154262412	1	-117	NA	NA	NA	
66	chr1:154847436-154847878	2	NA	174	NA	NA	
67	chr1:157798194-157798733	1	-173	NA	NA	NA	
68	chr1:158589611-158589970	3	NA	NA	NA	NA	
69	chr1:163507514-163508143	1	18	NA	NA	NA	
70	chr1:165909659-165910115	2	NA	-87	NA	171	
71	chr1:165919627-165920039	1	-63	NA	NA	NA	
72	chr1:165971880-165973137	3	NA	NA	NA	NA	
73	chr1:165973362-165973962	3	NA	NA	NA	NA	
74	chr1:166770517-166770906	1	176	NA	NA	NA	
75	chr1:167600283-167600572	3	NA	NA	NA	NA	
76	chr1:167681540-167682017	1	-107	NA	NA	NA	
77	chr1:173083739-173084047	1	-85	NA	NA	NA	
78	chr1:173521730-173522116	3	NA	NA	NA	NA	
79	chr1:173776008-173776432	1	182	NA	NA	NA	
80	chr1:173851815-173852430	1	-69	NA	NA	NA	
81	chr1:174350601-174350986	2	NA	-95	NA	NA	
82	chr1:181325901-181326290	2	NA	-126	NA	-50	
83	chr1:182687387-182687875	1	117	-99	NA	NA	
84	chr1:186554786-186555076	1	125	-102	NA	NA	
85	chr1:192763437-192763837	3	NA	NA	NA	NA	
86	chr1:192803172-192803863	2	NA	-59	NA	NA	
87	chr1:192894411-192894944	3	NA	NA	NA	NA	
88	chr1:196942078-196942679	3	NA	NA	NA	NA	
89	chr10:7229359-7229669	3	NA	NA	NA	NA	
90	chr10:7352498-7352999	1	114	NA	NA	NA	
91	chr10:7529631-7530088	1	78	93	NA	NA	
92	chr10:13683574-13684138	1	75	NA	NA	NA	
93	chr10:13689041-13689540	1	-6	NA	NA	NA	
94	chr10:19193829-19194264	1	-153	-110	NA	NA	
95	chr10:19628591-19629223	1	-82	NA	NA	NA	
96	chr10:20789995-20790446	3	NA	NA	NA	NA	
97	chr10:21831850-21832457	3	NA	NA	NA	NA	
98	chr10:26014662-26015061	2	NA	-91	NA	NA	
99	chr10:26048172-26048694	2	NA	119	NA	NA	
100	chr10:28283383-28283804	2	NA	-147	NA	NA	
101	chr10:39680465-39680805	2	NA	-166	NA	NA	
102	chr10:40141212-40141675	2	NA	-12	NA	NA	
103	chr10:41399830-41400241	2	NA	-107	NA	NA	
104	chr10:41625628-41626026	1	112	142	NA	NA	
105	chr10:41745671-41746112	1	179	-89	NA	NA	
106	chr10:43559162-43559406	1	22	NA	NA	NA	
107	chr10:43685675-43686004	1	78	NA	NA	-103	
108	chr10:44509938-44510412	1	11	189	NA	NA	
109	chr10:53149525-53149909	1	-154	NA	NA	NA	
110	chr10:53309799-53310433	3	NA	NA	NA	NA	
111	chr10:53806147-53806558	1	122	NA	NA	NA	
112	chr10:58826068-58826432	2	NA	8	NA	NA	
113	chr10:59344070-59344441	2	NA	NA	13	NA	
114	chr10:61900832-61901488	1	91	NA	NA	NA	
115	chr10:66348705-66349079	1	-160	NA	NA	NA	
116	chr10:67091849-67092125	2	NA	-51	NA	NA	
117	chr10:67431363-67431669	2	NA	40	NA	NA	
118	chr10:69528585-69528876	2	NA	-134	NA	NA	
119	chr10:70794645-70795034	3	NA	NA	NA	NA	
120	chr10:74878212-74878662	3	NA	NA	NA	NA	
121	chr10:79386733-79387220	1	-21	37	NA	NA	
122	chr10:79629930-79630409	3	NA	NA	NA	NA	
123	chr10:79836642-79837505	1	-182	155	NA	NA	
124	chr10:80201595-80202092	1	-101	NA	NA	NA	
125	chr10:80509145-80509482	1	-74	NA	NA	NA	
126	chr10:80913354-80913940	3	NA	NA	NA	NA	
127	chr10:80941890-80942254	2	NA	-120	NA	NA	
128	chr10:82415551-82415988	2	NA	-66	NA	NA	
129	chr10:82434131-82434524	2	NA	-172	NA	NA	
130	chr10:83979780-83979993	3	NA	NA	NA	NA	
131	chr10:89109219-89109557	2	NA	148	NA	NA	
132	chr10:89161918-89162273	1	86	NA	NA	NA	
133	chr10:92500463-92500815	3	NA	NA	NA	NA	
134	chr10:92554080-92554610	3	NA	NA	NA	NA	
135	chr10:92592422-92592731	3	NA	NA	NA	NA	
136	chr10:92773019-92773404	3	NA	NA	NA	NA	
137	chr10:93577401-93577785	1	156	-77	NA	NA	
138	chr10:94258194-94258686	1	103	NA	NA	NA	
139	chr10:95309974-95310239	3	NA	NA	NA	NA	
140	chr10:95427637-95427980	2	NA	-34	NA	NA	
141	chr10:95830474-95830952	1	-41	NA	-64	NA	
142	chr10:96029674-96030037	3	NA	NA	NA	NA	
143	chr10:96154478-96154992	2	NA	97	NA	NA	
144	chr10:110611191-110611553	2	NA	165	NA	NA	
145	chr10:112332896-112333218	1	168	NA	NA	NA	
146	chr10:115891133-115891479	3	NA	NA	NA	NA	
147	chr10:117263856-117264497	2	NA	-111	NA	NA	
148	chr10:117321428-117321929	1	-110	NA	NA	NA	
149	chr10:117410099-117410497	3	NA	NA	NA	NA	
150	chr10:117575442-117575881	1	-154	-134	NA	NA	
151	chr10:117884565-117884783	2	NA	-90	NA	NA	
152	chr10:120671804-120672247	1	-108	NA	NA	NA	
153	chr10:120858677-120859085	1	-37	21	NA	NA	
154	chr10:122130233-122130688	3	NA	NA	NA	NA	
155	chr10:127747868-127748330	1	-72	NA	NA	NA	
156	chr10:127907374-127908134	2	NA	77	NA	NA	
157	chr10:128066462-128066783	3	NA	NA	NA	NA	
158	chr10:129725560-129725899	1	145	NA	NA	NA	
159	chr11:3092396-3094357	1	-121	NA	NA	NA	
160	chr11:3101763-3102497	1	26	NA	NA	NA	
161	chr11:4103119-4103960	2	NA	NA	101	NA	
162	chr11:4239268-4239748	2	NA	63	35	NA	
163	chr11:5197621-5198078	1	78	NA	NA	NA	
164	chr11:5409594-5409986	1	187	-111	NA	NA	
165	chr11:5900115-5900492	2	NA	-52	NA	NA	
166	chr11:6174708-6175153	3	NA	NA	NA	NA	
167	chr11:6428516-6428976	1	-60	32	NA	NA	
168	chr11:11464084-11464725	2	NA	-62	-129	NA	
169	chr11:11611743-11612180	2	NA	-23	NA	NA	
170	chr11:11625531-11625930	1	-160	NA	NA	-33	
171	chr11:11736885-11737165	2	NA	-16	NA	NA	
172	chr11:19819391-19819677	1	173	NA	NA	NA	
173	chr11:20148669-20149226	2	NA	65	NA	NA	
174	chr11:21002733-21003107	1	-70	NA	NA	NA	
175	chr11:21120576-21121044	2	NA	-165	NA	NA	
176	chr11:22592546-22593184	1	-99	NA	NA	NA	
177	chr11:22745106-22745568	2	NA	83	NA	NA	
178	chr11:31848308-31848720	1	-150	NA	NA	NA	
179	chr11:33838736-33839367	3	NA	NA	NA	NA	
180	chr11:34011788-34012357	2	NA	86	NA	NA	
181	chr11:43228785-43229462	1	-186	NA	NA	NA	
182	chr11:45788270-45788601	1	-33	NA	NA	NA	
183	chr11:46232630-46233267	2	NA	-111	NA	NA	
184	chr11:49109971-49110339	2	NA	-62	NA	NA	
185	chr11:49977565-49978010	3	NA	NA	NA	NA	
186	chr11:51106323-51106687	1	-168	NA	NA	NA	
187	chr11:51531989-51532408	3	NA	NA	NA	NA	
188	chr11:52157435-52158171	1	164	NA	NA	NA	
189	chr11:53479528-53479985	1	-88	NA	NA	NA	
190	chr11:53500235-53500569	2	NA	-100	NA	NA	
191	chr11:53550551-53550992	1	-128	NA	NA	NA	
192	chr11:53983375-53984109	3	NA	NA	NA	NA	
193	chr11:54070041-54070494	1	-118	NA	NA	NA	
194	chr11:54083354-54083656	2	NA	41	NA	NA	
195	chr11:54710098-54710620	3	NA	NA	NA	NA	
196	chr11:57782845-57783141	3	NA	NA	NA	NA	
197	chr11:58754986-58755346	3	NA	NA	NA	NA	
198	chr11:59024268-59024629	3	NA	NA	NA	NA	
199	chr11:59055159-59055507	3	NA	NA	NA	NA	
200	chr11:59862524-59862951	1	-178	-91	NA	NA	
201	chr11:60234607-60235022	1	46	-179	NA	NA	
202	chr11:63724640-63725074	3	NA	NA	NA	NA	
203	chr11:63853957-63854328	2	NA	-86	NA	NA	
204	chr11:65610926-65611523	3	NA	NA	NA	NA	
205	chr11:66864888-66865311	2	NA	99	NA	NA	
206	chr11:68543038-68543359	1	-91	-52	NA	NA	
207	chr11:68882525-68883027	2	NA	-115	NA	NA	
208	chr11:69085917-69086153	1	33	NA	NA	NA	
209	chr11:69182477-69183043	1	-14	NA	NA	NA	
210	chr11:69807049-69807553	2	NA	-46	NA	NA	
211	chr11:70045053-70045344	1	32	84	NA	NA	
212	chr11:70682246-70682584	3	NA	NA	NA	NA	
213	chr11:72262539-72262863	1	-143	NA	NA	NA	
214	chr11:72911622-72912157	3	NA	NA	NA	NA	
215	chr11:72952733-72953182	2	NA	116	NA	NA	
216	chr11:75011603-75011877	2	NA	65	NA	NA	
217	chr11:75995906-75996406	2	NA	179	NA	NA	
218	chr11:76033675-76033981	1	126	NA	NA	NA	
219	chr11:76295303-76295629	1	-15	NA	NA	NA	
220	chr11:76623389-76623953	2	NA	-97	NA	NA	
221	chr11:77502082-77502469	1	-176	NA	NA	NA	
222	chr11:77780556-77781090	3	NA	NA	NA	NA	
223	chr11:78352283-78352922	1	20	NA	NA	NA	
224	chr11:78366799-78367178	3	NA	NA	NA	NA	
225	chr11:78646502-78646786	1	13	NA	NA	NA	
226	chr11:78663996-78664296	2	NA	-172	NA	NA	
227	chr11:79070622-79071154	1	-112	NA	NA	NA	
228	chr11:80198666-80199058	1	-34	NA	NA	NA	
229	chr11:83366262-83366765	2	NA	-17	NA	NA	
230	chr11:85270119-85270499	2	NA	123	NA	NA	
231	chr11:85894264-85894584	3	NA	NA	NA	NA	
232	chr11:86574167-86574727	1	-110	NA	NA	NA	
233	chr11:87567571-87568348	3	NA	NA	NA	NA	
234	chr11:87575390-87576303	3	NA	NA	NA	NA	
235	chr11:94816563-94817047	1	-32	-119	NA	NA	
236	chr11:96946914-96947304	1	58	-103	NA	NA	
237	chr11:96975163-96975481	3	NA	NA	NA	NA	
238	chr11:97348425-97348844	2	NA	-60	NA	NA	
239	chr11:97803568-97804008	3	NA	NA	NA	NA	
240	chr11:98285966-98286732	1	-33	NA	NA	NA	
241	chr11:98296167-98296557	2	NA	128	NA	NA	
242	chr11:98313406-98313856	2	NA	-101	NA	NA	
243	chr11:98412105-98412367	3	NA	NA	NA	NA	
244	chr11:98498266-98498684	2	NA	90	NA	NA	
245	chr11:98921143-98921467	1	129	NA	NA	NA	
246	chr11:101012423-101012756	1	-156	-25	NA	NA	
247	chr11:101247143-101247394	1	-144	NA	NA	NA	
248	chr11:102697212-102697473	3	NA	NA	NA	NA	
249	chr11:105882785-105883005	1	78	NA	NA	NA	
250	chr11:105900212-105900762	1	160	NA	NA	NA	
251	chr11:106504521-106505030	2	NA	NA	-35	NA	
252	chr11:106568293-106568749	2	NA	NA	-1	NA	
253	chr11:106940538-106940918	1	43	NA	NA	NA	
254	chr11:108192901-108193285	1	115	NA	NA	85	
255	chr11:108726958-108727390	2	NA	-26	NA	NA	
256	chr11:109236755-109237154	2	NA	92	NA	NA	
257	chr11:109249377-109249762	1	-105	NA	NA	NA	
258	chr11:110214842-110215269	2	NA	-93	NA	NA	
259	chr11:115456953-115458202	3	NA	NA	NA	NA	
260	chr11:115562839-115563191	3	NA	NA	NA	NA	
261	chr11:117415002-117415607	2	NA	140	NA	NA	
262	chr11:119292110-119292351	1	129	-49	NA	NA	
263	chr11:119419438-119419991	2	NA	106	NA	NA	
264	chr11:119965702-119966034	1	129	21	NA	NA	
265	chr12:4241488-4242117	2	NA	-161	NA	NA	
266	chr12:4943145-4943466	3	NA	NA	NA	NA	
267	chr12:16228035-16228444	2	NA	-123	NA	NA	
268	chr12:21697853-21698281	1	-143	NA	NA	NA	
269	chr12:25753617-25754126	2	NA	179	NA	NA	
270	chr12:25837724-25838245	3	NA	NA	NA	NA	
271	chr12:25949077-25949559	2	NA	89	NA	NA	
272	chr12:32884822-32885205	2	NA	-63	NA	NA	
273	chr12:32925058-32925314	3	NA	NA	NA	NA	
274	chr12:36665657-36666347	1	91	NA	NA	NA	
275	chr12:40547500-40548198	3	NA	NA	NA	NA	
276	chr12:40733530-40733808	3	NA	NA	NA	NA	
277	chr12:55109440-55109844	1	-22	NA	NA	NA	
278	chr12:55214837-55215371	3	NA	NA	NA	NA	
279	chr12:55234969-55235495	3	NA	NA	NA	NA	
280	chr12:70280053-70280319	1	-17	NA	NA	NA	
281	chr12:70456287-70456612	2	NA	-49	-148	NA	
282	chr12:70997239-70997844	2	NA	110	NA	NA	
283	chr12:74516885-74517592	2	NA	-130	96	NA	
284	chr12:74611074-74611629	1	-74	NA	NA	NA	
285	chr12:74639186-74639698	1	-16	NA	NA	NA	
286	chr12:74698107-74698533	1	-19	NA	NA	NA	
287	chr12:74761189-74761616	2	NA	-123	NA	NA	
288	chr12:77684133-77684546	1	39	NA	NA	NA	
289	chr12:80109789-80110026	1	175	NA	NA	NA	
290	chr12:85662623-85663101	1	24	NA	NA	NA	
291	chr12:85766632-85766986	1	115	NA	NA	NA	
292	chr12:86521383-86521910	3	NA	NA	NA	NA	
293	chr12:86595250-86595630	2	NA	-142	NA	NA	
294	chr12:87834218-87834687	3	NA	NA	NA	NA	
295	chr12:91674691-91674960	2	NA	-120	NA	NA	
296	chr12:98616582-98616985	2	NA	41	NA	NA	
297	chr12:98647897-98648401	1	-161	78	NA	115	
298	chr12:98670674-98671097	1	-181	-120	-75	NA	
299	chr12:100034762-100035150	2	NA	130	5	NA	
300	chr12:100600354-100600813	3	NA	NA	NA	NA	
301	chr12:101395141-101395745	1	-27	NA	NA	NA	
302	chr12:102217789-102218185	2	NA	153	-2	NA	
303	chr12:103075628-103076081	1	-46	NA	NA	NA	
304	chr12:103732353-103732935	1	-24	NA	NA	NA	
305	chr12:106712081-106712493	3	NA	NA	NA	NA	
306	chr12:108723814-108724205	2	NA	-41	NA	NA	
307	chr12:109205696-109206126	1	27	NA	NA	NA	
308	chr12:110945322-110945747	1	-152	NA	NA	NA	
309	chr12:111185646-111186034	3	NA	NA	NA	NA	
310	chr12:112186608-112186912	3	NA	NA	NA	NA	
311	chr12:113398081-113398391	2	NA	44	NA	NA	
312	chr12:113615789-113616319	1	-53	NA	NA	NA	
313	chr12:115438775-115439024	2	NA	NA	NA	35	
314	chr12:116696511-116697083	1	-128	114	NA	-165	
315	chr13:3372105-3372624	2	NA	-22	NA	106	
316	chr13:5714049-5714571	3	NA	NA	NA	NA	
317	chr13:5766956-5767561	2	NA	-50	NA	NA	
318	chr13:5844197-5844818	2	NA	73	NA	-110	
319	chr13:6403866-6404087	3	NA	NA	NA	NA	
320	chr13:9010870-9011179	3	NA	NA	NA	NA	
321	chr13:9011264-9011643	3	NA	NA	NA	NA	
322	chr13:10018519-10018804	2	NA	NA	-189	NA	
323	chr13:13351098-13351547	3	NA	NA	NA	NA	
324	chr13:19189837-19190208	1	111	-53	NA	NA	
325	chr13:20099601-20100160	1	-128	NA	NA	NA	
326	chr13:23562972-23563697	3	NA	NA	NA	NA	
327	chr13:23746825-23747618	1	-12	NA	NA	NA	
328	chr13:30266767-30267150	3	NA	NA	NA	NA	
329	chr13:30611451-30611988	1	1	NA	NA	NA	
330	chr13:30661945-30662278	2	NA	76	NA	NA	
331	chr13:30803503-30803929	2	NA	95	NA	NA	
332	chr13:34871836-34872338	2	NA	64	NA	NA	
333	chr13:36815402-36816135	3	NA	NA	NA	NA	
334	chr13:37545200-37545486	1	-144	-158	NA	NA	
335	chr13:37865229-37865498	3	NA	NA	NA	NA	
336	chr13:40934919-40935373	3	NA	NA	NA	NA	
337	chr13:42311528-42311896	1	9	NA	NA	NA	
338	chr13:43875462-43875860	1	84	NA	NA	NA	
339	chr13:44076538-44076962	1	132	NA	NA	NA	
340	chr13:46701706-46702127	1	141	NA	NA	NA	
341	chr13:48890578-48890833	3	NA	NA	NA	NA	
342	chr13:51827041-51827570	2	NA	-28	NA	NA	
343	chr13:51982491-51983203	2	NA	-117	NA	78	
344	chr13:52733836-52734229	3	NA	NA	NA	NA	
345	chr13:52819943-52820520	2	NA	NA	117	NA	
346	chr13:52995210-52995525	1	-88	NA	NA	NA	
347	chr13:53109015-53109374	2	NA	117	NA	NA	
348	chr13:55199384-55200232	1	-47	-96	NA	NA	
349	chr13:55545987-55546405	3	NA	NA	NA	NA	
350	chr13:55646116-55646550	1	188	NA	NA	-42	
351	chr13:56713244-56713854	2	NA	-130	NA	NA	
352	chr13:58397577-58397969	2	NA	-110	NA	NA	
353	chr13:62889868-62890205	3	NA	NA	NA	NA	
354	chr13:65293246-65293603	3	NA	NA	NA	NA	
355	chr13:67426245-67426879	2	NA	136	NA	NA	
356	chr13:75106106-75106567	3	NA	NA	NA	NA	
357	chr13:76175460-76175865	2	NA	117	NA	NA	
358	chr13:77902380-77902607	3	NA	NA	NA	NA	
359	chr13:85691865-85692121	2	NA	37	NA	NA	
360	chr13:94871913-94872457	1	-3	170	NA	NA	
361	chr13:95889505-95889858	1	152	NA	NA	NA	
362	chr13:97087825-97088327	1	-80	NA	NA	NA	
363	chr13:97488626-97489019	3	NA	NA	NA	NA	
364	chr13:97969480-97969845	3	NA	NA	NA	NA	
365	chr13:98291167-98291405	3	NA	NA	NA	NA	
366	chr13:99991106-99991370	2	NA	NA	-124	NA	
367	chr13:100510712-100511077	1	76	177	NA	NA	
368	chr13:100891005-100891268	2	NA	NA	45	NA	
369	chr13:101830987-101831422	1	-147	NA	NA	NA	
370	chr13:102648090-102648465	2	NA	-112	NA	NA	
371	chr13:102807907-102808277	2	NA	98	NA	NA	
372	chr13:102836916-102837171	1	165	NA	NA	NA	
373	chr13:108066901-108067423	1	175	NA	NA	NA	
374	chr13:114690382-114690897	2	NA	-138	NA	NA	
375	chr13:114700712-114701244	2	NA	116	-4	NA	
376	chr13:115309627-115310207	1	59	NA	NA	NA	
377	chr13:115966751-115967169	1	-22	NA	NA	NA	
378	chr13:116016719-116017109	2	NA	148	NA	NA	
379	chr14:9213000-9213307	2	NA	133	NA	NA	
380	chr14:12806656-12807019	1	77	NA	NA	NA	
381	chr14:17613774-17614252	3	NA	NA	NA	NA	
382	chr14:18071220-18071590	3	NA	NA	NA	NA	
383	chr14:18753307-18753704	3	NA	NA	NA	NA	
384	chr14:19574009-19574518	2	NA	-135	NA	NA	
385	chr14:19755892-19756225	1	112	NA	NA	NA	
386	chr14:19895196-19895575	3	NA	NA	NA	NA	
387	chr14:24350059-24350674	2	NA	-58	NA	NA	
388	chr14:29918837-29919284	1	-153	NA	NA	NA	
389	chr14:30196514-30196984	3	NA	NA	NA	NA	
390	chr14:39914235-39914634	1	-112	NA	NA	NA	
391	chr14:47344118-47344516	2	NA	96	NA	NA	
392	chr14:48984159-48984533	3	NA	NA	NA	NA	
393	chr14:50814352-50814670	1	-45	85	NA	NA	
394	chr14:51201250-51201575	1	188	NA	NA	NA	
395	chr14:52054359-52054635	1	150	NA	NA	NA	
396	chr14:53185234-53185940	2	NA	95	NA	NA	
397	chr14:53532582-53533050	2	NA	148	NA	NA	
398	chr14:54557750-54558356	1	-137	95	NA	NA	
399	chr14:55525930-55526242	1	-15	NA	NA	NA	
400	chr14:55732301-55732738	1	-185	NA	NA	NA	
401	chr14:58394782-58395151	3	NA	NA	NA	NA	
402	chr14:60615727-60616098	2	NA	-67	NA	NA	
403	chr14:61882005-61882552	2	NA	129	NA	NA	
404	chr14:64284612-64285027	3	NA	NA	NA	NA	
405	chr14:69855510-69855931	3	NA	NA	NA	NA	
406	chr14:71622906-71623261	2	NA	159	NA	NA	
407	chr14:73916978-73917380	3	NA	NA	NA	NA	
408	chr14:74054419-74054745	3	NA	NA	NA	NA	
409	chr14:74521117-74521500	3	NA	NA	NA	NA	
410	chr14:77483480-77483865	3	NA	NA	NA	NA	
411	chr14:85701348-85701695	3	NA	NA	NA	NA	
412	chr14:85972657-85973258	1	50	NA	NA	NA	
413	chr14:120613125-120613506	2	NA	NA	-30	NA	
414	chr14:121050797-121051149	1	-173	NA	130	NA	
415	chr14:121987715-121988111	3	NA	NA	NA	NA	
416	chr15:5055563-5056001	1	-59	NA	95	NA	
417	chr15:6448238-6448548	1	-73	NA	NA	NA	
418	chr15:8393059-8393393	3	NA	NA	NA	NA	
419	chr15:9606039-9606346	1	9	114	NA	NA	
420	chr15:25246488-25246941	1	169	NA	NA	NA	
421	chr15:25829660-25830165	2	NA	179	-154	NA	
422	chr15:36660778-36661112	3	NA	NA	NA	NA	
423	chr15:39184889-39185221	2	NA	134	NA	NA	
424	chr15:55377193-55377650	3	NA	NA	NA	NA	
425	chr15:58718840-58719209	3	NA	NA	NA	NA	
426	chr15:58840682-58841143	2	NA	-146	-86	NA	
427	chr15:61258515-61258779	1	100	NA	NA	NA	
428	chr15:62222590-62222926	1	63	NA	NA	NA	
429	chr15:62608603-62608995	1	56	NA	NA	NA	
430	chr15:62636563-62637041	1	164	NA	NA	NA	
431	chr15:62650869-62651223	3	NA	NA	NA	NA	
432	chr15:64041148-64041624	2	NA	-123	NA	NA	
433	chr15:64065238-64065582	1	-109	NA	NA	NA	
434	chr15:66337459-66338042	3	NA	NA	NA	NA	
435	chr15:66629617-66629902	3	NA	NA	NA	NA	
436	chr15:66648188-66648585	1	135	149	NA	NA	
437	chr15:66824166-66824523	2	NA	-91	NA	NA	
438	chr15:66958488-66959020	2	NA	78	NA	NA	
439	chr15:74913827-74914317	1	-188	NA	NA	NA	
440	chr15:77560638-77560987	2	NA	NA	-41	NA	
441	chr15:77714453-77714782	3	NA	NA	NA	NA	
442	chr15:77798210-77798722	2	NA	-61	NA	NA	
443	chr15:78322038-78322914	2	NA	56	NA	NA	
444	chr15:78750763-78751319	1	-22	114	NA	NA	
445	chr15:80030727-80030957	3	NA	NA	NA	NA	
446	chr15:81350172-81350708	3	NA	NA	NA	NA	
447	chr15:81788019-81788392	1	68	NA	NA	NA	
448	chr15:81843509-81843876	3	NA	NA	NA	NA	
449	chr15:81983540-81983879	3	NA	NA	NA	NA	
450	chr15:85005440-85005778	1	132	NA	NA	NA	
451	chr15:85217705-85218184	2	NA	95	NA	NA	
452	chr15:85284126-85284618	1	-98	NA	NA	NA	
453	chr15:89201066-89201460	1	-70	NA	NA	NA	
454	chr15:89303917-89304278	2	NA	-150	NA	NA	
455	chr15:97201124-97201819	2	NA	-23	NA	NA	
456	chr15:97491622-97492023	3	NA	NA	NA	NA	
457	chr15:97618181-97618515	2	NA	63	NA	NA	
458	chr15:98820407-98820848	3	NA	NA	NA	NA	
459	chr15:99079639-99080019	1	-142	NA	NA	NA	
460	chr15:101095762-101096136	1	187	NA	NA	NA	
461	chr15:102067205-102067551	1	-44	160	NA	NA	
462	chr16:4390349-4390607	1	166	NA	NA	NA	
463	chr16:4498946-4499508	1	-121	NA	NA	NA	
464	chr16:4593025-4593330	1	-131	56	NA	NA	
465	chr16:5308798-5309146	1	-17	NA	NA	NA	
466	chr16:10552712-10553301	2	NA	-13	NA	NA	
467	chr16:10586013-10586455	2	NA	-113	NA	NA	
468	chr16:10633677-10633905	1	-32	NA	NA	NA	
469	chr16:10688475-10688815	2	NA	-114	NA	NA	
470	chr16:10728374-10728841	2	NA	49	NA	NA	
471	chr16:11116805-11117140	1	61	NA	NA	NA	
472	chr16:11198466-11198784	3	NA	NA	NA	NA	
473	chr16:13585330-13585542	3	NA	NA	NA	NA	
474	chr16:16892395-16892646	3	NA	NA	NA	NA	
475	chr16:18373546-18373910	2	NA	82	NA	NA	
476	chr16:20105113-20105355	1	97	-6	NA	NA	
477	chr16:20524078-20524449	1	135	NA	NA	NA	
478	chr16:21585844-21586211	3	NA	NA	NA	NA	
479	chr16:22346940-22347502	3	NA	NA	NA	NA	
480	chr16:23189907-23190353	1	-96	NA	NA	NA	
481	chr16:32082918-32083486	2	NA	-100	NA	NA	
482	chr16:32732624-32733057	1	164	NA	NA	NA	
483	chr16:33263320-33263719	2	NA	96	NA	NA	
484	chr16:33607638-33608208	3	NA	NA	NA	NA	
485	chr16:38169679-38170144	1	-59	NA	NA	NA	
486	chr16:38298418-38298805	3	NA	NA	NA	NA	
487	chr16:43109593-43110032	2	NA	-80	NA	NA	
488	chr16:43609297-43610109	3	NA	NA	NA	NA	
489	chr16:44944604-44945007	2	NA	106	NA	NA	
490	chr16:49694174-49694579	2	NA	-150	NA	NA	
491	chr16:49710457-49710924	1	51	NA	NA	NA	
492	chr16:49718408-49718841	1	13	NA	NA	NA	
493	chr16:52001007-52001637	1	127	145	NA	NA	
494	chr16:52372320-52372602	3	NA	NA	NA	NA	
495	chr16:58612579-58612914	2	NA	-104	NA	NA	
496	chr16:59412065-59412537	1	156	NA	NA	NA	
497	chr16:64700799-64701116	2	NA	112	NA	NA	
498	chr16:75791762-75792021	1	54	NA	NA	NA	
499	chr16:75901790-75902105	3	NA	NA	NA	NA	
500	chr16:78119442-78119904	3	NA	NA	NA	NA	
501	chr16:78445673-78445980	1	168	NA	NA	NA	
502	chr16:87550864-87551174	3	NA	NA	NA	NA	
503	chr16:89724420-89724894	2	NA	136	NA	NA	
504	chr16:89737772-89738443	1	-89	140	NA	NA	
505	chr16:89861947-89862399	1	-122	NA	NA	NA	
506	chr16:89874814-89875263	2	NA	40	-124	NA	
507	chr16:90961855-90962337	1	120	NA	NA	NA	
508	chr16:91336861-91337417	2	NA	128	NA	NA	
509	chr16:91359207-91359677	1	-38	NA	NA	NA	
510	chr16:91379596-91380076	1	3	132	NA	NA	
511	chr16:91423370-91423633	1	-176	NA	NA	NA	
512	chr16:91546628-91547044	2	NA	-67	NA	NA	
513	chr16:92542697-92543246	1	-27	NA	NA	NA	
514	chr16:95858898-95859488	1	62	NA	NA	NA	
515	chr17:5081666-5082122	1	158	NA	-83	NA	
516	chr17:5758367-5758820	2	NA	-64	NA	NA	
517	chr17:7013555-7014034	2	NA	NA	49	NA	
518	chr17:8089879-8090306	1	26	NA	NA	NA	
519	chr17:12850526-12850914	1	126	NA	NA	NA	
520	chr17:13418873-13419170	1	174	NA	NA	NA	
521	chr17:14812142-14812521	1	171	NA	NA	NA	
522	chr17:17153270-17153692	2	NA	-104	NA	NA	
523	chr17:24911722-24912382	3	NA	NA	NA	NA	
524	chr17:25501217-25501548	1	-21	NA	NA	NA	
525	chr17:25571635-25571980	1	-153	-34	NA	NA	
526	chr17:28019032-28019334	3	NA	NA	NA	NA	
527	chr17:28340178-28340663	2	NA	-72	NA	NA	
528	chr17:29706924-29707429	2	NA	59	21	NA	
529	chr17:30952638-30953196	2	NA	86	NA	NA	
530	chr17:32052536-32052978	1	28	NA	NA	NA	
531	chr17:32771766-32771986	1	-116	NA	NA	NA	
532	chr17:33530791-33531344	2	NA	-143	NA	NA	
533	chr17:33588977-33589288	3	NA	NA	NA	NA	
534	chr17:33706710-33707176	2	NA	48	NA	NA	
535	chr17:34005683-34006132	1	125	NA	NA	NA	
536	chr17:34239030-34239403	2	NA	124	NA	NA	
537	chr17:35631616-35632188	3	NA	NA	NA	NA	
538	chr17:35839240-35839717	1	82	NA	-9	NA	
539	chr17:39450976-39456956	1	157	NA	NA	NA	
540	chr17:42730414-42730774	2	NA	-76	NA	NA	
541	chr17:43923163-43923617	1	120	NA	NA	NA	
542	chr17:44020156-44020590	1	-13	-107	NA	NA	
543	chr17:44075030-44075468	2	NA	NA	-134	NA	
544	chr17:44117532-44118057	1	50	NA	NA	NA	
545	chr17:46756397-46756844	1	51	NA	NA	NA	
546	chr17:47027893-47028171	1	122	NA	NA	NA	
547	chr17:50196855-50197131	1	-161	NA	NA	NA	
548	chr17:51627353-51627926	2	NA	152	NA	NA	
549	chr17:51813520-51813765	2	NA	80	NA	NA	
550	chr17:56745336-56745992	2	NA	149	NA	NA	
551	chr17:64647520-64647919	1	-55	122	NA	NA	
552	chr17:70878078-70878816	1	43	NA	NA	NA	
553	chr17:74584218-74584566	1	179	-18	NA	NA	
554	chr17:78146158-78146640	1	-178	83	NA	NA	
555	chr17:79204015-79204456	2	NA	-138	NA	NA	
556	chr17:79621308-79621689	1	-156	NA	NA	NA	
557	chr17:80409469-80409720	3	NA	NA	NA	NA	
558	chr17:83215274-83215731	3	NA	NA	NA	NA	
559	chr17:83220685-83221256	1	148	NA	NA	NA	
560	chr17:83563041-83563433	1	31	NA	NA	NA	
561	chr17:84024469-84025089	2	NA	44	NA	NA	
562	chr17:84241281-84241722	1	-106	NA	NA	NA	
563	chr17:86760942-86761441	3	NA	NA	NA	NA	
564	chr17:87445182-87445492	1	111	NA	NA	NA	
565	chr17:88387407-88387748	1	105	NA	NA	NA	
566	chr18:3005477-3006012	1	-76	NA	NA	NA	
567	chr18:4366633-4367132	2	NA	93	15	NA	
568	chr18:4546730-4547039	2	NA	NA	130	185	
569	chr18:5077681-5078067	2	NA	-114	NA	NA	
570	chr18:12056708-12057117	1	122	NA	NA	NA	
571	chr18:13092341-13092577	1	113	NA	NA	NA	
572	chr18:21099898-21100502	3	NA	NA	NA	NA	
573	chr18:24797343-24797772	1	-71	NA	NA	NA	
574	chr18:32210594-32210914	1	-149	NA	NA	NA	
575	chr18:34909336-34909734	1	108	NA	NA	NA	
576	chr18:36068131-36068618	1	76	NA	NA	NA	
577	chr18:38609127-38609798	1	123	NA	NA	NA	
578	chr18:39583750-39584102	1	50	NA	NA	NA	
579	chr18:39645468-39645915	1	153	NA	NA	NA	
580	chr18:40433993-40434359	3	NA	NA	NA	NA	
581	chr18:42400896-42401433	3	NA	NA	NA	NA	
582	chr18:44527714-44528148	3	NA	NA	NA	NA	
583	chr18:50149360-50149921	2	NA	-188	-5	NA	
584	chr18:55096313-55096620	2	NA	-90	-38	7	
585	chr18:56064775-56065007	2	NA	38	NA	NA	
586	chr18:64613935-64614359	3	NA	NA	NA	NA	
587	chr18:67405813-67406274	1	-67	128	NA	NA	
588	chr18:67813832-67814113	2	NA	58	NA	108	
589	chr18:67850310-67850776	3	NA	NA	NA	NA	
590	chr18:73658610-73659047	3	NA	NA	NA	NA	
591	chr18:74341319-74341628	3	NA	NA	NA	NA	
592	chr18:74393897-74394262	2	NA	115	NA	NA	
593	chr18:75502718-75503234	1	-183	153	NA	NA	
594	chr18:82322257-82322469	1	7	NA	-50	NA	
595	chr18:82355577-82355928	1	174	NA	NA	NA	
596	chr18:82638147-82638605	1	136	NA	NA	NA	
597	chr18:85832124-85832484	3	NA	NA	NA	NA	
598	chr18:89340106-89340947	3	NA	NA	NA	NA	
599	chr18:89367804-89368249	2	NA	138	NA	NA	
600	chr19:4119705-4120093	2	NA	36	NA	NA	
601	chr19:4878498-4879208	2	NA	-167	NA	NA	
602	chr19:5724350-5724819	2	NA	84	-148	NA	
603	chr19:7560849-7561173	2	NA	65	NA	NA	
604	chr19:11160738-11161058	1	57	NA	NA	NA	
605	chr19:11583716-11584360	2	NA	-171	NA	NA	
606	chr19:12093668-12094017	2	NA	140	NA	NA	
607	chr19:12863617-12864006	1	159	NA	NA	NA	
608	chr19:15991763-15992458	3	NA	NA	NA	NA	
609	chr19:25050991-25051422	3	NA	NA	NA	NA	
610	chr19:29519924-29520294	2	NA	-14	NA	NA	
611	chr19:29714187-29714595	3	NA	NA	NA	NA	
612	chr19:31276501-31276934	2	NA	-61	NA	NA	
613	chr19:32341525-32341966	1	-79	-119	NA	NA	
614	chr19:32935355-32935676	1	4	NA	NA	NA	
615	chr19:33147583-33147902	2	NA	-131	NA	NA	
616	chr19:33328465-33328695	2	NA	-120	NA	NA	
617	chr19:33432697-33433098	2	NA	-97	NA	NA	
618	chr19:34186119-34186574	3	NA	NA	NA	NA	
619	chr19:38452697-38452987	3	NA	NA	NA	NA	
620	chr19:40665468-40665791	1	110	NA	NA	NA	
621	chr19:41855119-41855426	1	70	NA	NA	NA	
622	chr19:43577619-43578161	3	NA	NA	NA	NA	
623	chr19:44337922-44338470	2	NA	118	NA	NA	
624	chr19:45117222-45117607	1	-110	NA	NA	NA	
625	chr19:45703234-45703513	3	NA	NA	NA	NA	
626	chr19:53238750-53239210	2	NA	-113	NA	NA	
627	chr19:53367349-53367835	1	81	NA	NA	NA	
628	chr19:53496438-53496881	1	-22	NA	NA	NA	
629	chr19:54100686-54101052	1	91	NA	NA	NA	
630	chr19:57170071-57170495	2	NA	7	NA	NA	
631	chr19:58166411-58166792	3	NA	NA	NA	NA	
632	chr19:58196938-58197365	2	NA	-82	NA	NA	
633	chr19:59455285-59455715	2	NA	89	NA	NA	
634	chr19:61254168-61254546	3	NA	NA	NA	NA	
635	chr2:6226650-6227107	3	NA	NA	NA	NA	
636	chr2:6637851-6638347	2	NA	41	NA	NA	
637	chr2:9482392-9482789	2	NA	61	NA	NA	
638	chr2:10232565-10232851	1	-29	NA	NA	NA	
639	chr2:11453301-11453565	1	1	NA	NA	NA	
640	chr2:11534670-11535209	2	NA	-78	NA	NA	
641	chr2:16282481-16282843	2	NA	67	-121	NA	
642	chr2:18442209-18442591	3	NA	NA	NA	NA	
643	chr2:22596403-22596847	3	NA	NA	NA	NA	
644	chr2:22657001-22657626	1	152	NA	165	NA	
645	chr2:25356133-25356487	2	NA	-62	NA	NA	
646	chr2:26575227-26575775	2	NA	145	NA	NA	
647	chr2:29494641-29495065	1	68	NA	NA	NA	
648	chr2:30185952-30186300	2	NA	NA	-57	NA	
649	chr2:30416683-30417261	1	-75	NA	NA	NA	
650	chr2:30937069-30937492	3	NA	NA	NA	NA	
651	chr2:32185288-32185822	2	NA	129	NA	NA	
652	chr2:32317078-32317770	1	134	NA	NA	NA	
653	chr2:32515995-32516476	1	-116	NA	NA	NA	
654	chr2:32734454-32734712	3	NA	NA	NA	NA	
655	chr2:34593654-34594313	1	-136	NA	NA	NA	
656	chr2:35270261-35270736	2	NA	116	NA	NA	
657	chr2:35803840-35804249	2	NA	137	NA	NA	
658	chr2:37593685-37594295	1	-26	NA	NA	NA	
659	chr2:38293619-38294347	2	NA	-93	NA	NA	
660	chr2:38358318-38358817	2	NA	-90	NA	NA	
661	chr2:57940336-57940580	3	NA	NA	NA	NA	
662	chr2:57969030-57969419	2	NA	-61	44	NA	
663	chr2:60218967-60219297	2	NA	44	NA	NA	
664	chr2:60575358-60575811	2	NA	-140	NA	NA	
665	chr2:60646153-60646614	1	167	NA	NA	NA	
666	chr2:65985646-65986102	2	NA	71	NA	NA	
667	chr2:68231232-68231745	3	NA	NA	NA	NA	
668	chr2:68271948-68272329	1	-117	171	NA	NA	
669	chr2:70462125-70462614	3	NA	NA	NA	NA	
670	chr2:70675846-70676579	1	-62	NA	NA	NA	
671	chr2:72083427-72084084	2	NA	92	NA	NA	
672	chr2:72293813-72294311	3	NA	NA	NA	NA	
673	chr2:72658478-72659037	2	NA	96	NA	NA	
674	chr2:72813502-72813826	3	NA	NA	NA	NA	
675	chr2:74505492-74505966	2	NA	-96	NA	NA	
676	chr2:75401432-75401748	3	NA	NA	NA	NA	
677	chr2:79766025-79766494	2	NA	81	NA	NA	
678	chr2:80262697-80263090	2	NA	-37	NA	72	
679	chr2:84580113-84580575	1	12	NA	NA	NA	
680	chr2:90365479-90365818	1	130	NA	NA	NA	
681	chr2:90888325-90888843	1	-118	NA	NA	NA	
682	chr2:92234752-92235155	3	NA	NA	NA	NA	
683	chr2:93225410-93226159	3	NA	NA	NA	NA	
684	chr2:93272075-93272460	2	NA	-148	NA	NA	
685	chr2:93974373-93974797	3	NA	NA	NA	NA	
686	chr2:102613412-102613877	2	NA	88	NA	NA	
687	chr2:102787232-102787663	2	NA	145	-116	NA	
688	chr2:103436378-103436999	2	NA	-78	NA	NA	
689	chr2:117034009-117034710	2	NA	-126	NA	NA	
690	chr2:118553263-118553568	1	58	NA	NA	NA	
691	chr2:118942123-118942867	1	131	-76	NA	NA	
692	chr2:118979807-118980367	1	-18	NA	NA	NA	
693	chr2:120349978-120350363	1	78	NA	NA	NA	
694	chr2:124396206-124396623	1	157	NA	NA	NA	
695	chr2:124423828-124424411	1	-111	NA	NA	NA	
696	chr2:125639523-125639893	2	NA	77	111	NA	
697	chr2:126159094-126159536	1	-173	NA	NA	NA	
698	chr2:126961444-126961730	3	NA	NA	NA	NA	
699	chr2:126995685-126995920	3	NA	NA	NA	NA	
700	chr2:127808773-127809386	2	NA	-112	NA	NA	
701	chr2:127895562-127895956	3	NA	NA	NA	NA	
702	chr2:128191076-128191793	1	132	117	NA	NA	
703	chr2:128236184-128236717	2	NA	27	NA	NA	
704	chr2:134335454-134335732	2	NA	-102	NA	NA	
705	chr2:139758063-139758493	1	-43	NA	NA	NA	
706	chr2:146107941-146108429	2	NA	185	NA	NA	
707	chr2:150730784-150731067	2	NA	-129	NA	NA	
708	chr2:151185543-151185803	1	-155	NA	NA	NA	
709	chr2:152917250-152917718	2	NA	91	NA	NA	
710	chr2:153217091-153217676	2	NA	-115	NA	NA	
711	chr2:154546815-154547167	2	NA	11	NA	NA	
712	chr2:155429504-155429828	3	NA	NA	NA	NA	
713	chr2:155870831-155871390	2	NA	-92	NA	NA	
714	chr2:157258664-157259181	1	-80	NA	NA	NA	
715	chr2:158100548-158101392	3	NA	NA	NA	NA	
716	chr2:162920521-162921035	2	NA	63	-48	NA	
717	chr2:165012758-165013345	1	-48	NA	NA	NA	
718	chr2:165345406-165345773	3	NA	NA	NA	NA	
719	chr2:165875557-165876099	1	115	NA	NA	NA	
720	chr2:166347692-166348443	2	NA	130	89	NA	
721	chr2:166445883-166446401	1	-127	NA	NA	NA	
722	chr2:167042374-167042830	2	NA	152	NA	NA	
723	chr2:167496957-167497419	2	NA	188	NA	NA	
724	chr2:167578875-167579518	2	NA	155	NA	NA	
725	chr2:168286941-168287213	3	NA	NA	NA	NA	
726	chr2:172872514-172872918	1	181	NA	NA	NA	
727	chr2:180186508-180187000	1	160	NA	NA	NA	
728	chr2:181846618-181847361	3	NA	NA	NA	NA	
729	chr2:181860012-181860742	3	NA	NA	NA	NA	
730	chr3:3000564-3001017	3	NA	NA	NA	NA	
731	chr3:8228243-8228516	3	NA	NA	NA	NA	
732	chr3:9785197-9785832	3	NA	NA	NA	NA	
733	chr3:9809200-9809555	2	NA	-95	NA	NA	
734	chr3:20415059-20415393	1	-44	-19	NA	NA	
735	chr3:22130792-22131135	2	NA	181	NA	NA	
736	chr3:22153365-22153986	2	NA	52	NA	NA	
737	chr3:27476166-27476587	2	NA	-137	NA	NA	
738	chr3:31289471-31289754	2	NA	-125	NA	NA	
739	chr3:36763563-36763895	3	NA	NA	NA	NA	
740	chr3:37045287-37045589	2	NA	5	NA	NA	
741	chr3:40841920-40842345	3	NA	NA	NA	NA	
742	chr3:41838911-41839237	1	-11	-163	NA	NA	
743	chr3:51761566-51762020	2	NA	69	NA	NA	
744	chr3:52285957-52286395	1	54	NA	NA	NA	
745	chr3:52546388-52547007	2	NA	-70	NA	NA	
746	chr3:52586702-52587101	1	171	NA	118	NA	
747	chr3:52667282-52667566	3	NA	NA	NA	NA	
748	chr3:52928136-52928587	1	-109	-94	NA	NA	
749	chr3:52966155-52966722	2	NA	-131	NA	185	
750	chr3:55167992-55168369	3	NA	NA	NA	NA	
751	chr3:59528527-59528812	2	NA	-53	NA	NA	
752	chr3:60560344-60560577	1	-132	NA	NA	NA	
753	chr3:60689595-60689965	2	NA	-84	NA	NA	
754	chr3:69293237-69293640	1	123	6	NA	NA	
755	chr3:84178890-84179259	2	NA	61	NA	NA	
756	chr3:84241489-84241899	1	-62	NA	NA	NA	
757	chr3:84438334-84438693	3	NA	NA	NA	NA	
758	chr3:84746834-84747300	1	159	NA	NA	NA	
759	chr3:84767455-84767919	2	NA	116	NA	NA	
760	chr3:84894818-84895199	2	NA	-87	NA	NA	
761	chr3:84934852-84935167	2	NA	76	NA	NA	
762	chr3:86228405-86228802	3	NA	NA	NA	NA	
763	chr3:86923096-86923514	1	102	-128	NA	NA	
764	chr3:87609683-87610100	2	NA	-25	NA	NA	
765	chr3:88227728-88228196	1	-23	NA	NA	NA	
766	chr3:89588549-89588912	1	162	NA	NA	NA	
767	chr3:89958143-89958746	3	NA	NA	NA	NA	
768	chr3:95397993-95398405	1	141	NA	NA	46	
769	chr3:95471039-95471495	1	47	NA	NA	NA	
770	chr3:96355146-96355583	1	157	NA	NA	NA	
771	chr3:96642317-96642809	3	NA	NA	NA	NA	
772	chr3:96665322-96666086	2	NA	-67	NA	NA	
773	chr3:96966961-96967458	2	NA	-131	NA	12	
774	chr3:97024174-97024386	1	49	NA	NA	NA	
775	chr3:101374410-101374693	1	124	NA	NA	NA	
776	chr3:103124696-103125021	3	NA	NA	NA	NA	
777	chr3:105756223-105756674	1	181	NA	NA	NA	
778	chr3:105896695-105897017	1	-101	NA	NA	NA	
779	chr3:105934660-105935011	3	NA	NA	NA	NA	
780	chr3:106916707-106917023	1	-41	NA	NA	NA	
781	chr3:107208808-107209219	1	-171	NA	NA	NA	
782	chr3:107824447-107824855	1	-128	NA	NA	NA	
783	chr3:109039677-109039990	1	134	NA	NA	NA	
784	chr3:109480223-109480668	3	NA	NA	NA	NA	
785	chr3:116499943-116500294	3	NA	NA	NA	NA	
786	chr3:116654542-116654805	3	NA	NA	NA	NA	
787	chr3:121193137-121193468	2	NA	-77	NA	NA	
788	chr3:121539773-121540258	1	-25	NA	NA	NA	
789	chr3:123500127-123500422	3	NA	NA	NA	NA	
790	chr3:126652503-126652987	3	NA	NA	NA	NA	
791	chr3:130799225-130799597	1	-73	NA	NA	NA	
792	chr3:131101415-131101881	1	-10	NA	NA	NA	
793	chr3:131197747-131198235	2	NA	NA	32	NA	
794	chr3:133326456-133326847	3	NA	NA	NA	NA	
795	chr3:135527856-135528279	2	NA	86	NA	NA	
796	chr3:135626308-135626595	2	NA	NA	82	NA	
797	chr3:135656568-135656987	1	-173	NA	NA	NA	
798	chr3:136680041-136680662	2	NA	-93	NA	NA	
799	chr3:138271631-138272030	2	NA	-0	NA	NA	
800	chr3:138680358-138680857	3	NA	NA	NA	NA	
801	chr3:146623834-146624248	3	NA	NA	NA	NA	
802	chr3:152863667-152864010	3	NA	NA	NA	NA	
803	chr4:3009087-3011606	2	NA	72	NA	NA	
804	chr4:3501760-3502149	1	-12	NA	NA	NA	
805	chr4:6796560-6796934	2	NA	-59	NA	NA	
806	chr4:6829152-6829550	2	NA	93	-169	NA	
807	chr4:8993506-8993871	2	NA	114	NA	NA	
808	chr4:11648343-11648777	2	NA	82	-104	NA	
809	chr4:15913411-15913816	1	33	NA	NA	NA	
810	chr4:32300551-32300909	1	73	NA	NA	NA	
811	chr4:32477834-32478142	1	0	NA	NA	NA	
812	chr4:32586600-32587076	1	169	NA	NA	NA	
813	chr4:32616471-32617160	3	NA	NA	NA	NA	
814	chr4:32620000-32620618	2	NA	150	NA	NA	
815	chr4:41027890-41028392	1	99	NA	NA	NA	
816	chr4:44093604-44093942	3	NA	NA	NA	NA	
817	chr4:44994644-44994945	3	NA	NA	NA	NA	
818	chr4:45318090-45318420	3	NA	NA	NA	NA	
819	chr4:46409733-46410341	3	NA	NA	NA	NA	
820	chr4:46463532-46463933	1	55	NA	NA	NA	
821	chr4:47340749-47341121	2	NA	99	NA	NA	
822	chr4:62148063-62148367	2	NA	-79	NA	NA	
823	chr4:62167663-62168040	3	NA	NA	NA	NA	
824	chr4:63126081-63126396	2	NA	-122	NA	NA	
825	chr4:69864321-69864688	3	NA	NA	NA	NA	
826	chr4:73722902-73723232	1	-10	NA	NA	NA	
827	chr4:82888656-82888975	1	-140	NA	NA	NA	
828	chr4:87481670-87482026	2	NA	101	NA	NA	
829	chr4:94686716-94687050	3	NA	NA	NA	NA	
830	chr4:99445763-99446241	2	NA	-124	NA	NA	
831	chr4:102016735-102017063	2	NA	65	NA	NA	
832	chr4:102209741-102210140	1	-53	NA	NA	NA	
833	chr4:106292227-106292692	1	-34	23	NA	NA	
834	chr4:107847766-107848453	2	NA	NA	-89	NA	
835	chr4:110953688-110954087	1	161	NA	NA	NA	
836	chr4:116680088-116680584	2	NA	60	NA	NA	
837	chr4:116975984-116976529	1	-78	109	NA	NA	
838	chr4:118580784-118581131	1	-46	-30	NA	NA	
839	chr4:120484087-120484611	2	NA	-30	NA	NA	
840	chr4:122331414-122331862	2	NA	104	35	NA	
841	chr4:122375204-122375734	2	NA	114	NA	NA	
842	chr4:122518752-122519102	3	NA	NA	NA	NA	
843	chr4:123074761-123075000	3	NA	NA	NA	NA	
844	chr4:124254739-124255207	1	25	-97	NA	NA	
845	chr4:124532197-124532525	3	NA	NA	NA	NA	
846	chr4:125605832-125606354	1	-2	-157	NA	NA	
847	chr4:128193974-128194370	1	-117	NA	NA	NA	
848	chr4:128551934-128552410	1	32	NA	NA	NA	
849	chr4:129296302-129296645	2	NA	-91	NA	NA	
850	chr4:133319771-133320201	1	123	NA	NA	NA	
851	chr4:133331165-133331587	2	NA	-90	NA	NA	
852	chr4:133378191-133378620	2	NA	-20	NA	NA	
853	chr4:134291195-134291666	2	NA	55	NA	NA	
854	chr4:134375873-134376315	1	97	NA	NA	NA	
855	chr4:134478190-134478714	2	NA	119	NA	NA	
856	chr4:135300699-135301175	2	NA	128	NA	NA	
857	chr4:135332244-135332453	2	NA	82	NA	NA	
858	chr4:136629658-136629973	1	-115	NA	NA	NA	
859	chr4:137576558-137577023	3	NA	NA	NA	NA	
860	chr4:140219696-140220223	1	42	-78	NA	NA	
861	chr4:140224473-140225042	2	NA	-117	NA	NA	
862	chr4:141399491-141399918	2	NA	-76	NA	NA	
863	chr4:144579172-144579534	3	NA	NA	NA	NA	
864	chr4:148313378-148313720	1	48	NA	NA	NA	
865	chr4:148617854-148618198	1	-187	NA	NA	NA	
866	chr4:149768069-149768570	1	-129	NA	NA	NA	
867	chr4:153994028-153994526	3	NA	NA	NA	NA	
868	chr4:154445369-154445755	1	-3	NA	NA	NA	
869	chr4:154852598-154853195	1	-65	NA	NA	NA	
870	chr4:154865937-154866517	2	NA	NA	100	NA	
871	chr5:3510418-3510904	2	NA	-105	NA	NA	
872	chr5:8845656-8846090	2	NA	-121	173	NA	
873	chr5:20765520-20765947	2	NA	37	NA	NA	
874	chr5:20922978-20923477	2	NA	-131	NA	NA	
875	chr5:23149170-23149629	2	NA	NA	-33	NA	
876	chr5:23297539-23297875	1	-168	NA	NA	NA	
877	chr5:23404167-23404563	1	177	NA	NA	NA	
878	chr5:24193104-24193528	3	NA	NA	NA	NA	
879	chr5:24758561-24758893	3	NA	NA	NA	NA	
880	chr5:28402485-28402987	1	-111	NA	NA	NA	
881	chr5:30066269-30066709	1	39	NA	NA	NA	
882	chr5:32009070-32009959	2	NA	-2	NA	NA	
883	chr5:32704000-32704465	1	-93	NA	NA	NA	
884	chr5:33652141-33652585	3	NA	NA	NA	NA	
885	chr5:37010514-37011030	2	NA	95	NA	NA	
886	chr5:38562201-38562642	3	NA	NA	NA	NA	
887	chr5:53665985-53666291	2	NA	-144	NA	NA	
888	chr5:53681802-53682329	3	NA	NA	NA	NA	
889	chr5:53795542-53795992	3	NA	NA	NA	NA	
890	chr5:53854455-53855652	1	-120	NA	NA	NA	
891	chr5:64767100-64767471	1	-74	NA	94	NA	
892	chr5:65407570-65408047	2	NA	127	NA	110	
893	chr5:65614449-65614864	2	NA	-157	NA	NA	
894	chr5:66180029-66180368	1	-82	NA	NA	NA	
895	chr5:66200550-66201079	2	NA	-102	NA	NA	
896	chr5:72913840-72914184	1	89	NA	110	NA	
897	chr5:76122116-76122495	1	178	NA	NA	NA	
898	chr5:77663309-77663561	3	NA	NA	NA	NA	
899	chr5:94208418-94208917	2	NA	97	-175	NA	
900	chr5:99740019-99740537	1	-71	NA	NA	NA	
901	chr5:100741576-100741974	2	NA	-90	NA	NA	
902	chr5:100758349-100758903	3	NA	NA	NA	NA	
903	chr5:100825421-100825804	1	138	NA	NA	NA	
904	chr5:105758510-105758971	1	-121	-76	-188	NA	
905	chr5:105925189-105925631	1	-93	NA	NA	NA	
906	chr5:107505174-107505662	2	NA	-145	NA	NA	
907	chr5:107535516-107535873	3	NA	NA	NA	NA	
908	chr5:107939104-107939579	2	NA	-85	NA	NA	
909	chr5:108305801-108306156	2	NA	NA	-147	NA	
910	chr5:110334653-110335081	3	NA	NA	NA	NA	
911	chr5:110375914-110376289	3	NA	NA	NA	NA	
912	chr5:110524874-110525268	3	NA	NA	NA	NA	
913	chr5:111079864-111080502	1	-51	NA	NA	NA	
914	chr5:112511532-112512106	1	-129	141	NA	NA	
915	chr5:113801321-113801774	1	-7	NA	NA	NA	
916	chr5:114091316-114091918	1	-116	94	NA	NA	
917	chr5:115820204-115820567	1	54	NA	NA	NA	
918	chr5:118297839-118298194	3	NA	NA	NA	NA	
919	chr5:123093643-123093963	2	NA	-93	NA	NA	
920	chr5:123209707-123210145	1	74	NA	NA	NA	
921	chr5:124311348-124311680	1	107	NA	NA	NA	
922	chr5:124335498-124336094	3	NA	NA	NA	NA	
923	chr5:125426894-125427257	2	NA	NA	-137	NA	
924	chr5:130131355-130131771	2	NA	101	NA	NA	
925	chr5:130488583-130489182	3	NA	NA	NA	NA	
926	chr5:135309612-135309873	2	NA	-190	NA	NA	
927	chr5:136749868-136750359	1	60	89	NA	NA	
928	chr5:137814765-137815136	1	-30	NA	NA	NA	
929	chr5:138002592-138002929	3	NA	NA	NA	NA	
930	chr5:138887412-138887690	2	NA	-24	NA	NA	
931	chr5:139635625-139636233	3	NA	NA	NA	NA	
932	chr5:141314693-141315197	1	-25	NA	NA	NA	
933	chr5:142692291-142692656	3	NA	NA	NA	NA	
934	chr5:143398094-143398457	2	NA	-66	NA	NA	
935	chr5:147386784-147387157	1	30	NA	NA	NA	
936	chr5:147469755-147470173	2	NA	80	NA	NA	
937	chr6:15743099-15743623	1	95	167	NA	NA	
938	chr6:17592679-17593191	1	-133	NA	NA	NA	
939	chr6:22299559-22299966	2	NA	75	NA	NA	
940	chr6:28940233-28940677	3	NA	NA	NA	NA	
941	chr6:34086246-34086634	2	NA	-115	NA	NA	
942	chr6:38272039-38272482	2	NA	-73	NA	NA	
943	chr6:39308844-39309312	3	NA	NA	NA	NA	
944	chr6:39738061-39738445	1	-29	NA	NA	NA	
945	chr6:41483727-41484335	2	NA	NA	139	NA	
946	chr6:47550959-47551238	2	NA	-87	NA	NA	
947	chr6:47707803-47708149	1	119	NA	NA	NA	
948	chr6:48013201-48013488	1	142	NA	NA	NA	
949	chr6:48597187-48597421	1	39	NA	NA	NA	
950	chr6:48609314-48609854	3	NA	NA	NA	NA	
951	chr6:48662407-48662932	1	160	-113	NA	NA	
952	chr6:48976158-48976491	1	19	NA	NA	NA	
953	chr6:50346489-50346976	1	62	NA	NA	NA	
954	chr6:51399400-51399841	1	159	NA	NA	NA	
955	chr6:51509906-51510220	1	-71	NA	NA	NA	
956	chr6:53451257-53451548	1	-13	148	NA	NA	
957	chr6:56809032-56809454	2	NA	38	NA	NA	
958	chr6:57464682-57465177	2	NA	95	NA	NA	
959	chr6:59114808-59115208	1	-1	NA	NA	-96	
960	chr6:59355663-59356091	1	-187	NA	NA	NA	
961	chr6:65494239-65494600	2	NA	147	NA	NA	
962	chr6:66966819-66967167	1	12	NA	NA	NA	
963	chr6:67462585-67463087	2	NA	131	NA	NA	
964	chr6:71892212-71892664	1	-8	NA	NA	NA	
965	chr6:72441846-72442312	1	89	NA	NA	NA	
966	chr6:72531230-72531651	1	-117	NA	NA	NA	
967	chr6:72922840-72923270	2	NA	82	NA	NA	
968	chr6:82887463-82887942	2	NA	72	NA	NA	
969	chr6:83043886-83044319	1	41	NA	NA	NA	
970	chr6:83414636-83415110	1	28	NA	NA	NA	
971	chr6:83535003-83535474	2	NA	NA	NA	113	
972	chr6:84622229-84622671	2	NA	NA	131	NA	
973	chr6:86564908-86565132	1	27	NA	NA	NA	
974	chr6:86813402-86813832	3	NA	NA	NA	NA	
975	chr6:87006604-87006996	1	-126	NA	NA	NA	
976	chr6:87507513-87508130	3	NA	NA	NA	NA	
977	chr6:91090361-91090848	2	NA	79	NA	NA	
978	chr6:94792242-94792505	3	NA	NA	NA	NA	
979	chr6:97488532-97488988	2	NA	-41	NA	NA	
980	chr6:98958120-98958586	3	NA	NA	NA	NA	
981	chr6:99238777-99239249	3	NA	NA	NA	NA	
982	chr6:108275786-108276055	1	111	NA	NA	NA	
983	chr6:108304198-108304682	3	NA	NA	NA	NA	
984	chr6:108572507-108573026	2	NA	-126	NA	NA	
985	chr6:108798772-108799216	2	NA	-100	NA	NA	
986	chr6:112827717-112828077	1	-121	NA	NA	NA	
987	chr6:113604004-113604439	3	NA	NA	NA	NA	
988	chr6:113614800-113615221	2	NA	131	NA	NA	
989	chr6:115466890-115467408	2	NA	84	NA	NA	
990	chr6:115493956-115494458	1	83	NA	NA	134	
991	chr6:122235841-122236061	1	148	NA	98	NA	
992	chr6:122707983-122708441	1	76	NA	NA	NA	
993	chr6:124649398-124649805	2	NA	72	NA	NA	
994	chr6:124715919-124716440	2	NA	153	NA	NA	
995	chr6:125230932-125231306	3	NA	NA	NA	NA	
996	chr6:125318731-125319296	1	-127	NA	NA	NA	
997	chr6:125391773-125392352	3	NA	NA	NA	NA	
998	chr6:126814568-126815066	2	NA	-74	NA	NA	
999	chr6:126961146-126961409	2	NA	-108	135	NA	
1000	chr6:129250110-129250446	1	-52	-108	NA	NA	
1001	chr6:129574019-129574548	1	63	NA	NA	NA	
1002	chr6:131229595-131229843	2	NA	-41	NA	NA	
1003	chr6:134606377-134606776	2	NA	-41	NA	NA	
1004	chr6:140560955-140561361	1	-67	-86	NA	NA	
1005	chr6:140582849-140583348	3	NA	NA	NA	NA	
1006	chr6:142346306-142346703	3	NA	NA	NA	NA	
1007	chr6:142529208-142529543	2	NA	122	NA	NA	
1008	chr6:142780283-142780647	2	NA	75	NA	NA	
1009	chr6:142816755-142817039	2	NA	-45	NA	NA	
1010	chr6:144627611-144628053	2	NA	-30	NA	NA	
1011	chr6:146391342-146391830	2	NA	56	NA	NA	
1012	chr6:146473079-146473488	2	NA	-120	NA	NA	
1013	chr6:148645223-148645473	3	NA	NA	NA	NA	
1014	chr6:149323648-149323944	3	NA	NA	NA	NA	
1015	chr7:11810301-11810786	1	-121	-91	NA	NA	
1016	chr7:15107677-15108139	1	-93	NA	NA	NA	
1017	chr7:15161589-15161988	3	NA	NA	NA	NA	
1018	chr7:18662092-18662406	3	NA	NA	NA	NA	
1019	chr7:27642114-27642525	2	NA	134	NA	NA	
1020	chr7:27877326-27877996	2	NA	-107	NA	NA	
1021	chr7:28091634-28092464	2	NA	NA	88	NA	
1022	chr7:28450239-28450766	1	11	NA	NA	NA	
1023	chr7:28843350-28843706	2	NA	129	NA	NA	
1024	chr7:29207797-29208254	1	-1	NA	NA	NA	
1025	chr7:29928525-29928832	1	186	NA	NA	NA	
1026	chr7:30082326-30082698	1	-93	-60	NA	NA	
1027	chr7:30128844-30129310	3	NA	NA	NA	NA	
1028	chr7:30198982-30199376	2	NA	127	4	NA	
1029	chr7:35451047-35451426	2	NA	NA	43	NA	
1030	chr7:43787968-43788413	2	NA	-63	NA	NA	
1031	chr7:45003403-45003903	2	NA	116	NA	NA	
1032	chr7:45378318-45378843	2	NA	-63	NA	NA	
1033	chr7:45441953-45442368	3	NA	NA	NA	NA	
1034	chr7:45460043-45460585	1	87	NA	NA	NA	
1035	chr7:45734550-45734958	3	NA	NA	NA	NA	
1036	chr7:46876216-46876604	1	-148	138	NA	NA	
1037	chr7:46899561-46899847	3	NA	NA	NA	NA	
1038	chr7:51624260-51624619	1	-69	NA	NA	NA	
1039	chr7:58593852-58594197	3	NA	NA	NA	NA	
1040	chr7:66112070-66112593	2	NA	58	NA	NA	
1041	chr7:68145220-68145728	1	44	NA	NA	NA	
1042	chr7:72149008-72149348	3	NA	NA	NA	NA	
1043	chr7:72181713-72182034	1	168	NA	NA	NA	
1044	chr7:73411272-73411588	1	-13	NA	NA	NA	
1045	chr7:75328649-75329080	3	NA	NA	NA	NA	
1046	chr7:75446347-75446613	1	-2	118	NA	NA	
1047	chr7:80051754-80052133	1	-137	NA	NA	NA	
1048	chr7:80077150-80077567	2	NA	79	NA	NA	
1049	chr7:80248901-80249521	1	-60	NA	NA	NA	
1050	chr7:82524533-82524837	1	-131	NA	NA	NA	
1051	chr7:89047003-89047422	2	NA	18	NA	NA	
1052	chr7:89882367-89882920	2	NA	29	NA	NA	
1053	chr7:90220062-90220608	2	NA	-160	NA	NA	
1054	chr7:98438048-98438649	1	161	58	NA	NA	
1055	chr7:98456985-98457329	3	NA	NA	NA	NA	
1056	chr7:99302778-99303185	3	NA	NA	NA	NA	
1057	chr7:101175965-101176413	3	NA	NA	NA	NA	
1058	chr7:110223451-110223772	1	98	-74	NA	NA	
1059	chr7:113304835-113305187	3	NA	NA	NA	NA	
1060	chr7:113952237-113952820	1	18	NA	NA	NA	
1061	chr7:114004714-114005149	2	NA	-48	NA	NA	
1062	chr7:114270993-114271452	2	NA	67	NA	NA	
1063	chr7:115285722-115286218	2	NA	-83	NA	NA	
1064	chr7:116275262-116275762	3	NA	NA	NA	NA	
1065	chr7:125263252-125263840	2	NA	-138	63	NA	
1066	chr7:125303055-125303441	2	NA	87	NA	NA	
1067	chr7:127023709-127024169	2	NA	-128	NA	NA	
1068	chr7:127710384-127710858	2	NA	88	NA	NA	
1069	chr7:132240873-132241462	3	NA	NA	NA	NA	
1070	chr7:132494918-132495332	1	9	NA	NA	NA	
1071	chr7:140058067-140058724	1	134	-155	-97	NA	
1072	chr7:140225632-140226252	3	NA	NA	NA	NA	
1073	chr7:140833107-140833535	1	-74	NA	NA	NA	
1074	chr7:142163244-142163653	1	-150	NA	NA	NA	
1075	chr7:143437956-143438430	3	NA	NA	NA	NA	
1076	chr7:145052516-145052883	1	-25	NA	NA	NA	
1077	chr8:4324991-4325303	3	NA	NA	NA	NA	
1078	chr8:13213356-13213663	3	NA	NA	NA	NA	
1079	chr8:13601166-13601681	3	NA	NA	NA	NA	
1080	chr8:15014125-15014724	1	17	NA	NA	NA	
1081	chr8:15019115-15019584	3	NA	NA	NA	NA	
1082	chr8:18863797-18864092	2	NA	NA	36	NA	
1083	chr8:23526020-23526512	1	27	NA	NA	NA	
1084	chr8:26535887-26536316	1	26	NA	NA	NA	
1085	chr8:27119388-27119892	3	NA	NA	NA	NA	
1086	chr8:28602879-28603428	2	NA	-93	NA	NA	
1087	chr8:35187966-35188318	1	18	NA	NA	NA	
1088	chr8:36204709-36205287	3	NA	NA	NA	NA	
1089	chr8:37065495-37065902	1	-42	123	NA	NA	
1090	chr8:37102353-37102806	3	NA	NA	NA	NA	
1091	chr8:37662601-37663047	1	-55	NA	NA	NA	
1092	chr8:48358130-48358511	2	NA	-158	NA	NA	
1093	chr8:72925094-72925498	3	NA	NA	NA	NA	
1094	chr8:73478780-73479254	3	NA	NA	NA	NA	
1095	chr8:73602273-73603239	1	-2	-50	NA	NA	
1096	chr8:75168524-75168822	1	89	NA	NA	NA	
1097	chr8:75350359-75350717	3	NA	NA	NA	NA	
1098	chr8:77978341-77978848	1	35	NA	NA	NA	
1099	chr8:82574970-82575481	1	-63	NA	NA	NA	
1100	chr8:84661562-84662188	1	-73	152	NA	NA	
1101	chr8:86862619-86863100	3	NA	NA	NA	NA	
1102	chr8:87593385-87593987	3	NA	NA	NA	NA	
1103	chr8:89728888-89729422	3	NA	NA	NA	NA	
1104	chr8:107332007-107332318	1	-84	NA	NA	NA	
1105	chr8:108155775-108156348	1	31	NA	-44	NA	
1106	chr8:108455994-108456351	1	-105	NA	NA	NA	
1107	chr8:108519005-108519355	1	-151	NA	NA	NA	
1108	chr8:108716238-108716518	3	NA	NA	NA	NA	
1109	chr8:109512214-109512641	3	NA	NA	NA	NA	
1110	chr8:113826060-113826355	1	61	NA	NA	NA	
1111	chr8:114452979-114453417	1	105	-92	NA	NA	
1112	chr8:114482348-114482971	2	NA	-104	NA	NA	
1113	chr8:114863051-114863391	3	NA	NA	NA	NA	
1114	chr8:118064364-118064755	1	118	NA	NA	NA	
1115	chr8:119438162-119438631	1	-150	NA	NA	NA	
1116	chr8:119476586-119476919	2	NA	41	NA	NA	
1117	chr8:119939207-119939484	3	NA	NA	NA	NA	
1118	chr8:124488868-124489237	2	NA	-154	NA	NA	
1119	chr8:124734386-124734933	2	NA	-92	NA	NA	
1120	chr8:124794397-124794933	1	-13	NA	NA	NA	
1121	chr8:125168734-125169252	2	NA	68	NA	NA	
1122	chr8:125169804-125171206	1	-125	NA	NA	NA	
1123	chr8:126731253-126731521	1	124	NA	NA	NA	
1124	chr8:127161735-127162246	2	NA	171	NA	NA	
1125	chr8:127608022-127608721	2	NA	147	NA	NA	
1126	chr8:127953625-127954083	2	NA	-6	NA	NA	
1127	chr8:128535582-128536005	2	NA	-168	116	NA	
1128	chr8:129753766-129754349	2	NA	99	NA	NA	
1129	chr9:14626546-14626759	1	-142	NA	NA	NA	
1130	chr9:14779456-14779784	2	NA	37	NA	NA	
1131	chr9:20402238-20402641	1	-15	NA	NA	NA	
1132	chr9:21015366-21015759	1	-183	117	NA	NA	
1133	chr9:22401187-22401481	2	NA	-145	NA	NA	
1134	chr9:24292377-24292778	3	NA	NA	NA	NA	
1135	chr9:32252983-32253424	1	94	NA	NA	NA	
1136	chr9:32271564-32272035	1	-35	NA	NA	NA	
1137	chr9:32287355-32288171	3	NA	NA	NA	NA	
1138	chr9:32490639-32490966	2	NA	65	NA	NA	
1139	chr9:32660305-32660837	2	NA	76	-13	NA	
1140	chr9:32760860-32761139	2	NA	-59	NA	NA	
1141	chr9:32810419-32810978	2	NA	-119	NA	NA	
1142	chr9:36516696-36517060	2	NA	-7	NA	NA	
1143	chr9:39943330-39943690	2	NA	-62	NA	NA	
1144	chr9:39957028-39957420	2	NA	57	NA	25	
1145	chr9:40200400-40200978	2	NA	NA	-148	NA	
1146	chr9:40869065-40869552	2	NA	112	NA	NA	
1147	chr9:43763229-43764082	3	NA	NA	NA	NA	
1148	chr9:43827771-43828147	1	117	NA	NA	NA	
1149	chr9:44129928-44130545	3	NA	NA	NA	NA	
1150	chr9:44288599-44289418	1	-166	NA	NA	NA	
1151	chr9:45900325-45900788	3	NA	NA	NA	NA	
1152	chr9:48807346-48807729	3	NA	NA	NA	NA	
1153	chr9:55591095-55591531	1	-177	NA	NA	NA	
1154	chr9:56322429-56322670	2	NA	100	NA	NA	
1155	chr9:57138598-57138842	3	NA	NA	NA	NA	
1156	chr9:57441815-57442252	1	-135	NA	NA	NA	
1157	chr9:58381548-58381978	2	NA	117	NA	NA	
1158	chr9:59089091-59089572	1	-12	NA	NA	NA	
1159	chr9:60796944-60797583	1	-55	NA	NA	NA	
1160	chr9:61175845-61176090	2	NA	158	NA	NA	
1161	chr9:61467771-61468263	1	182	NA	NA	NA	
1162	chr9:61505796-61506341	3	NA	NA	NA	NA	
1163	chr9:62775157-62775508	2	NA	-79	NA	NA	
1164	chr9:63080099-63080382	2	NA	55	NA	NA	
1165	chr9:63400496-63400828	3	NA	NA	NA	NA	
1166	chr9:63518700-63519274	1	-104	-135	NA	NA	
1167	chr9:63536352-63536743	1	-164	NA	NA	NA	
1168	chr9:65348618-65349073	1	114	NA	NA	NA	
1169	chr9:68833418-68834278	1	8	NA	NA	NA	
1170	chr9:70890560-70891071	1	106	NA	NA	NA	
1171	chr9:71896585-71897043	1	121	NA	NA	NA	
1172	chr9:75195902-75196526	1	-72	NA	NA	NA	
1173	chr9:78233596-78234106	3	NA	NA	NA	NA	
1174	chr9:85210659-85210955	1	-44	NA	NA	NA	
1175	chr9:88177971-88178281	1	20	NA	NA	160	
1176	chr9:95121103-95121558	3	NA	NA	NA	NA	
1177	chr9:104064399-104064647	1	-97	NA	NA	NA	
1178	chr9:107136607-107137126	2	NA	101	NA	NA	
1179	chr9:107153716-107154245	2	NA	-78	NA	NA	
1180	chr9:107844477-107844835	3	NA	NA	NA	NA	
1181	chr9:108916581-108917005	1	77	NA	NA	NA	
1182	chr9:109776587-109776930	3	NA	NA	NA	NA	
1183	chr9:110126395-110126714	1	188	NA	NA	NA	
1184	chr9:110530369-110530796	3	NA	NA	NA	NA	
1185	chr9:113708058-113708492	2	NA	-44	NA	NA	
1186	chr9:114270429-114270924	2	NA	50	NA	NA	
1187	chr9:114289284-114289701	2	NA	-100	NA	NA	
1188	chr9:114300435-114300683	2	NA	111	NA	NA	
1189	chr9:114320460-114321086	2	NA	70	NA	NA	
1190	chr9:119592674-119593058	1	-93	NA	NA	NA	
1191	chr9:119879069-119879555	3	NA	NA	NA	NA	
1192	chr9:119939824-119940325	2	NA	106	NA	NA	
1193	chr9:119940336-119940889	2	NA	-75	NA	NA	
1194	chr9:120006879-120007228	1	37	NA	NA	NA	
1195	chr9:120425751-120426192	1	68	NA	NA	NA	
1196	chr9:122037291-122037774	1	145	NA	NA	NA	
1197	chr9:123605483-123605833	2	NA	-122	NA	NA	
1198	chr9:123656449-123656782	2	NA	-73	NA	NA	
1199	chr9:123781852-123782576	2	NA	15	NA	NA	
1200	chr9:123973156-123973551	3	NA	NA	NA	NA	
1201	chrM:1732-4019	3	NA	NA	NA	NA	
1202	chrX:18323204-18323478	1	-127	107	NA	NA	
1203	chrX:32791198-32791607	1	37	NA	-77	NA	
1204	chrX:38588106-38588644	2	NA	-94	NA	NA	
1205	chrX:44683701-44684159	1	165	NA	NA	NA	
1206	chrX:67739843-67740234	2	NA	53	NA	NA	
1207	chrX:81826953-81827365	1	-67	-107	NA	NA	
1208	chrX:83491001-83491214	3	NA	NA	NA	NA	
1209	chrX:97969687-97970038	2	NA	-83	NA	NA	
1210	chrX:98234469-98234869	1	159	NA	NA	NA	
1211	chrX:102907368-102907652	2	NA	178	NA	NA	
1212	chrX:108487751-108488205	1	79	NA	NA	NA	
1213	chrX:129987494-129987799	1	-26	NA	NA	NA	
1214	chrX:137635863-137636262	1	-59	108	NA	NA	
1215	chrX:138729297-138729511	3	NA	NA	NA	NA	
1216	chrX:152603348-152603658	3	NA	NA	NA	NA	
1217	chrX:161573860-161574199	3	NA	NA	NA	NA	
