1	chr1:16290188-16290445	2	NA	NA	NA	NA	NA	
2	chr1:20897734-20898050	1	-141	NA	NA	NA	NA	
3	chr1:21289792-21290083	1	164	270	NA	NA	NA	
4	chr1:21948704-21949012	1	130	NA	NA	NA	NA	
5	chr1:34379407-34379627	1	175	NA	-83	NA	NA	
6	chr1:36188107-36188400	1	-151	279	NA	NA	NA	
7	chr1:36491385-36491727	1	190	NA	NA	NA	NA	
8	chr1:36667651-36667920	2	NA	NA	NA	NA	NA	
9	chr1:36681779-36682120	1	-223	NA	NA	NA	NA	
10	chr1:36704910-36705371	3	NA	-352	-444	NA	NA	
11	chr1:36864909-36865136	1	-122	64	NA	NA	NA	
12	chr1:38828365-38828708	1	-307	NA	NA	NA	NA	
13	chr1:40420211-40420577	1	-170	NA	NA	NA	NA	
14	chr1:43185882-43186177	3	NA	-17	NA	NA	NA	
15	chr1:43427288-43427510	1	139	NA	NA	NA	NA	
16	chr1:43480853-43481188	1	-137	NA	NA	NA	NA	
17	chr1:43506925-43507246	3	NA	170	NA	NA	NA	
18	chr1:44046047-44046288	1	-70	NA	NA	NA	NA	
19	chr1:51538382-51538780	3	NA	-270	NA	NA	NA	
20	chr1:54605078-54605507	3	NA	-230	NA	NA	NA	
21	chr1:58714597-58714834	1	-118	NA	NA	NA	NA	
22	chr1:60721586-60721907	1	-130	301	NA	NA	NA	
23	chr1:60929678-60929920	1	89	NA	NA	NA	NA	
24	chr1:60934734-60935132	1	-233	NA	NA	NA	NA	
25	chr1:61046967-61047198	1	48	-160	NA	NA	NA	
26	chr1:62809908-62810159	1	-186	165	NA	NA	NA	
27	chr1:64420697-64420937	2	NA	NA	NA	NA	NA	
28	chr1:69614251-69614452	1	-109	NA	NA	NA	NA	
29	chr1:74195687-74196165	1	319	346	NA	NA	NA	
30	chr1:80092891-80093248	1	-344	-150	NA	NA	NA	
31	chr1:80241653-80241837	1	112	NA	NA	NA	NA	
32	chr1:87517764-87518061	1	141	NA	NA	NA	NA	
33	chr1:87625288-87625651	1	178	NA	NA	NA	NA	
34	chr1:87727993-87728215	3	NA	83	NA	NA	NA	
35	chr1:87793433-87793759	1	-137	NA	NA	NA	NA	
36	chr1:87879498-87879763	1	130	NA	NA	-52	NA	
37	chr1:88225541-88225795	1	115	NA	NA	NA	NA	
38	chr1:89438767-89439161	1	-293	-251	NA	NA	NA	
39	chr1:89730829-89731159	1	-157	NA	NA	NA	NA	
40	chr1:90306634-90306909	3	NA	-202	NA	NA	NA	
41	chr1:90418852-90419050	1	184	NA	NA	NA	NA	
42	chr1:90540211-90540493	1	143	NA	NA	NA	NA	
43	chr1:93899903-93900114	1	99	NA	NA	NA	NA	
44	chr1:95865612-95866057	1	-305	406	NA	NA	NA	
45	chr1:97485985-97486300	1	132	-143	NA	NA	NA	
46	chr1:108586203-108586549	1	-252	NA	152	NA	NA	
47	chr1:120138679-120139125	1	-412	NA	334	NA	NA	
48	chr1:121304419-121304676	1	111	75	NA	NA	NA	
49	chr1:124184595-124184846	2	NA	NA	NA	NA	NA	
50	chr1:128645331-128645654	1	178	NA	NA	NA	NA	
51	chr1:130442404-130442658	1	127	NA	NA	NA	NA	
52	chr1:132545061-132545345	2	NA	NA	NA	NA	NA	
53	chr1:132907426-132907769	1	259	NA	NA	NA	NA	
54	chr1:133032032-133032393	1	-87	168	NA	NA	NA	
55	chr1:133838303-133838556	1	-128	NA	NA	NA	NA	
56	chr1:134693125-134693426	1	-154	-99	NA	NA	NA	
57	chr1:135505963-135506272	1	232	NA	NA	NA	NA	
58	chr1:135881933-135882172	1	132	35	NA	NA	NA	
59	chr1:135909200-135909513	1	160	NA	NA	NA	NA	
60	chr1:135914363-135914574	4	NA	NA	89	NA	NA	
61	chr1:136947449-136947787	1	-209	192	144	NA	NA	
62	chr1:138395941-138396078	1	-92	-13	NA	NA	NA	
63	chr1:138501757-138502051	1	67	NA	NA	NA	NA	
64	chr1:139952854-139953154	1	-213	NA	NA	NA	NA	
65	chr1:139991387-139991803	1	-166	-3	NA	NA	NA	
66	chr1:140792349-140792568	1	119	173	NA	NA	NA	
67	chr1:145768717-145769149	1	-11	NA	-30	NA	NA	
68	chr1:146019260-146019510	1	-240	NA	NA	NA	NA	
69	chr1:153106148-153106499	1	332	NA	NA	NA	NA	
70	chr1:153445146-153445414	1	-227	170	NA	NA	NA	
71	chr1:153846874-153847272	1	245	-176	89	NA	NA	
72	chr1:154819656-154819968	1	117	NA	NA	NA	NA	
73	chr1:154847496-154847908	1	234	NA	NA	NA	NA	
74	chr1:157798341-157798709	1	158	NA	NA	NA	NA	
75	chr1:158554953-158555175	1	7	NA	NA	NA	NA	
76	chr1:161890301-161890550	1	167	NA	59	NA	NA	
77	chr1:163507645-163508118	1	19	104	NA	NA	NA	
78	chr1:166770526-166770750	1	128	-163	NA	NA	NA	
79	chr1:167681643-167681959	1	137	NA	-23	NA	NA	
80	chr1:173521714-173521965	1	-132	NA	NA	NA	NA	
81	chr1:173776081-173776457	1	204	NA	NA	NA	NA	
82	chr1:174081186-174081478	1	-242	NA	NA	NA	NA	
83	chr1:174114077-174114424	1	-168	35	NA	NA	NA	
84	chr1:174142943-174143223	1	159	-68	NA	NA	NA	
85	chr1:174350648-174350972	1	-141	106	NA	NA	NA	
86	chr1:182196084-182196262	1	96	NA	NA	NA	NA	
87	chr1:182687415-182687822	1	-216	NA	-245	NA	NA	
88	chr1:184119382-184119714	1	314	NA	NA	NA	NA	
89	chr1:185688927-185689261	1	-148	-102	NA	77	NA	
90	chr1:192803357-192803649	1	-120	NA	NA	NA	NA	
91	chr1:196942212-196942646	2	NA	NA	NA	NA	NA	
92	chr10:3167622-3167824	1	87	NA	-39	NA	NA	
93	chr10:7352510-7352889	2	NA	NA	NA	NA	NA	
94	chr10:13683754-13684078	1	-121	80	NA	NA	NA	
95	chr10:13688995-13689419	1	228	-252	NA	NA	NA	
96	chr10:17239688-17240006	2	NA	NA	NA	NA	NA	
97	chr10:17418204-17418442	1	-96	49	NA	NA	NA	
98	chr10:17831738-17831960	3	NA	-90	NA	NA	NA	
99	chr10:18751686-18752252	1	-544	457	NA	NA	NA	
100	chr10:18875788-18876103	1	-291	NA	NA	NA	NA	
101	chr10:19193839-19194280	1	-103	NA	NA	NA	NA	
102	chr10:19628709-19629036	1	125	-176	NA	NA	NA	
103	chr10:24617605-24617805	1	-123	-20	NA	NA	NA	
104	chr10:25949314-25949661	1	-193	114	NA	NA	NA	
105	chr10:26014623-26015080	1	-230	NA	NA	NA	NA	
106	chr10:26468270-26468630	1	-110	NA	NA	NA	NA	
107	chr10:33726066-33726302	1	177	NA	NA	NA	NA	
108	chr10:39680494-39680867	1	-167	NA	NA	NA	NA	
109	chr10:41625532-41626044	1	46	NA	NA	NA	NA	
110	chr10:41719480-41719740	1	91	NA	NA	NA	NA	
111	chr10:41745786-41746109	1	-95	116	NA	NA	NA	
112	chr10:43685633-43686042	1	216	NA	NA	NA	NA	
113	chr10:44510007-44510364	1	140	NA	NA	-207	NA	
114	chr10:44715396-44715654	1	-142	NA	NA	NA	NA	
115	chr10:53284827-53284998	1	-92	NA	NA	NA	NA	
116	chr10:61734836-61735043	1	-131	NA	NA	NA	NA	
117	chr10:61901066-61901452	1	289	NA	NA	NA	NA	
118	chr10:66348780-66349030	2	NA	NA	NA	NA	NA	
119	chr10:67635011-67635207	1	112	NA	NA	NA	NA	
120	chr10:69528623-69528887	1	-142	NA	NA	NA	NA	
121	chr10:70794703-70794893	1	-101	NA	NA	NA	NA	
122	chr10:74745119-74745470	1	195	NA	NA	NA	NA	
123	chr10:74745684-74746019	2	NA	NA	NA	NA	NA	
124	chr10:74878284-74878563	1	176	NA	247	NA	NA	
125	chr10:74975531-74975723	1	-122	NA	NA	-105	NA	
126	chr10:75395188-75395571	1	-273	NA	NA	NA	NA	
127	chr10:75986823-75987037	3	NA	-84	NA	NA	NA	
128	chr10:76981625-76981885	3	NA	66	NA	NA	NA	
129	chr10:79183944-79184234	1	-126	NA	NA	NA	NA	
130	chr10:79386820-79387048	1	92	NA	NA	NA	NA	
131	chr10:79629913-79630299	1	-266	NA	NA	NA	NA	
132	chr10:79836847-79837356	1	280	NA	NA	NA	NA	
133	chr10:80201547-80201984	1	299	NA	381	NA	NA	
134	chr10:80509253-80509527	1	-56	NA	NA	NA	NA	
135	chr10:80539276-80539736	1	-4	-367	NA	NA	NA	
136	chr10:80694595-80694991	1	-178	290	NA	NA	NA	
137	chr10:80913374-80913869	1	195	161	NA	NA	NA	
138	chr10:82434247-82434607	1	-153	NA	252	NA	NA	
139	chr10:82510360-82510571	1	163	NA	NA	NA	NA	
140	chr10:84816522-84816865	1	-208	NA	NA	NA	NA	
141	chr10:92500449-92500703	1	-163	NA	NA	NA	NA	
142	chr10:92554131-92554563	1	338	-153	NA	NA	NA	
143	chr10:92592408-92592665	1	-162	NA	NA	NA	NA	
144	chr10:92765743-92766027	1	140	NA	NA	NA	NA	
145	chr10:94258336-94258527	1	-91	NA	NA	NA	NA	
146	chr10:94451037-94451221	1	107	NA	NA	NA	NA	
147	chr10:94496404-94496827	1	-89	NA	NA	NA	NA	
148	chr10:95309956-95310186	2	NA	NA	NA	NA	NA	
149	chr10:95703443-95703815	3	NA	-246	NA	NA	NA	
150	chr10:95830542-95830857	1	-148	NA	NA	NA	NA	
151	chr10:95945634-95945857	1	102	-119	NA	NA	NA	
152	chr10:96154492-96154886	1	239	-308	NA	NA	NA	
153	chr10:96590519-96590879	1	-186	-156	NA	NA	NA	
154	chr10:98228914-98229112	1	-102	NA	NA	NA	NA	
155	chr10:98624347-98624650	1	-188	NA	NA	NA	NA	
156	chr10:111406654-111406914	3	NA	-227	NA	NA	NA	
157	chr10:117187706-117187926	2	NA	NA	NA	NA	NA	
158	chr10:117246770-117247084	1	-189	-56	NA	NA	NA	
159	chr10:117264010-117264326	1	-178	-78	NA	NA	NA	
160	chr10:117321490-117321947	1	210	NA	NA	NA	NA	
161	chr10:117355969-117356274	3	NA	-101	NA	62	NA	
162	chr10:117378441-117378727	1	0	NA	NA	NA	NA	
163	chr10:117410170-117410493	1	42	NA	203	NA	NA	
164	chr10:117575603-117575837	1	-93	NA	NA	NA	NA	
165	chr10:117822138-117822345	1	-129	NA	25	NA	NA	
166	chr10:117843676-117844163	2	NA	NA	NA	NA	NA	
167	chr10:118002264-118002504	1	-226	NA	NA	NA	NA	
168	chr10:120671761-120672136	1	-235	NA	NA	NA	NA	
169	chr10:122130310-122130625	1	99	NA	NA	NA	NA	
170	chr10:122203048-122203307	1	83	NA	NA	NA	NA	
171	chr10:127726680-127726874	3	NA	-36	NA	NA	NA	
172	chr10:127747939-127748170	1	-164	NA	118	NA	NA	
173	chr10:127907521-127907998	1	209	302	NA	NA	NA	
174	chr10:129725646-129725931	1	-208	131	NA	NA	NA	
175	chr11:3101975-3102226	1	-70	NA	NA	NA	NA	
176	chr11:5195779-5196039	1	-147	NA	NA	NA	NA	
177	chr11:5311633-5311895	2	NA	NA	NA	NA	NA	
178	chr11:5900037-5900457	1	-219	NA	-9	281	NA	
179	chr11:6428531-6428764	1	146	NA	NA	NA	NA	
180	chr11:6468048-6468491	1	-87	NA	NA	NA	NA	
181	chr11:6601359-6601664	2	NA	NA	NA	NA	NA	
182	chr11:11464166-11464561	1	-201	NA	NA	NA	269	
183	chr11:11611731-11612125	1	-154	-141	NA	NA	NA	
184	chr11:11626259-11626601	1	-159	21	NA	NA	NA	
185	chr11:17111364-17111653	2	NA	NA	NA	NA	NA	
186	chr11:20148762-20149071	1	149	170	NA	NA	NA	
187	chr11:22745167-22745440	1	21	NA	NA	NA	NA	
188	chr11:22765723-22765948	1	-52	NA	NA	NA	NA	
189	chr11:23746425-23746702	1	-118	-137	NA	NA	NA	
190	chr11:31571917-31572210	1	281	NA	NA	NA	NA	
191	chr11:31849413-31849678	1	-166	NA	NA	NA	NA	
192	chr11:32100185-32100388	1	117	NA	NA	165	NA	
193	chr11:33838889-33839211	1	-303	NA	NA	NA	NA	
194	chr11:33910279-33910603	3	NA	197	NA	NA	NA	
195	chr11:34626422-34626822	3	NA	241	NA	NA	NA	
196	chr11:43274138-43274343	2	NA	NA	NA	NA	NA	
197	chr11:43336138-43336378	1	-116	NA	NA	NA	NA	
198	chr11:44313069-44313359	1	226	NA	NA	NA	NA	
199	chr11:46187216-46187500	1	-173	-198	NA	NA	NA	
200	chr11:46191820-46192115	1	107	-159	NA	NA	NA	
201	chr11:46204511-46204796	1	129	NA	NA	NA	NA	
202	chr11:46220841-46221031	2	NA	NA	NA	NA	NA	
203	chr11:46232794-46233155	1	-166	-114	NA	NA	233	
204	chr11:46264420-46264824	1	243	NA	NA	NA	NA	
205	chr11:49829682-49829986	1	-254	NA	NA	NA	NA	
206	chr11:49868115-49868392	1	-100	NA	NA	NA	NA	
207	chr11:49977555-49977928	1	-275	NA	NA	NA	NA	
208	chr11:52111663-52111868	1	118	NA	NA	-181	NA	
209	chr11:52127839-52128073	2	NA	NA	NA	NA	NA	
210	chr11:52157402-52158076	1	556	NA	NA	NA	NA	
211	chr11:53173722-53174048	1	181	NA	NA	NA	NA	
212	chr11:53460729-53460963	1	-103	NA	NA	NA	NA	
213	chr11:53461663-53462075	1	219	NA	-38	NA	NA	
214	chr11:53479519-53479928	1	199	NA	NA	NA	NA	
215	chr11:53498601-53498952	1	-71	-249	NA	NA	NA	
216	chr11:53506344-53506628	1	105	154	NA	NA	NA	
217	chr11:54083257-54083602	1	188	NA	NA	NA	NA	
218	chr11:54645646-54645939	3	NA	-85	NA	NA	NA	
219	chr11:54710088-54710512	1	-219	NA	NA	NA	NA	
220	chr11:54951008-54951167	2	NA	NA	NA	NA	NA	
221	chr11:57480942-57481281	1	59	NA	NA	NA	NA	
222	chr11:58005856-58006126	1	199	NA	NA	NA	NA	
223	chr11:58027220-58027500	1	-144	NA	NA	NA	NA	
224	chr11:59024332-59024583	1	-6	NA	NA	NA	NA	
225	chr11:60046698-60046996	1	-147	NA	NA	NA	NA	
226	chr11:60234761-60235045	1	-133	2	NA	NA	NA	
227	chr11:61083289-61083616	1	-144	NA	NA	NA	NA	
228	chr11:63724643-63724998	2	NA	NA	NA	NA	NA	
229	chr11:63856152-63856376	1	-156	NA	NA	NA	NA	
230	chr11:65611046-65611332	2	NA	NA	NA	NA	NA	
231	chr11:67379449-67379773	1	-169	-293	NA	NA	NA	
232	chr11:68251612-68251981	1	206	NA	NA	NA	NA	
233	chr11:68252509-68252813	1	-45	NA	NA	NA	NA	
234	chr11:68889612-68889777	2	NA	NA	NA	NA	NA	
235	chr11:69182596-69183037	1	-261	NA	-314	NA	NA	
236	chr11:69227961-69228371	1	-209	NA	NA	NA	NA	
237	chr11:69487513-69487775	2	NA	NA	NA	NA	NA	
238	chr11:69654686-69654953	2	NA	NA	NA	NA	NA	
239	chr11:69710663-69710984	2	NA	NA	NA	NA	NA	
240	chr11:69845951-69846268	1	168	NA	NA	NA	NA	
241	chr11:71839781-71840062	1	192	NA	NA	NA	NA	
242	chr11:72863772-72864113	1	187	NA	NA	NA	NA	
243	chr11:72952847-72953133	1	125	NA	-258	NA	NA	
244	chr11:75011515-75011845	1	189	NA	NA	NA	NA	
245	chr11:75355017-75355271	3	NA	197	NA	NA	NA	
246	chr11:75494954-75495205	1	121	NA	NA	NA	NA	
247	chr11:75772949-75773235	2	NA	NA	NA	NA	NA	
248	chr11:76295300-76295630	1	158	NA	NA	NA	NA	
249	chr11:77299688-77299994	2	NA	NA	NA	NA	NA	
250	chr11:78352323-78352835	3	NA	51	NA	NA	NA	
251	chr11:78514050-78514331	1	70	NA	NA	NA	NA	
252	chr11:78596290-78596554	1	-100	NA	NA	NA	NA	
253	chr11:78646461-78646754	3	NA	99	NA	NA	NA	
254	chr11:79070731-79071085	2	NA	NA	NA	NA	NA	
255	chr11:79970034-79970266	1	105	-9	NA	NA	NA	
256	chr11:80198724-80199154	1	-192	NA	NA	NA	NA	
257	chr11:81996103-81996304	1	112	NA	41	NA	NA	
258	chr11:82030606-82030987	1	184	NA	NA	NA	NA	
259	chr11:83366288-83366591	1	-143	172	NA	NA	NA	
260	chr11:85270102-85270485	1	229	NA	NA	NA	NA	
261	chr11:85894328-85894558	1	-109	NA	NA	NA	NA	
262	chr11:86073684-86073908	1	91	NA	NA	NA	NA	
263	chr11:86574168-86574528	1	255	NA	NA	NA	NA	
264	chr11:87567797-87568240	3	NA	148	NA	-176	NA	
265	chr11:87575821-87576257	1	-209	NA	NA	NA	NA	
266	chr11:87961836-87962081	1	-109	NA	-149	NA	NA	
267	chr11:94407903-94408201	2	NA	NA	NA	NA	NA	
268	chr11:94816694-94816996	1	-131	-62	NA	-271	NA	
269	chr11:95172724-95173178	1	-102	NA	NA	NA	NA	
270	chr11:95505165-95505368	1	130	NA	NA	NA	NA	
271	chr11:96728744-96729234	3	NA	169	NA	430	NA	
272	chr11:96919783-96920408	1	-471	NA	NA	NA	NA	
273	chr11:96946939-96947255	1	-174	NA	NA	NA	NA	
274	chr11:96957049-96957270	1	165	59	NA	NA	NA	
275	chr11:97348491-97348732	1	-104	NA	NA	NA	NA	
276	chr11:97481084-97481359	3	NA	142	NA	NA	NA	
277	chr11:97842357-97842635	1	159	NA	NA	NA	NA	
278	chr11:98171904-98172190	1	174	-195	NA	NA	NA	
279	chr11:98286286-98286689	1	-167	NA	NA	288	NA	
280	chr11:98313427-98313746	1	-206	-92	NA	NA	NA	
281	chr11:98326157-98326615	1	-44	227	NA	NA	NA	
282	chr11:98779431-98779660	1	-93	NA	NA	NA	NA	
283	chr11:98921104-98921469	1	-253	233	NA	NA	NA	
284	chr11:99054643-99054923	1	-14	194	NA	NA	NA	
285	chr11:100898237-100898570	3	NA	146	NA	NA	-167	
286	chr11:101477836-101478094	1	128	NA	NA	NA	NA	
287	chr11:102038083-102038404	1	-174	NA	NA	NA	NA	
288	chr11:102697188-102697515	2	NA	NA	NA	NA	NA	
289	chr11:104366796-104367097	1	-216	NA	NA	NA	NA	
290	chr11:104446234-104446721	3	NA	-409	NA	NA	NA	
291	chr11:104477152-104477495	1	-289	NA	NA	NA	NA	
292	chr11:105762695-105762945	1	-168	-153	NA	NA	NA	
293	chr11:106388270-106388492	1	49	NA	NA	NA	NA	
294	chr11:106403953-106404177	1	-132	NA	NA	NA	NA	
295	chr11:106568358-106568652	1	-63	NA	NA	NA	NA	
296	chr11:106578523-106578744	2	NA	NA	NA	NA	NA	
297	chr11:106595357-106595664	1	-92	NA	NA	NA	NA	
298	chr11:106940598-106940847	2	NA	NA	NA	NA	NA	
299	chr11:107233452-107233737	1	209	-85	NA	NA	NA	
300	chr11:108726874-108727466	1	-315	NA	-177	NA	NA	
301	chr11:108827654-108828191	2	NA	NA	NA	NA	NA	
302	chr11:109236777-109237083	1	168	NA	NA	NA	NA	
303	chr11:109249436-109249657	1	168	NA	NA	NA	NA	
304	chr11:110214860-110215237	1	-189	-318	NA	NA	NA	
305	chr11:115457097-115457476	1	-182	226	NA	NA	NA	
306	chr11:116598941-116599152	1	153	NA	NA	NA	NA	
307	chr11:117058909-117059203	1	113	NA	NA	NA	NA	
308	chr11:117415092-117415452	1	251	NA	NA	NA	NA	
309	chr11:117694510-117694769	1	106	-55	NA	NA	NA	
310	chr11:118564836-118565026	1	111	NA	NA	NA	NA	
311	chr11:119292127-119292302	3	NA	135	NA	-154	NA	
312	chr11:119487120-119487377	1	148	-32	NA	NA	NA	
313	chr12:3109870-3110182	2	NA	NA	NA	NA	NA	
314	chr12:3982443-3982606	1	78	NA	NA	NA	NA	
315	chr12:9055648-9056114	1	-120	NA	NA	NA	NA	
316	chr12:15830541-15830775	1	101	NA	-6	NA	NA	
317	chr12:16613982-16614243	1	-122	NA	NA	NA	NA	
318	chr12:21472327-21472561	3	NA	167	NA	NA	NA	
319	chr12:21697895-21698185	1	108	68	NA	NA	NA	
320	chr12:25182562-25182831	1	-120	NA	NA	NA	NA	
321	chr12:25753830-25754086	1	119	171	NA	NA	NA	
322	chr12:25815020-25815381	1	274	NA	NA	NA	NA	
323	chr12:25837836-25838147	1	166	NA	NA	NA	NA	
324	chr12:25949147-25949473	1	159	-4	NA	NA	NA	
325	chr12:26041911-26042165	1	-231	-102	NA	NA	NA	
326	chr12:26987959-26988280	1	-162	-195	NA	NA	NA	
327	chr12:33745924-33746112	1	120	NA	NA	NA	NA	
328	chr12:40547496-40547792	1	-102	NA	NA	NA	NA	
329	chr12:55235186-55235459	1	-106	-192	85	NA	NA	
330	chr12:55488389-55488659	2	NA	NA	NA	NA	NA	
331	chr12:55490212-55490521	1	200	NA	182	160	NA	
332	chr12:55959101-55959428	1	171	NA	NA	NA	NA	
333	chr12:56391321-56391554	1	-94	NA	NA	NA	NA	
334	chr12:56753932-56754281	1	223	NA	NA	NA	NA	
335	chr12:59984619-59984883	1	105	-6	NA	NA	NA	
336	chr12:65983891-65984221	2	NA	NA	NA	NA	NA	
337	chr12:70456261-70456567	1	-138	NA	NA	NA	NA	
338	chr12:70997393-70997611	1	157	NA	NA	NA	NA	
339	chr12:71150875-71151115	1	-130	149	NA	NA	NA	
340	chr12:74410205-74410477	3	NA	-195	NA	NA	NA	
341	chr12:74517101-74517399	1	-168	NA	115	NA	NA	
342	chr12:74611141-74611551	1	236	NA	NA	NA	NA	
343	chr12:74736331-74736512	1	-104	NA	NA	NA	NA	
344	chr12:74761196-74761527	3	NA	39	NA	NA	NA	
345	chr12:77684222-77684589	2	NA	NA	NA	NA	NA	
346	chr12:77822657-77822994	2	NA	NA	NA	NA	NA	
347	chr12:78032393-78032653	1	-110	NA	NA	NA	NA	
348	chr12:79667871-79668099	2	NA	NA	NA	NA	NA	
349	chr12:79925534-79925829	1	-66	-119	NA	NA	NA	
350	chr12:80348689-80348880	1	94	NA	NA	-116	NA	
351	chr12:81713895-81714155	1	95	-112	NA	-47	NA	
352	chr12:85110832-85111227	2	NA	NA	NA	NA	NA	
353	chr12:85662640-85663046	1	-273	NA	NA	NA	NA	
354	chr12:86333706-86333998	1	-134	NA	NA	NA	NA	
355	chr12:86361254-86361632	1	-177	NA	NA	NA	NA	
356	chr12:86521540-86521790	2	NA	NA	NA	NA	NA	
357	chr12:87834283-87834489	1	-98	NA	NA	NA	NA	
358	chr12:98616495-98616879	1	228	NA	NA	NA	NA	
359	chr12:98647926-98648264	2	NA	NA	NA	NA	NA	
360	chr12:98670712-98671081	1	-194	-250	-109	146	NA	
361	chr12:101395161-101395535	3	NA	-205	NA	NA	NA	
362	chr12:102298174-102298342	1	-60	-139	NA	NA	NA	
363	chr12:102709420-102709767	1	-138	NA	NA	NA	NA	
364	chr12:103006768-103007003	1	-80	NA	NA	-171	NA	
365	chr12:103732305-103732873	1	-302	NA	NA	NA	NA	
366	chr12:106435277-106435768	1	-444	NA	NA	NA	NA	
367	chr12:106712045-106712386	1	-178	285	NA	NA	NA	
368	chr12:107345779-107346060	1	112	-64	NA	NA	NA	
369	chr12:107950258-107950631	1	-146	NA	NA	NA	NA	
370	chr12:108900202-108900518	1	238	NA	NA	NA	NA	
371	chr12:110945322-110945645	1	-136	NA	NA	NA	NA	
372	chr12:111185610-111186057	1	258	NA	NA	NA	NA	
373	chr12:112007748-112008003	2	NA	NA	NA	NA	NA	
374	chr12:113092057-113092366	1	85	-66	NA	NA	NA	
375	chr12:113302755-113303156	1	-274	NA	NA	NA	NA	
376	chr12:113398002-113398295	1	177	-77	NA	NA	NA	
377	chr12:113615704-113616245	3	NA	-299	NA	NA	-520	
378	chr12:115438744-115439045	1	-83	-145	NA	NA	NA	
379	chr12:116696622-116696930	1	188	-199	NA	NA	NA	
380	chr12:118811376-118811713	1	258	NA	-95	NA	NA	
381	chr13:5844296-5844623	1	183	NA	NA	NA	NA	
382	chr13:8456156-8456389	1	-122	214	NA	NA	NA	
383	chr13:9010951-9011156	1	117	NA	NA	NA	NA	
384	chr13:10065887-10066167	1	-151	NA	NA	NA	NA	
385	chr13:13351091-13351530	1	-239	NA	-326	NA	NA	
386	chr13:13356733-13356970	3	NA	139	NA	NA	178	
387	chr13:13401706-13402062	1	-123	NA	NA	NA	NA	
388	chr13:19189842-19190140	1	-242	194	NA	NA	25	
389	chr13:23768863-23769252	2	NA	NA	NA	NA	NA	
390	chr13:24623259-24623717	1	-230	NA	NA	NA	NA	
391	chr13:30173662-30174064	1	153	NA	NA	NA	NA	
392	chr13:34871938-34872217	1	112	NA	NA	NA	NA	
393	chr13:35139306-35139589	1	-147	-122	NA	NA	NA	
394	chr13:37545138-37545567	3	NA	-245	NA	NA	NA	
395	chr13:40934860-40935366	1	-249	NA	NA	NA	NA	
396	chr13:41498179-41498478	3	NA	200	NA	NA	118	
397	chr13:42059886-42060187	1	223	NA	NA	NA	NA	
398	chr13:43279937-43280209	1	23	-47	NA	NA	NA	
399	chr13:44076645-44077008	1	-137	NA	NA	NA	NA	
400	chr13:45167317-45167686	1	-234	NA	NA	NA	NA	
401	chr13:45466275-45466592	1	-106	NA	NA	NA	NA	
402	chr13:46701866-46702108	3	NA	94	NA	NA	NA	
403	chr13:49319030-49319448	1	-177	122	NA	NA	NA	
404	chr13:51748185-51748436	1	-157	NA	NA	NA	NA	
405	chr13:51780029-51780449	3	NA	-132	NA	NA	NA	
406	chr13:51821144-51821477	1	-178	-122	NA	NA	NA	
407	chr13:51827187-51827499	1	-47	NA	NA	NA	NA	
408	chr13:51982587-51983014	1	-278	171	NA	NA	NA	
409	chr13:52733964-52734202	2	NA	NA	NA	NA	NA	
410	chr13:52813169-52813377	2	NA	NA	NA	NA	NA	
411	chr13:52820042-52820379	1	-127	NA	NA	NA	NA	
412	chr13:52995166-52995468	1	-166	-185	NA	NA	NA	
413	chr13:55199491-55199697	1	195	NA	NA	NA	NA	
414	chr13:55646182-55646448	1	-125	9	NA	NA	NA	
415	chr13:56516686-56517145	1	-292	NA	-73	NA	NA	
416	chr13:56713316-56713728	1	-264	NA	308	NA	NA	
417	chr13:58397693-58397869	1	-91	NA	NA	NA	NA	
418	chr13:60748133-60748348	1	110	NA	NA	NA	NA	
419	chr13:62889779-62890190	1	-235	-317	NA	NA	NA	
420	chr13:63440829-63441090	1	166	-190	NA	NA	NA	
421	chr13:75235840-75236070	1	81	NA	NA	NA	NA	
422	chr13:77902371-77902644	2	NA	NA	NA	NA	NA	
423	chr13:82271350-82271572	1	-132	NA	NA	NA	NA	
424	chr13:94872014-94872415	1	240	-70	NA	NA	NA	
425	chr13:96693752-96693969	1	-147	112	NA	NA	NA	
426	chr13:97074958-97075100	1	-66	-104	NA	NA	NA	
427	chr13:97088007-97088268	1	93	NA	137	NA	NA	
428	chr13:97488627-97488917	3	NA	274	NA	NA	NA	
429	chr13:98291160-98291381	2	NA	NA	NA	NA	NA	
430	chr13:98862319-98862699	1	304	NA	-196	NA	NA	
431	chr13:100246670-100246821	1	95	NA	NA	NA	NA	
432	chr13:102806698-102807061	1	-171	NA	NA	NA	NA	
433	chr13:102807926-102808277	1	163	183	NA	NA	NA	
434	chr13:102836826-102837162	1	-221	285	NA	NA	NA	
435	chr13:105406422-105406645	1	-138	NA	83	NA	NA	
436	chr13:111023418-111023760	2	NA	NA	NA	NA	NA	
437	chr13:112917345-112917706	1	-145	-199	NA	NA	NA	
438	chr13:112924515-112924918	1	-26	NA	NA	148	NA	
439	chr13:114700847-114701203	1	146	-158	NA	NA	NA	
440	chr13:114915292-114915725	1	-91	NA	NA	NA	NA	
441	chr13:115309808-115310019	1	-68	NA	NA	NA	NA	
442	chr13:115966760-115967099	1	244	NA	NA	NA	NA	
443	chr13:116016793-116017100	1	168	NA	NA	NA	NA	
444	chr13:118330785-118331178	1	-54	NA	NA	NA	NA	
445	chr14:12806655-12806891	1	-87	NA	NA	NA	NA	
446	chr14:19561477-19561698	1	-144	NA	NA	117	NA	
447	chr14:19573962-19574438	1	-337	NA	NA	NA	NA	
448	chr14:33331594-33331765	1	-136	NA	NA	NA	NA	
449	chr14:47344067-47344399	1	93	NA	NA	NA	NA	
450	chr14:51201278-51201540	2	NA	NA	NA	NA	NA	
451	chr14:53185315-53185812	1	266	-100	NA	NA	NA	
452	chr14:53418038-53418334	1	205	NA	5	NA	NA	
453	chr14:53448569-53448760	1	117	NA	NA	NA	NA	
454	chr14:54557894-54558269	1	153	NA	NA	NA	NA	
455	chr14:55238503-55239005	1	-171	NA	NA	NA	NA	
456	chr14:61753009-61753299	1	-151	NA	NA	NA	NA	
457	chr14:64055151-64055419	1	144	NA	NA	-30	NA	
458	chr14:64284621-64284927	1	-127	NA	NA	NA	NA	
459	chr14:65143477-65143778	1	102	NA	NA	NA	NA	
460	chr14:66865102-66865306	1	47	131	1	NA	NA	
461	chr14:66988694-66988950	1	190	NA	NA	NA	NA	
462	chr14:69855580-69855901	1	-186	NA	NA	NA	NA	
463	chr14:72125663-72125915	2	NA	NA	NA	NA	NA	
464	chr14:77168887-77169209	3	NA	213	NA	NA	NA	
465	chr14:85972757-85973113	1	-206	NA	NA	NA	NA	
466	chr14:100335657-100335970	1	-203	-131	NA	NA	NA	
467	chr14:101696784-101697138	1	-109	-85	NA	NA	NA	
468	chr14:101866386-101866697	1	-160	NA	NA	NA	NA	
469	chr14:120613188-120613386	1	110	NA	NA	166	NA	
470	chr14:121122837-121123095	2	NA	NA	NA	NA	NA	
471	chr15:5055709-5055887	1	-88	-28	NA	-59	NA	
472	chr15:5393631-5393908	1	105	NA	NA	NA	NA	
473	chr15:5457308-5457574	2	NA	NA	NA	NA	NA	
474	chr15:8393038-8393361	1	-34	NA	NA	NA	NA	
475	chr15:9525688-9525947	1	-120	NA	NA	NA	NA	
476	chr15:12769689-12769899	1	107	NA	NA	NA	NA	
477	chr15:25214313-25214601	1	161	233	NA	NA	NA	
478	chr15:25750527-25750745	2	NA	NA	NA	NA	NA	
479	chr15:51653238-51653472	1	42	NA	NA	NA	NA	
480	chr15:60983880-60984200	3	NA	196	NA	NA	NA	
481	chr15:61258469-61258789	1	-178	NA	NA	NA	NA	
482	chr15:66337496-66337898	1	379	NA	NA	NA	NA	
483	chr15:66618770-66619006	3	NA	-73	NA	NA	NA	
484	chr15:66629604-66629901	1	188	NA	NA	NA	NA	
485	chr15:66958608-66958829	1	123	NA	NA	NA	NA	
486	chr15:72989167-72989517	3	NA	-128	NA	NA	244	
487	chr15:77560663-77560897	1	18	NA	NA	NA	NA	
488	chr15:77798255-77798644	1	-173	NA	NA	NA	NA	
489	chr15:78322132-78322679	1	299	205	NA	NA	NA	
490	chr15:78329671-78330294	1	-220	NA	-430	NA	NA	
491	chr15:78750911-78751190	1	143	NA	NA	NA	NA	
492	chr15:79710432-79710771	1	-102	NA	NA	NA	NA	
493	chr15:79907844-79908124	1	162	NA	NA	NA	NA	
494	chr15:81026694-81027014	1	158	NA	NA	NA	NA	
495	chr15:81843540-81843861	2	NA	NA	NA	NA	NA	
496	chr15:82742170-82742589	1	-287	NA	NA	NA	NA	
497	chr15:89303953-89304268	1	-195	NA	NA	NA	NA	
498	chr15:93057537-93057819	1	-272	NA	NA	NA	NA	
499	chr15:96371343-96371639	1	205	NA	NA	NA	NA	
500	chr15:97201174-97201646	1	-221	NA	NA	NA	NA	
501	chr15:98820489-98820735	1	140	NA	NA	NA	NA	
502	chr15:99079677-99079959	1	98	NA	NA	NA	NA	
503	chr15:100495824-100496144	1	114	NA	NA	NA	NA	
504	chr15:100975341-100975574	1	161	NA	NA	NA	NA	
505	chr15:101095651-101096061	1	17	NA	-219	NA	NA	
506	chr15:102053323-102053631	1	-103	-10	NA	NA	NA	
507	chr15:102067318-102067578	1	119	NA	NA	NA	NA	
508	chr16:3891616-3891896	1	-129	NA	NA	NA	170	
509	chr16:4501132-4501456	3	NA	288	NA	NA	NA	
510	chr16:4794152-4794599	1	-145	NA	NA	NA	347	
511	chr16:5308667-5309152	1	-250	NA	NA	NA	NA	
512	chr16:8555156-8555371	1	-93	NA	NA	NA	NA	
513	chr16:10882959-10883220	1	152	NA	NA	NA	NA	
514	chr16:16929441-16929714	1	110	NA	NA	NA	NA	
515	chr16:17988781-17989134	1	-63	NA	NA	NA	NA	
516	chr16:18373607-18373912	1	102	NA	NA	NA	NA	
517	chr16:22346967-22347449	1	-296	-215	NA	NA	NA	
518	chr16:22772269-22772754	1	137	NA	388	NA	NA	
519	chr16:23090231-23090622	1	357	NA	NA	NA	NA	
520	chr16:24066412-24066655	1	85	NA	NA	NA	NA	
521	chr16:31129619-31129852	1	-132	NA	NA	NA	NA	
522	chr16:31830207-31830403	2	NA	NA	NA	NA	NA	
523	chr16:32007812-32008106	2	NA	NA	NA	NA	NA	
524	chr16:32083076-32083341	1	-127	NA	NA	NA	NA	
525	chr16:33263382-33263580	1	132	147	NA	NA	NA	
526	chr16:33277658-33277834	1	-101	NA	NA	NA	NA	
527	chr16:33607797-33608042	1	-125	NA	NA	NA	NA	
528	chr16:36396191-36396497	1	217	NA	NA	NA	NA	
529	chr16:43609456-43609833	1	-262	NA	NA	NA	NA	
530	chr16:44611244-44611484	1	-193	NA	NA	NA	NA	
531	chr16:44944648-44944917	1	162	193	NA	NA	NA	
532	chr16:45024427-45024677	1	24	NA	NA	NA	NA	
533	chr16:45861499-45861967	1	277	-231	NA	NA	NA	
534	chr16:48705975-48706273	1	-179	NA	NA	NA	-80	
535	chr16:49710505-49710772	1	-122	-207	NA	NA	NA	
536	chr16:49718456-49718751	1	149	NA	NA	NA	NA	
537	chr16:51594440-51594717	1	104	194	NA	NA	NA	
538	chr16:52001142-52001547	1	224	210	NA	-373	NA	
539	chr16:58477429-58477762	1	148	-23	NA	NA	NA	
540	chr16:59412127-59412448	1	210	NA	-113	NA	NA	
541	chr16:64700745-64701087	1	223	-54	NA	NA	NA	
542	chr16:76132389-76132682	1	153	NA	NA	NA	NA	
543	chr16:76219605-76220067	1	24	NA	NA	NA	NA	
544	chr16:76228657-76228868	1	-94	NA	NA	NA	NA	
545	chr16:76432142-76432421	1	-183	198	NA	NA	NA	
546	chr16:78081928-78082215	1	-108	NA	NA	NA	NA	
547	chr16:87213874-87214050	1	75	-100	NA	NA	-61	
548	chr16:87550887-87551092	1	115	NA	NA	NA	NA	
549	chr16:89738123-89738440	1	-144	NA	NA	NA	NA	
550	chr16:89826993-89827349	1	141	NA	NA	NA	NA	
551	chr16:89862021-89862347	1	112	NA	NA	NA	-174	
552	chr16:89874764-89875305	1	213	NA	NA	NA	NA	
553	chr16:90952591-90953039	2	NA	NA	NA	NA	NA	
554	chr16:91336982-91337255	1	184	NA	NA	NA	NA	
555	chr16:91379719-91380024	1	148	NA	NA	NA	NA	
556	chr16:91434450-91434738	3	NA	-36	NA	NA	NA	
557	chr16:91678596-91678900	2	NA	NA	NA	NA	NA	
558	chr16:92542787-92543082	1	155	NA	195	NA	NA	
559	chr16:92675528-92675874	1	282	NA	NA	NA	NA	
560	chr16:93665036-93665424	1	-157	NA	NA	NA	NA	
561	chr16:93676334-93676645	1	260	NA	NA	NA	NA	
562	chr16:93806864-93807109	1	-140	85	NA	NA	NA	
563	chr16:94510844-94511072	1	159	NA	NA	NA	NA	
564	chr16:95859020-95859385	1	252	NA	NA	NA	NA	
565	chr16:95965811-95966018	1	66	165	NA	NA	NA	
566	chr16:96378421-96378730	1	-126	NA	NA	-39	NA	
567	chr17:3617007-3617298	1	189	NA	NA	NA	NA	
568	chr17:5760953-5761145	1	120	-15	NA	NA	NA	
569	chr17:7013562-7013934	1	-194	NA	NA	NA	NA	
570	chr17:8149055-8149288	1	-172	NA	NA	NA	NA	
571	chr17:12425774-12426045	1	-107	145	NA	NA	NA	
572	chr17:15536500-15536741	2	NA	NA	NA	NA	NA	
573	chr17:23291141-23291491	1	-170	NA	NA	NA	NA	
574	chr17:23890671-23891006	1	160	NA	NA	NA	NA	
575	chr17:24911853-24912275	2	NA	NA	NA	NA	NA	
576	chr17:25972059-25972328	1	51	NA	NA	NA	NA	
577	chr17:26260316-26260584	1	127	NA	NA	NA	NA	
578	chr17:26298358-26298826	3	NA	312	NA	NA	NA	
579	chr17:26299806-26300126	1	-133	NA	NA	NA	NA	
580	chr17:26358426-26358767	1	119	NA	NA	NA	NA	
581	chr17:28056108-28056322	1	-104	NA	NA	NA	NA	
582	chr17:28340226-28340560	1	-167	-50	NA	-121	NA	
583	chr17:28610060-28610218	1	111	NA	NA	NA	NA	
584	chr17:28821331-28821580	2	NA	NA	NA	NA	NA	
585	chr17:29074140-29074373	1	-133	NA	NA	-69	NA	
586	chr17:29496661-29496793	2	NA	NA	NA	NA	NA	
587	chr17:29706938-29707295	1	196	NA	NA	NA	NA	
588	chr17:30773331-30773553	1	-172	NA	NA	NA	NA	
589	chr17:30949009-30949294	2	NA	NA	NA	NA	NA	
590	chr17:30952764-30953125	1	138	98	NA	NA	NA	
591	chr17:31387728-31388008	1	30	NA	NA	NA	NA	
592	chr17:32052557-32053065	1	475	NA	NA	NA	NA	
593	chr17:33588899-33589183	1	194	103	NA	NA	NA	
594	chr17:34005804-34006067	1	231	NA	NA	NA	NA	
595	chr17:34701020-34701340	2	NA	NA	NA	NA	NA	
596	chr17:35631729-35632063	3	NA	-69	NA	NA	NA	
597	chr17:35839232-35839683	1	338	NA	-173	NA	NA	
598	chr17:39450970-39456937	1	-987	NA	NA	-2140	NA	
599	chr17:46756478-46756757	1	-83	96	NA	NA	NA	
600	chr17:50873410-50873733	1	168	NA	NA	NA	NA	
601	chr17:51278994-51279391	1	287	NA	NA	NA	NA	
602	chr17:51627408-51627915	1	138	290	NA	NA	NA	
603	chr17:56745490-56745924	1	222	NA	NA	-272	NA	
604	chr17:70878118-70878448	3	NA	275	NA	-56	NA	
605	chr17:70878498-70878798	1	145	NA	NA	NA	NA	
606	chr17:70891362-70891616	1	111	NA	122	NA	NA	
607	chr17:71913163-71913412	1	195	-96	NA	NA	NA	
608	chr17:72844666-72844963	1	-80	NA	NA	NA	NA	
609	chr17:80083876-80084098	1	-154	NA	NA	NA	NA	
610	chr17:83215292-83215677	1	-86	NA	NA	NA	NA	
611	chr17:83220816-83221161	1	165	249	NA	NA	NA	
612	chr17:83563085-83563353	1	163	86	103	NA	NA	
613	chr17:83871537-83871876	1	-210	NA	NA	NA	NA	
614	chr17:84024483-84025060	1	239	NA	NA	NA	NA	
615	chr17:84239042-84239330	1	166	111	NA	NA	NA	
616	chr17:84241272-84241628	1	147	-261	NA	NA	NA	
617	chr17:86209662-86209924	1	-134	NA	NA	NA	NA	
618	chr17:86687548-86687845	3	NA	-54	NA	NA	NA	
619	chr17:87950726-87951166	1	119	218	-294	NA	NA	
620	chr18:3281706-3281961	1	84	NA	NA	NA	NA	
621	chr18:12056828-12057009	1	85	NA	NA	NA	NA	
622	chr18:23971625-23971904	1	-269	-155	NA	NA	NA	
623	chr18:24433194-24433391	1	104	NA	NA	NA	NA	
624	chr18:33097026-33097204	1	130	-67	NA	NA	NA	
625	chr18:34909444-34909689	1	-107	NA	NA	NA	NA	
626	chr18:36013677-36013944	1	-136	NA	NA	NA	NA	
627	chr18:36068230-36068511	1	-128	-67	NA	NA	NA	
628	chr18:36474335-36474726	1	-100	NA	NA	NA	NA	
629	chr18:38507294-38507581	1	1	NA	NA	NA	89	
630	chr18:38545307-38545668	3	NA	-129	NA	-68	NA	
631	chr18:38609240-38609589	1	134	248	-48	NA	NA	
632	chr18:39497560-39497797	2	NA	NA	NA	NA	NA	
633	chr18:39622564-39622770	1	-119	104	NA	NA	NA	
634	chr18:39645123-39645515	1	-171	NA	NA	NA	NA	
635	chr18:40434095-40434300	2	NA	NA	NA	NA	NA	
636	chr18:42400970-42401355	1	163	NA	NA	NA	NA	
637	chr18:50134288-50134599	2	NA	NA	NA	NA	NA	
638	chr18:50149442-50149879	1	-321	172	NA	NA	NA	
639	chr18:55592338-55592540	1	-86	NA	-141	NA	NA	
640	chr18:56064763-56065047	1	65	NA	NA	NA	NA	
641	chr18:62845456-62845690	1	102	-20	NA	NA	NA	
642	chr18:65437779-65438138	1	345	-207	NA	NA	NA	
643	chr18:65530670-65531074	2	NA	NA	NA	NA	NA	
644	chr18:65928460-65928695	1	30	NA	NA	NA	NA	
645	chr18:67337968-67338419	1	33	-357	NA	272	NA	
646	chr18:67405988-67406221	1	82	NA	147	NA	NA	
647	chr18:67850329-67850683	1	177	NA	NA	NA	NA	
648	chr18:74393933-74394148	1	160	NA	NA	NA	NA	
649	chr18:75403949-75404253	1	-172	265	NA	NA	NA	
650	chr18:75447500-75447944	1	-217	NA	NA	NA	NA	
651	chr18:75502808-75503251	1	220	-247	NA	NA	NA	
652	chr18:79419070-79419288	1	-13	-146	NA	NA	NA	
653	chr18:79465694-79466009	1	-153	NA	NA	201	NA	
654	chr18:80360654-80360935	1	-115	NA	NA	NA	NA	
655	chr18:80770396-80770717	1	123	-32	NA	NA	NA	
656	chr18:80900268-80900696	1	412	NA	NA	NA	NA	
657	chr18:82261540-82261901	1	208	98	NA	NA	NA	
658	chr18:82355599-82355899	1	-194	NA	NA	NA	NA	
659	chr18:82638237-82638472	1	129	NA	NA	-58	NA	
660	chr18:82662902-82663238	1	-230	NA	NA	NA	NA	
661	chr18:82693491-82693854	2	NA	NA	NA	NA	NA	
662	chr18:89340544-89340782	1	68	NA	NA	NA	NA	
663	chr18:89367930-89368220	1	-75	NA	NA	NA	NA	
664	chr19:4119715-4119966	1	119	-175	NA	NA	NA	
665	chr19:4878687-4879158	1	-234	NA	NA	NA	NA	
666	chr19:5911442-5911650	1	188	NA	142	NA	NA	
667	chr19:7019808-7020004	1	104	NA	NA	NA	NA	
668	chr19:7037784-7038106	1	-131	NA	NA	NA	NA	
669	chr19:8319211-8319426	2	NA	NA	NA	NA	NA	
670	chr19:10830742-10830983	1	171	NA	NA	NA	NA	
671	chr19:11583971-11584246	1	-139	NA	NA	NA	NA	
672	chr19:11657031-11657311	1	57	NA	NA	NA	NA	
673	chr19:12093696-12094059	1	185	NA	NA	NA	NA	
674	chr19:12608841-12609148	1	-136	NA	NA	NA	NA	
675	chr19:12863616-12863829	1	47	NA	NA	NA	NA	
676	chr19:15991964-15992293	1	-156	NA	NA	NA	NA	
677	chr19:18816639-18816869	1	-158	NA	NA	NA	NA	
678	chr19:24596098-24596339	3	NA	99	NA	NA	NA	
679	chr19:24622102-24622277	1	96	NA	49	NA	NA	
680	chr19:25427775-25428016	3	NA	116	NA	NA	NA	
681	chr19:29519895-29520278	1	-129	NA	NA	NA	NA	
682	chr19:31276510-31276876	1	-169	45	NA	NA	NA	
683	chr19:32214781-32215050	2	NA	NA	NA	NA	NA	
684	chr19:32341524-32341878	1	-241	NA	NA	265	NA	
685	chr19:33147618-33147877	1	-106	NA	NA	NA	NA	
686	chr19:33432727-33432984	1	-168	NA	NA	NA	NA	
687	chr19:34549640-34549911	1	148	NA	NA	NA	NA	
688	chr19:36589547-36589900	1	196	162	NA	NA	NA	
689	chr19:36604555-36604773	1	-195	NA	NA	NA	NA	
690	chr19:38466539-38466819	1	-7	207	NA	NA	NA	
691	chr19:43577691-43578157	2	NA	NA	NA	NA	NA	
692	chr19:44338024-44338352	1	189	NA	NA	NA	NA	
693	chr19:44364136-44364397	1	160	NA	NA	NA	NA	
694	chr19:45117294-45117564	1	160	NA	NA	NA	NA	
695	chr19:46663027-46663249	3	NA	11	NA	NA	-113	
696	chr19:47566190-47566518	1	244	NA	NA	NA	NA	
697	chr19:47972063-47972352	1	169	179	NA	NA	NA	
698	chr19:48077046-48077398	1	309	-238	NA	NA	NA	
699	chr19:53238878-53239091	1	-116	NA	NA	NA	NA	
700	chr19:53318206-53318457	1	-220	NA	NA	NA	NA	
701	chr19:53496340-53496655	1	204	NA	-6	NA	NA	
702	chr19:53518047-53518233	1	-98	158	NA	NA	NA	
703	chr19:54100630-54101082	1	-208	NA	NA	NA	NA	
704	chr19:55369534-55369841	1	229	-15	NA	NA	NA	
705	chr19:58197000-58197282	1	-134	-226	NA	NA	NA	
706	chr19:61254314-61254529	2	NA	NA	NA	NA	NA	
707	chr2:3635152-3635501	2	NA	NA	NA	NA	NA	
708	chr2:3667581-3667807	1	-151	NA	NA	NA	NA	
709	chr2:6226732-6227000	2	NA	NA	NA	NA	NA	
710	chr2:6637849-6638149	1	190	NA	NA	NA	NA	
711	chr2:9719405-9719762	3	NA	238	NA	NA	NA	
712	chr2:11123603-11123887	1	-216	NA	NA	NA	NA	
713	chr2:11130068-11130344	1	-132	NA	NA	NA	NA	
714	chr2:13462493-13462719	1	130	NA	NA	NA	NA	
715	chr2:21123069-21123265	1	-88	NA	NA	NA	NA	
716	chr2:25356139-25356535	1	-134	NA	NA	NA	NA	
717	chr2:26575418-26575681	1	127	NA	NA	NA	NA	
718	chr2:28876304-28876566	1	-98	NA	NA	NA	NA	
719	chr2:29074779-29075047	1	-193	223	NA	NA	NA	
720	chr2:29444219-29444442	1	81	NA	NA	NA	NA	
721	chr2:29494715-29494975	1	-142	109	NA	NA	NA	
722	chr2:30416799-30417156	2	NA	NA	NA	NA	NA	
723	chr2:30883601-30883872	1	100	NA	NA	NA	NA	
724	chr2:30930083-30930281	1	102	NA	NA	NA	NA	
725	chr2:30937069-30937272	1	123	88	NA	NA	NA	
726	chr2:30957591-30957900	1	170	NA	-1	NA	NA	
727	chr2:31492687-31492845	1	70	NA	NA	NA	NA	
728	chr2:32185457-32185709	1	83	NA	111	NA	NA	
729	chr2:32315309-32315619	1	140	NA	NA	NA	NA	
730	chr2:32317146-32317569	1	262	224	-299	NA	NA	
731	chr2:32516052-32516454	1	-209	NA	NA	NA	NA	
732	chr2:32854780-32855197	3	NA	323	NA	NA	NA	
733	chr2:33366035-33366283	1	-137	NA	197	NA	NA	
734	chr2:34783762-34784010	1	-134	NA	NA	NA	NA	
735	chr2:35244366-35244719	1	198	NA	-271	NA	216	
736	chr2:35803916-35804184	1	164	178	NA	NA	NA	
737	chr2:37593853-37594167	1	-129	NA	NA	NA	NA	
738	chr2:38293838-38294142	1	-139	-17	NA	NA	NA	
739	chr2:38358399-38358721	1	-159	133	NA	NA	NA	
740	chr2:43549760-43550152	1	-49	NA	NA	NA	NA	
741	chr2:48295054-48295415	1	128	NA	NA	NA	NA	
742	chr2:57969122-57969474	1	156	NA	NA	NA	NA	
743	chr2:60575484-60575777	1	-141	NA	NA	NA	NA	
744	chr2:60646157-60646505	1	-271	NA	NA	NA	NA	
745	chr2:60724683-60724854	1	87	NA	NA	NA	NA	
746	chr2:62152930-62153145	1	-93	111	NA	NA	NA	
747	chr2:68231169-68231619	1	-49	NA	NA	NA	NA	
748	chr2:68272031-68272329	1	177	-257	NA	NA	NA	
749	chr2:70833233-70833660	1	149	NA	NA	NA	NA	
750	chr2:72083640-72083906	1	106	NA	NA	NA	NA	
751	chr2:72293990-72294192	2	NA	NA	NA	NA	NA	
752	chr2:73268037-73268263	1	146	88	NA	NA	NA	
753	chr2:73277192-73277431	1	-140	NA	NA	NA	NA	
754	chr2:74505576-74505804	1	-150	NA	NA	NA	NA	
755	chr2:75923039-75923344	1	234	NA	NA	NA	NA	
756	chr2:84580258-84580463	1	82	NA	NA	NA	NA	
757	chr2:90365517-90365757	1	-132	NA	NA	-57	NA	
758	chr2:91057125-91057338	1	106	NA	NA	NA	NA	
759	chr2:93225466-93225763	1	166	NA	NA	NA	NA	
760	chr2:93246111-93246379	1	-171	NA	NA	NA	NA	
761	chr2:93259792-93260186	3	NA	-272	NA	NA	NA	
762	chr2:93272160-93272523	1	-156	-55	NA	NA	NA	
763	chr2:98462986-98463877	1	23	NA	NA	NA	NA	
764	chr2:98464395-98464984	1	-1	NA	NA	NA	NA	
765	chr2:98467009-98467380	1	-21	NA	NA	NA	NA	
766	chr2:98467383-98468230	2	NA	NA	NA	NA	NA	
767	chr2:102652958-102653295	1	171	NA	NA	NA	NA	
768	chr2:102674841-102675110	3	NA	-120	NA	NA	NA	
769	chr2:104326398-104326749	1	-39	NA	NA	NA	NA	
770	chr2:117034145-117034584	1	-241	NA	NA	NA	NA	
771	chr2:117109078-117109310	1	17	NA	NA	NA	NA	
772	chr2:118329657-118329968	1	-158	NA	NA	NA	NA	
773	chr2:118942322-118942629	1	-150	NA	NA	NA	NA	
774	chr2:121720770-121721071	1	150	NA	NA	NA	NA	
775	chr2:122358021-122358332	3	NA	12	187	NA	NA	
776	chr2:126159155-126159515	1	-136	NA	NA	NA	NA	
777	chr2:126174820-126175080	1	39	NA	NA	NA	NA	
778	chr2:126327430-126327692	1	-117	NA	NA	NA	NA	
779	chr2:127608327-127608501	1	91	NA	NA	NA	NA	
780	chr2:127895594-127895833	1	-114	NA	NA	NA	NA	
781	chr2:128120508-128120768	1	36	NA	NA	NA	NA	
782	chr2:128191255-128191645	1	195	NA	-212	NA	NA	
783	chr2:130832078-130832345	1	169	NA	NA	NA	NA	
784	chr2:130879815-130880022	3	NA	-90	NA	NA	NA	
785	chr2:132203739-132204046	2	NA	NA	NA	NA	NA	
786	chr2:132299139-132299357	1	135	NA	NA	NA	NA	
787	chr2:145513595-145513966	1	338	72	13	NA	NA	
788	chr2:145523925-145524289	1	-230	NA	-298	NA	NA	
789	chr2:148974768-148974963	2	NA	NA	NA	NA	NA	
790	chr2:149802995-149803273	1	-116	NA	NA	NA	NA	
791	chr2:150358707-150359042	1	89	59	NA	NA	NA	
792	chr2:153217276-153217597	1	-123	201	NA	NA	NA	
793	chr2:154546879-154547086	1	-118	NA	NA	NA	NA	
794	chr2:155870852-155871312	1	-251	NA	NA	NA	NA	
795	chr2:156003316-156003583	2	NA	NA	NA	NA	NA	
796	chr2:156839024-156839396	1	-26	165	NA	NA	NA	
797	chr2:158100585-158101010	1	-229	NA	NA	NA	NA	
798	chr2:160433052-160433309	2	NA	NA	NA	NA	NA	
799	chr2:162920463-162920952	1	277	NA	NA	NA	NA	
800	chr2:162944849-162945238	3	NA	246	NA	NA	NA	
801	chr2:163334104-163334442	2	NA	NA	NA	NA	NA	
802	chr2:165012885-165013196	1	-141	-268	NA	NA	NA	
803	chr2:165345374-165345748	1	267	NA	-17	NA	NA	
804	chr2:165646093-165646524	1	215	NA	NA	NA	NA	
805	chr2:165703389-165703681	1	-179	NA	NA	NA	NA	
806	chr2:165791976-165792179	1	112	NA	NA	NA	NA	
807	chr2:166347823-166348372	1	273	NA	NA	NA	NA	
808	chr2:166357359-166357786	2	NA	NA	NA	NA	NA	
809	chr2:166445413-166445689	2	NA	NA	NA	NA	NA	
810	chr2:166446042-166446355	1	-135	-92	NA	NA	NA	
811	chr2:167325767-167326008	1	125	NA	NA	NA	NA	
812	chr2:167414979-167415162	2	NA	NA	NA	NA	NA	
813	chr2:167496930-167497374	1	345	-382	NA	NA	NA	
814	chr2:167531555-167531836	1	-185	-203	NA	NA	NA	
815	chr2:167579011-167579426	1	239	NA	NA	NA	NA	
816	chr2:168279025-168279236	1	80	NA	NA	NA	NA	
817	chr2:168286934-168287203	2	NA	NA	NA	NA	NA	
818	chr2:169865352-169865550	1	-96	NA	NA	NA	NA	
819	chr2:172570641-172570934	1	90	135	NA	NA	NA	
820	chr2:172872590-172872894	2	NA	NA	NA	NA	NA	
821	chr2:181427191-181427406	1	112	NA	NA	NA	NA	
822	chr3:8749616-8750282	1	-212	NA	NA	NA	NA	
823	chr3:31289474-31289738	1	-164	101	NA	NA	NA	
824	chr3:32702808-32702993	1	101	NA	NA	NA	NA	
825	chr3:32720611-32720848	1	153	NA	NA	NA	NA	
826	chr3:36743908-36744184	1	-111	NA	NA	NA	NA	
827	chr3:37053656-37053841	1	-119	NA	NA	NA	NA	
828	chr3:37944814-37945091	2	NA	NA	NA	NA	NA	
829	chr3:38676673-38676890	1	-102	NA	NA	NA	NA	
830	chr3:40841972-40842355	1	150	NA	NA	NA	NA	
831	chr3:52285959-52286312	1	293	NA	NA	NA	NA	
832	chr3:52546481-52546810	1	-187	170	NA	NA	NA	
833	chr3:52928156-52928476	1	-200	NA	-155	NA	NA	
834	chr3:52966218-52966660	1	-252	-176	NA	NA	NA	
835	chr3:55831795-55832114	1	-150	296	NA	NA	NA	
836	chr3:56663281-56663711	2	NA	NA	NA	NA	NA	
837	chr3:59150056-59150431	3	NA	-192	NA	NA	NA	
838	chr3:60689609-60689975	1	-156	NA	NA	NA	NA	
839	chr3:69293162-69293581	1	181	302	NA	NA	NA	
840	chr3:69293810-69294146	1	173	198	NA	NA	NA	
841	chr3:84178768-84179197	1	266	163	NA	NA	NA	
842	chr3:84667316-84667624	1	245	NA	-227	NA	NA	
843	chr3:84767526-84767894	1	38	-312	NA	NA	NA	
844	chr3:87609704-87609967	1	-113	NA	NA	NA	NA	
845	chr3:88227650-88228213	1	293	72	520	NA	NA	
846	chr3:89468080-89468316	1	151	NA	NA	NA	NA	
847	chr3:89956955-89957155	1	-129	NA	NA	NA	NA	
848	chr3:89958208-89958524	1	125	NA	-19	NA	NA	
849	chr3:95471058-95471520	2	NA	NA	NA	NA	NA	
850	chr3:96642352-96642740	3	NA	-218	NA	NA	NA	
851	chr3:96665447-96665869	1	-225	NA	NA	NA	NA	
852	chr3:96967073-96967425	1	-168	NA	NA	NA	NA	
853	chr3:100565721-100566012	1	-263	NA	NA	NA	NA	
854	chr3:101139577-101139835	1	-171	NA	NA	NA	NA	
855	chr3:101409382-101409695	2	NA	NA	NA	NA	NA	
856	chr3:101425497-101425844	1	242	-129	NA	NA	NA	
857	chr3:103526517-103526916	3	NA	-236	NA	NA	NA	
858	chr3:103867144-103867499	1	323	NA	-4	NA	NA	
859	chr3:103997327-103997705	1	-137	NA	NA	NA	NA	
860	chr3:106916641-106916974	1	265	95	NA	NA	NA	
861	chr3:107208892-107209094	1	45	NA	113	NA	NA	
862	chr3:107924678-107924916	1	-154	NA	NA	NA	NA	
863	chr3:107974986-107975183	1	-110	NA	NA	NA	NA	
864	chr3:108682327-108682630	1	-113	NA	NA	NA	NA	
865	chr3:109584406-109584649	1	147	NA	NA	NA	NA	
866	chr3:130680381-130680736	1	-175	NA	NA	NA	NA	
867	chr3:130799301-130799563	1	89	NA	NA	NA	NA	
868	chr3:131008339-131008661	1	118	NA	95	NA	NA	
869	chr3:131101393-131101669	1	-179	NA	164	NA	NA	
870	chr3:131197855-131198189	1	156	NA	NA	NA	NA	
871	chr3:131323421-131323732	1	206	NA	NA	NA	NA	
872	chr3:135656642-135656904	1	-13	106	NA	NA	NA	
873	chr3:136680239-136680464	1	-106	NA	NA	NA	NA	
874	chr3:138271679-138272017	1	168	NA	NA	NA	NA	
875	chr3:138680352-138680710	1	296	NA	NA	NA	NA	
876	chr3:146623687-146624188	1	-231	NA	NA	NA	NA	
877	chr3:148447855-148448053	1	-115	15	NA	NA	NA	
878	chr3:152149305-152149575	1	148	NA	NA	191	NA	
879	chr3:152863646-152863918	1	-50	NA	NA	NA	NA	
880	chr3:152893519-152893808	2	NA	NA	NA	NA	NA	
881	chr3:153657141-153657420	1	86	NA	NA	NA	NA	
882	chr4:6829212-6829540	1	131	NA	NA	NA	NA	
883	chr4:8710335-8710644	3	NA	206	NA	NA	236	
884	chr4:10697117-10697482	1	192	302	NA	NA	-161	
885	chr4:11648355-11648761	3	NA	117	NA	NA	NA	
886	chr4:15200271-15200538	1	35	NA	NA	NA	167	
887	chr4:15227267-15227420	1	-81	22	NA	NA	NA	
888	chr4:15913515-15913695	1	-109	NA	NA	NA	NA	
889	chr4:16090970-16091261	2	NA	NA	NA	NA	NA	
890	chr4:32476737-32477020	1	-169	NA	NA	NA	NA	
891	chr4:32477795-32478092	1	210	96	NA	NA	NA	
892	chr4:32586646-32587090	1	-135	261	NA	NA	NA	
893	chr4:32620217-32620459	1	141	-32	NA	NA	NA	
894	chr4:40891385-40891625	1	-137	91	NA	NA	NA	
895	chr4:40961605-40961874	1	-91	NA	NA	NA	NA	
896	chr4:41027926-41028257	1	-192	217	NA	NA	NA	
897	chr4:41065282-41065696	1	-395	NA	284	NA	NA	
898	chr4:41962148-41962360	1	178	NA	NA	NA	NA	
899	chr4:46463556-46463933	3	NA	-122	NA	NA	NA	
900	chr4:46662439-46662649	1	-74	NA	143	NA	NA	
901	chr4:47340777-47341047	1	156	-128	NA	NA	NA	
902	chr4:48063628-48063869	1	27	NA	NA	NA	NA	
903	chr4:59358202-59358482	1	-265	NA	NA	NA	NA	
904	chr4:62080347-62080543	2	NA	NA	NA	NA	NA	
905	chr4:62104074-62104429	1	-341	NA	NA	NA	NA	
906	chr4:62148026-62148322	1	-169	-17	NA	NA	NA	
907	chr4:69864418-69864673	2	NA	NA	NA	NA	NA	
908	chr4:82826005-82826323	1	-156	NA	NA	NA	NA	
909	chr4:83005060-83005375	3	NA	300	NA	NA	NA	
910	chr4:86190290-86190622	1	-80	NA	NA	NA	NA	
911	chr4:86357432-86357853	1	224	-102	NA	NA	NA	
912	chr4:97774344-97774614	1	-169	-141	NA	-223	NA	
913	chr4:100665716-100666028	2	NA	NA	NA	NA	NA	
914	chr4:102180184-102180445	1	74	167	NA	NA	NA	
915	chr4:102209711-102210113	1	-12	245	NA	NA	NA	
916	chr4:105637773-105637952	1	110	NA	NA	NA	NA	
917	chr4:106292200-106292475	1	181	-163	NA	NA	NA	
918	chr4:107847890-107848201	1	-276	-90	NA	206	NA	
919	chr4:107958648-107958930	3	NA	2	NA	NA	NA	
920	chr4:116976129-116976447	1	126	-30	NA	NA	NA	
921	chr4:118625453-118625820	1	-189	NA	NA	NA	NA	
922	chr4:120484110-120484510	3	NA	-292	NA	NA	NA	
923	chr4:122375310-122375604	1	172	NA	NA	245	NA	
924	chr4:124254794-124255158	1	262	NA	NA	-173	NA	
925	chr4:125605917-125606326	1	-234	339	306	NA	NA	
926	chr4:128194008-128194247	2	NA	NA	NA	NA	NA	
927	chr4:128643168-128643424	1	145	NA	NA	114	NA	
928	chr4:129073855-129074073	2	NA	NA	NA	NA	NA	
929	chr4:129296213-129296666	1	-252	NA	NA	NA	NA	
930	chr4:130186265-130186626	2	NA	NA	NA	NA	NA	
931	chr4:131577342-131577674	1	188	NA	NA	NA	NA	
932	chr4:132115289-132115610	1	260	299	NA	NA	NA	
933	chr4:132949429-132949697	1	-133	NA	NA	NA	NA	
934	chr4:133000402-133000618	1	88	-60	NA	NA	NA	
935	chr4:133028827-133029080	1	-94	NA	NA	NA	NA	
936	chr4:133145124-133145408	1	205	NA	NA	-63	NA	
937	chr4:133319663-133320166	1	278	NA	-347	NA	NA	
938	chr4:133333534-133333911	1	323	NA	NA	NA	NA	
939	chr4:133378243-133378485	1	-83	NA	NA	NA	NA	
940	chr4:133396388-133396609	1	-113	-86	NA	NA	NA	
941	chr4:134380811-134381077	1	-134	-172	NA	NA	NA	
942	chr4:134478294-134478560	1	176	NA	NA	NA	NA	
943	chr4:135127617-135127932	1	194	NA	-137	NA	NA	
944	chr4:135288149-135288451	3	NA	156	NA	NA	NA	
945	chr4:135293804-135294028	1	-78	NA	NA	NA	NA	
946	chr4:135332233-135332482	1	96	NA	NA	NA	NA	
947	chr4:136866526-136866823	1	236	NA	NA	NA	NA	
948	chr4:140219712-140220114	1	-226	NA	NA	NA	NA	
949	chr4:140224610-140225077	1	347	NA	NA	NA	NA	
950	chr4:140250537-140250708	1	26	54	-8	NA	NA	
951	chr4:144516638-144517093	1	292	NA	NA	NA	NA	
952	chr4:148313365-148313550	3	NA	129	NA	NA	NA	
953	chr4:148715444-148715692	3	NA	-110	NA	NA	NA	
954	chr4:149401905-149402167	1	-61	NA	NA	NA	NA	
955	chr4:149768114-149768359	1	-57	NA	NA	NA	NA	
956	chr4:150973919-150974117	1	-88	NA	NA	NA	NA	
957	chr4:150997398-150997695	1	-168	NA	NA	NA	NA	
958	chr4:153994061-153994443	3	NA	-360	NA	NA	NA	
959	chr4:154865885-154866403	1	138	-240	NA	NA	NA	
960	chr4:154874486-154874807	1	126	NA	NA	NA	NA	
961	chr5:3001439-3002638	2	NA	NA	NA	NA	NA	
962	chr5:8845667-8846096	1	-228	NA	NA	NA	NA	
963	chr5:9003214-9003456	1	143	NA	NA	NA	NA	
964	chr5:20866330-20866659	1	180	NA	NA	-207	NA	
965	chr5:20880741-20881074	1	157	NA	NA	NA	NA	
966	chr5:20923082-20923445	3	NA	324	NA	NA	-75	
967	chr5:24196238-24196638	1	-193	366	NA	NA	NA	
968	chr5:24286861-24287258	1	250	NA	-172	NA	NA	
969	chr5:28402603-28402918	1	133	NA	4	NA	NA	
970	chr5:30066288-30066659	1	-140	NA	NA	NA	NA	
971	chr5:37277641-37277942	1	154	NA	NA	NA	NA	
972	chr5:39152967-39153235	1	-89	NA	NA	NA	-114	
973	chr5:53198360-53198653	1	148	NA	NA	NA	NA	
974	chr5:53681921-53682217	2	NA	NA	NA	NA	NA	
975	chr5:53795591-53795822	1	-148	NA	NA	NA	NA	
976	chr5:53882495-53882807	1	-127	NA	NA	NA	NA	
977	chr5:64319858-64320159	2	NA	NA	NA	NA	NA	
978	chr5:64659802-64660157	1	-124	240	NA	NA	NA	
979	chr5:64751529-64751868	2	NA	NA	NA	NA	NA	
980	chr5:64767098-64767426	1	-172	-18	NA	NA	NA	
981	chr5:64955771-64956095	1	178	146	NA	NA	NA	
982	chr5:65093681-65094104	1	186	NA	NA	NA	NA	
983	chr5:65305195-65305460	3	NA	-73	NA	NA	-95	
984	chr5:65614572-65614850	1	-142	NA	NA	NA	NA	
985	chr5:66200730-66200893	3	NA	-67	NA	NA	NA	
986	chr5:78166546-78166938	1	-372	NA	-108	NA	NA	
987	chr5:78340452-78340757	1	197	NA	NA	NA	NA	
988	chr5:93402546-93402875	1	-203	NA	NA	NA	NA	
989	chr5:94208546-94208899	1	165	148	NA	NA	NA	
990	chr5:99740135-99740376	1	140	NA	NA	NA	NA	
991	chr5:100823443-100823665	1	-132	108	-3	NA	NA	
992	chr5:100825489-100825751	3	NA	164	NA	NA	NA	
993	chr5:105925284-105925522	1	142	-115	NA	NA	NA	
994	chr5:107505266-107505545	1	-198	NA	NA	NA	NA	
995	chr5:107535531-107535871	1	-48	NA	NA	NA	NA	
996	chr5:107773972-107774243	1	-105	NA	NA	NA	NA	
997	chr5:107989459-107989675	1	101	-122	NA	NA	NA	
998	chr5:108305851-108306097	4	NA	NA	-90	NA	NA	
999	chr5:110334774-110335127	1	76	NA	NA	NA	NA	
1000	chr5:110524967-110525182	2	NA	NA	NA	NA	NA	
1001	chr5:110834985-110835310	1	-174	NA	NA	NA	NA	
1002	chr5:111080053-111080374	1	-154	NA	NA	NA	NA	
1003	chr5:111570946-111571202	2	NA	NA	NA	NA	NA	
1004	chr5:111749291-111749580	2	NA	NA	NA	NA	NA	
1005	chr5:112511437-112512013	2	NA	NA	NA	NA	NA	
1006	chr5:112527065-112527504	1	274	-8	-217	NA	NA	
1007	chr5:113801416-113801739	2	NA	NA	NA	NA	NA	
1008	chr5:114091374-114091857	1	236	-109	NA	NA	NA	
1009	chr5:114641848-114642179	1	-183	-137	NA	NA	NA	
1010	chr5:114900452-114900721	1	172	-29	146	NA	NA	
1011	chr5:115352992-115353289	1	163	NA	NA	NA	NA	
1012	chr5:116015916-116016238	1	192	-71	NA	NA	NA	
1013	chr5:118343012-118343299	1	-162	NA	-59	NA	NA	
1014	chr5:122662073-122662247	3	NA	71	NA	NA	NA	
1015	chr5:122993312-122993483	2	NA	NA	NA	NA	NA	
1016	chr5:123251060-123251450	1	-189	-113	NA	NA	NA	
1017	chr5:123864344-123864634	1	99	NA	NA	NA	NA	
1018	chr5:124311427-124311663	1	-94	2	NA	NA	NA	
1019	chr5:124335421-124336041	1	-411	-180	NA	NA	206	
1020	chr5:124471359-124471679	1	-264	NA	NA	NA	NA	
1021	chr5:125232153-125232365	1	122	NA	140	NA	NA	
1022	chr5:125730706-125731001	1	-128	NA	NA	NA	NA	
1023	chr5:130131428-130131776	1	135	NA	NA	NA	NA	
1024	chr5:130488761-130488961	1	-171	NA	NA	NA	NA	
1025	chr5:134550457-134550774	1	209	NA	NA	NA	NA	
1026	chr5:135309602-135309807	1	97	NA	NA	NA	NA	
1027	chr5:137814879-137815116	1	132	NA	NA	NA	NA	
1028	chr5:138017267-138017521	1	137	-165	NA	NA	NA	
1029	chr5:138887358-138887612	1	-118	NA	NA	NA	NA	
1030	chr5:139635807-139636141	1	180	NA	NA	NA	NA	
1031	chr5:141297510-141297789	1	122	44	73	NA	NA	
1032	chr5:141314775-141315072	1	-161	-91	NA	NA	NA	
1033	chr5:142692319-142692613	2	NA	NA	NA	NA	NA	
1034	chr5:144147015-144147230	1	128	NA	NA	149	NA	
1035	chr5:146524998-146525383	1	118	NA	NA	NA	NA	
1036	chr5:146565146-146565612	2	NA	NA	NA	NA	NA	
1037	chr5:147258372-147258611	1	176	NA	NA	NA	NA	
1038	chr5:147469720-147470088	1	223	-49	NA	NA	NA	
1039	chr5:148682425-148682679	1	-87	153	NA	NA	NA	
1040	chr5:148709751-148710074	1	132	NA	NA	NA	NA	
1041	chr5:149556451-149556697	1	169	-56	NA	NA	NA	
1042	chr5:150044453-150044723	1	202	NA	NA	NA	NA	
1043	chr6:15743312-15743499	1	115	NA	NA	NA	NA	
1044	chr6:30301231-30301577	1	180	-274	NA	NA	NA	
1045	chr6:31139569-31139940	1	90	NA	NA	NA	NA	
1046	chr6:34086281-34086626	1	-175	NA	NA	5	NA	
1047	chr6:34106304-34106535	1	-137	NA	NA	NA	NA	
1048	chr6:34247669-34247904	1	187	NA	NA	NA	NA	
1049	chr6:35063978-35064443	1	273	123	NA	NA	NA	
1050	chr6:38272092-38272339	1	-142	NA	NA	NA	NA	
1051	chr6:38289758-38290157	1	41	NA	NA	NA	NA	
1052	chr6:39308925-39309246	3	NA	-106	NA	NA	NA	
1053	chr6:41483878-41484183	3	NA	-184	76	NA	281	
1054	chr6:42283970-42284181	1	139	-94	NA	NA	NA	
1055	chr6:47325611-47325820	2	NA	NA	NA	NA	NA	
1056	chr6:48013188-48013527	1	-170	201	NA	NA	NA	
1057	chr6:48483912-48484335	1	-64	NA	145	NA	NA	
1058	chr6:48609426-48609864	1	-111	NA	NA	NA	NA	
1059	chr6:48662543-48662843	1	44	NA	NA	NA	NA	
1060	chr6:49903193-49903397	2	NA	NA	NA	NA	NA	
1061	chr6:49939067-49939392	1	160	NA	NA	-47	NA	
1062	chr6:50346461-50346932	1	229	NA	NA	28	NA	
1063	chr6:52045507-52045723	1	-84	NA	NA	NA	NA	
1064	chr6:54885757-54886070	1	-71	NA	NA	NA	NA	
1065	chr6:56727671-56727993	1	65	NA	NA	NA	NA	
1066	chr6:56809063-56809287	1	117	NA	3	NA	NA	
1067	chr6:57753043-57753319	1	174	NA	NA	NA	NA	
1068	chr6:66966883-66967147	1	124	NA	NA	NA	NA	
1069	chr6:67462744-67462962	1	122	NA	NA	NA	NA	
1070	chr6:70745115-70745401	1	-165	NA	NA	138	NA	
1071	chr6:71892290-71892614	3	NA	-78	NA	NA	NA	
1072	chr6:72441923-72442196	1	-4	NA	NA	NA	NA	
1073	chr6:72531269-72531667	1	158	NA	29	NA	NA	
1074	chr6:72922891-72923204	1	145	NA	NA	NA	NA	
1075	chr6:82887626-82887766	1	47	NA	NA	NA	NA	
1076	chr6:83414681-83414928	1	168	123	NA	NA	NA	
1077	chr6:84622282-84622634	1	174	NA	-225	NA	NA	
1078	chr6:86114190-86114493	1	131	116	NA	NA	NA	
1079	chr6:86816276-86816550	3	NA	-93	NA	NA	NA	
1080	chr6:86875588-86875843	1	161	NA	NA	NA	NA	
1081	chr6:87006600-87007004	1	237	311	NA	NA	NA	
1082	chr6:87507604-87508048	1	429	-199	283	NA	NA	
1083	chr6:90748000-90748230	1	89	NA	162	NA	NA	
1084	chr6:97286539-97287043	1	287	-419	NA	NA	NA	
1085	chr6:97488523-97488895	1	134	NA	NA	NA	NA	
1086	chr6:103614740-103615014	1	42	NA	NA	NA	NA	
1087	chr6:108135230-108135585	2	NA	NA	NA	NA	NA	
1088	chr6:108470634-108470998	1	-144	-185	NA	NA	NA	
1089	chr6:108798859-108799071	1	-136	122	NA	NA	NA	
1090	chr6:112827755-112827958	3	NA	-159	NA	NA	NA	
1091	chr6:120570336-120570658	1	-218	NA	NA	NA	NA	
1092	chr6:122235763-122236006	1	63	NA	NA	NA	NA	
1093	chr6:122708032-122708416	1	-209	NA	NA	NA	288	
1094	chr6:124716030-124716449	1	201	NA	NA	NA	NA	
1095	chr6:125037034-125037361	1	162	NA	NA	-128	NA	
1096	chr6:125230934-125231285	1	152	NA	NA	NA	NA	
1097	chr6:125318829-125319208	1	-216	NA	NA	NA	NA	
1098	chr6:125391874-125392265	1	138	NA	NA	NA	NA	
1099	chr6:126814691-126814930	1	163	NA	NA	NA	NA	
1100	chr6:127075231-127075538	1	170	NA	NA	NA	NA	
1101	chr6:127399831-127400173	2	NA	NA	NA	NA	NA	
1102	chr6:127437605-127438012	1	-157	-186	NA	NA	NA	
1103	chr6:128719566-128719750	4	NA	NA	NA	44	NA	
1104	chr6:129176200-129176519	1	100	NA	NA	NA	NA	
1105	chr6:129574046-129574396	1	-301	203	NA	NA	NA	
1106	chr6:134011256-134011550	1	122	NA	NA	NA	NA	
1107	chr6:134606437-134606575	2	NA	NA	NA	NA	NA	
1108	chr6:136455835-136456116	1	-195	NA	NA	NA	NA	
1109	chr6:136483539-136483820	1	116	NA	NA	NA	NA	
1110	chr6:136496172-136496390	1	-98	NA	NA	-108	NA	
1111	chr6:136707848-136708209	1	174	NA	NA	NA	NA	
1112	chr6:136905921-136906191	1	-125	NA	NA	NA	NA	
1113	chr6:140276331-140276683	1	169	59	NA	NA	NA	
1114	chr6:142529205-142529512	1	191	NA	262	NA	NA	
1115	chr6:142874587-142875080	1	-80	NA	NA	NA	NA	
1116	chr6:143072482-143072886	1	-209	NA	NA	NA	NA	
1117	chr6:144627665-144627994	1	-98	-80	NA	NA	NA	
1118	chr6:145297158-145297367	3	NA	65	-175	NA	NA	
1119	chr6:145792463-145792721	1	76	-228	NA	NA	NA	
1120	chr6:146228491-146228752	3	NA	128	NA	NA	44	
1121	chr6:146391372-146391613	1	96	NA	NA	NA	NA	
1122	chr6:146473114-146473356	1	-190	NA	NA	NA	NA	
1123	chr6:149323686-149323885	2	NA	NA	NA	NA	NA	
1124	chr7:4121611-4121737	1	-69	33	NA	NA	NA	
1125	chr7:4551398-4551651	1	89	NA	NA	NA	NA	
1126	chr7:11810430-11810717	1	-105	NA	NA	235	NA	
1127	chr7:15107729-15108047	1	-186	-168	NA	NA	NA	
1128	chr7:18491129-18491504	1	-332	NA	NA	NA	NA	
1129	chr7:19104367-19104720	1	246	197	NA	NA	NA	
1130	chr7:24087132-24087410	1	-131	191	NA	NA	NA	
1131	chr7:24115874-24116143	1	-119	NA	-29	NA	NA	
1132	chr7:24975876-24976141	1	160	-130	NA	NA	NA	
1133	chr7:25389197-25389482	1	180	NA	NA	NA	NA	
1134	chr7:25389506-25389802	2	NA	NA	NA	NA	NA	
1135	chr7:27250002-27250330	1	262	NA	NA	NA	-314	
1136	chr7:27642222-27642487	1	130	-106	NA	NA	NA	
1137	chr7:27877536-27877767	1	-133	NA	NA	NA	NA	
1138	chr7:28091809-28092158	1	-106	NA	NA	NA	NA	
1139	chr7:28450266-28450658	1	241	NA	-288	NA	NA	
1140	chr7:28576372-28576559	1	-79	NA	NA	NA	NA	
1141	chr7:28843374-28843713	1	182	NA	NA	NA	NA	
1142	chr7:29928635-29928804	1	-66	NA	NA	NA	NA	
1143	chr7:30082369-30082602	1	-104	NA	NA	NA	NA	
1144	chr7:30795150-30795630	1	-272	NA	NA	NA	NA	
1145	chr7:30796185-30796393	1	-120	NA	NA	NA	NA	
1146	chr7:35042348-35042670	1	169	NA	NA	NA	NA	
1147	chr7:35297856-35298094	1	-127	NA	NA	NA	NA	
1148	chr7:43333787-43334039	1	154	NA	NA	NA	NA	
1149	chr7:44592422-44592739	1	-154	-189	298	NA	NA	
1150	chr7:45003549-45003838	1	87	NA	NA	NA	NA	
1151	chr7:45238694-45238940	1	-130	NA	NA	NA	NA	
1152	chr7:45378361-45378695	1	-183	238	291	NA	NA	
1153	chr7:45394083-45394421	1	-147	NA	NA	NA	NA	
1154	chr7:45442087-45442302	1	-110	NA	NA	NA	NA	
1155	chr7:45460112-45460415	1	-198	244	NA	NA	NA	
1156	chr7:45511800-45512124	1	232	NA	NA	NA	NA	
1157	chr7:46475042-46475317	1	-124	180	NA	229	NA	
1158	chr7:46876287-46876529	1	160	NA	NA	NA	NA	
1159	chr7:63937365-63937677	1	290	NA	NA	NA	NA	
1160	chr7:66112099-66112490	1	-23	NA	NA	-359	NA	
1161	chr7:72149084-72149336	1	-137	NA	NA	NA	NA	
1162	chr7:73432270-73432685	1	227	-190	NA	NA	NA	
1163	chr7:74571262-74571782	1	139	-415	NA	NA	NA	
1164	chr7:75328712-75328952	1	-196	-75	NA	NA	NA	
1165	chr7:75483714-75484061	1	174	NA	NA	NA	NA	
1166	chr7:75559590-75559938	1	-129	221	NA	NA	NA	
1167	chr7:80083496-80083749	2	NA	NA	NA	NA	NA	
1168	chr7:89882426-89882678	1	14	NA	NA	NA	NA	
1169	chr7:92750146-92750454	1	120	NA	NA	NA	NA	
1170	chr7:98569238-98569546	1	205	232	NA	NA	NA	
1171	chr7:101429319-101429556	3	NA	149	-83	NA	NA	
1172	chr7:101454740-101454863	3	NA	92	NA	NA	NA	
1173	chr7:102200127-102200426	3	NA	-273	NA	NA	NA	
1174	chr7:109955218-109955570	1	-48	317	NA	NA	NA	
1175	chr7:110223472-110223741	1	-114	NA	NA	NA	NA	
1176	chr7:113952278-113952707	3	NA	171	NA	NA	NA	
1177	chr7:114271008-114271282	1	180	NA	NA	-216	NA	
1178	chr7:118050995-118051196	1	115	NA	NA	NA	NA	
1179	chr7:123169078-123169290	1	-106	NA	NA	NA	NA	
1180	chr7:125263248-125263802	1	-337	122	NA	-260	NA	
1181	chr7:125278225-125278662	1	-207	NA	NA	218	NA	
1182	chr7:125303049-125303409	1	185	NA	NA	NA	NA	
1183	chr7:125429936-125430381	3	NA	-249	NA	NA	NA	
1184	chr7:126397825-126398071	2	NA	NA	NA	NA	NA	
1185	chr7:126445105-126445411	1	161	NA	NA	NA	NA	
1186	chr7:126590325-126590519	2	NA	NA	NA	NA	NA	
1187	chr7:127011469-127011752	1	186	NA	-198	NA	NA	
1188	chr7:127023845-127024198	1	-123	NA	NA	NA	NA	
1189	chr7:127072277-127072536	1	120	105	NA	NA	NA	
1190	chr7:128174853-128175244	1	-252	143	NA	NA	NA	
1191	chr7:132241054-132241392	2	NA	NA	NA	NA	NA	
1192	chr7:132495008-132495209	1	-86	NA	NA	NA	NA	
1193	chr7:139824280-139824660	1	236	NA	329	NA	NA	
1194	chr7:140058350-140058586	1	-101	82	NA	NA	NA	
1195	chr7:140798230-140798572	1	-194	229	NA	NA	NA	
1196	chr7:140833164-140833416	1	-168	NA	NA	NA	NA	
1197	chr7:140923819-140924124	1	-167	NA	NA	NA	NA	
1198	chr7:141265801-141266012	3	NA	180	NA	NA	NA	
1199	chr7:142163211-142163536	1	192	-283	NA	NA	NA	
1200	chr8:4214129-4214413	1	213	NA	NA	NA	NA	
1201	chr8:13601152-13601513	2	NA	NA	NA	NA	NA	
1202	chr8:15014313-15014643	1	313	NA	-296	NA	NA	
1203	chr8:15019128-15019365	1	-121	NA	-160	NA	NA	
1204	chr8:18863840-18864118	1	133	NA	NA	NA	NA	
1205	chr8:24560940-24561388	1	-435	NA	NA	NA	NA	
1206	chr8:26739480-26740132	1	232	NA	NA	NA	NA	
1207	chr8:27119502-27119858	2	NA	NA	NA	NA	NA	
1208	chr8:28602958-28603324	1	-189	NA	NA	NA	NA	
1209	chr8:34850138-34850355	1	-57	NA	NA	NA	NA	
1210	chr8:35363980-35364173	1	63	NA	NA	NA	NA	
1211	chr8:35577003-35577409	3	NA	249	NA	NA	NA	
1212	chr8:37065565-37065933	1	155	-307	NA	NA	NA	
1213	chr8:40513925-40514138	1	-94	NA	NA	NA	NA	
1214	chr8:48254821-48255124	2	NA	NA	NA	NA	NA	
1215	chr8:60379221-60379624	1	-57	NA	NA	NA	NA	
1216	chr8:73478821-73479068	3	NA	53	NA	NA	80	
1217	chr8:73602526-73602865	1	-181	NA	NA	NA	NA	
1218	chr8:74621446-74621767	3	NA	-221	NA	NA	NA	
1219	chr8:75065618-75065934	3	NA	157	NA	NA	NA	
1220	chr8:75283345-75283690	1	-134	-99	NA	NA	NA	
1221	chr8:75420500-75420782	3	NA	-235	NA	NA	NA	
1222	chr8:86669746-86670155	1	362	-75	NA	NA	NA	
1223	chr8:86996820-86997024	3	NA	-84	NA	NA	NA	
1224	chr8:87593612-87593879	1	-246	NA	NA	196	NA	
1225	chr8:88514523-88514808	1	23	NA	NA	NA	NA	
1226	chr8:91588382-91588640	1	111	NA	NA	NA	NA	
1227	chr8:93967503-93967829	1	196	-294	NA	NA	NA	
1228	chr8:97226738-97226959	1	121	NA	NA	NA	NA	
1229	chr8:107520127-107520426	1	-138	NA	NA	NA	NA	
1230	chr8:108155877-108156103	3	NA	140	NA	126	NA	
1231	chr8:108525539-108525782	1	-78	NA	-10	NA	NA	
1232	chr8:109491992-109492255	4	NA	NA	-146	NA	NA	
1233	chr8:109512292-109512660	1	155	NA	NA	NA	NA	
1234	chr8:109532166-109532555	1	-217	NA	NA	NA	NA	
1235	chr8:109825134-109825435	1	-154	NA	NA	NA	NA	
1236	chr8:113825904-113826309	1	88	267	172	NA	NA	
1237	chr8:114482478-114482817	1	-186	NA	NA	NA	NA	
1238	chr8:114853905-114854126	1	206	NA	NA	NA	NA	
1239	chr8:114863110-114863435	3	NA	-152	NA	83	NA	
1240	chr8:116521654-116521943	1	199	NA	NA	NA	NA	
1241	chr8:116565439-116565683	1	-2	60	NA	NA	NA	
1242	chr8:117827747-117827910	3	NA	47	NA	NA	NA	
1243	chr8:117950710-117951138	1	-65	NA	-294	NA	NA	
1244	chr8:118392850-118393147	1	107	205	NA	NA	NA	
1245	chr8:119438234-119438502	1	123	NA	NA	NA	NA	
1246	chr8:119476407-119476811	1	238	NA	NA	NA	NA	
1247	chr8:119939234-119939424	2	NA	NA	NA	NA	NA	
1248	chr8:122672919-122673279	2	NA	NA	NA	NA	NA	
1249	chr8:122716410-122716787	1	244	NA	NA	NA	NA	
1250	chr8:122990404-122990771	1	208	NA	NA	NA	NA	
1251	chr8:123994399-123994711	2	NA	NA	NA	NA	NA	
1252	chr8:125168683-125169185	1	277	NA	NA	NA	NA	
1253	chr8:125169823-125171003	1	-1099	NA	-548	NA	NA	
1254	chr8:125598010-125598333	1	-181	NA	239	NA	NA	
1255	chr8:126731217-126731561	1	-153	197	NA	NA	NA	
1256	chr8:127161836-127162211	1	224	NA	NA	NA	-158	
1257	chr8:127608151-127608680	1	266	NA	366	NA	NA	
1258	chr8:127953698-127954089	1	-162	NA	NA	NA	NA	
1259	chr8:129753914-129754236	1	193	NA	NA	NA	NA	
1260	chr8:129807044-129807246	2	NA	NA	NA	NA	NA	
1261	chr8:130848955-130849268	2	NA	NA	NA	NA	NA	
1262	chr9:3258755-3258930	2	NA	NA	NA	NA	NA	
1263	chr9:13645010-13645262	1	150	NA	NA	NA	NA	
1264	chr9:13840936-13841236	1	-113	NA	NA	NA	NA	
1265	chr9:14626549-14626847	1	105	NA	NA	NA	NA	
1266	chr9:15300649-15301235	1	236	NA	NA	NA	NA	
1267	chr9:20780981-20781586	3	NA	-475	420	NA	NA	
1268	chr9:20842082-20842338	1	-110	NA	-60	NA	NA	
1269	chr9:20887017-20887145	3	NA	-12	NA	NA	NA	
1270	chr9:20911757-20912291	1	231	52	NA	NA	NA	
1271	chr9:21886728-21887002	2	NA	NA	NA	NA	NA	
1272	chr9:22401227-22401477	1	-153	124	NA	NA	NA	
1273	chr9:24292353-24292608	2	NA	NA	NA	NA	NA	
1274	chr9:31136538-31136818	1	-87	NA	NA	NA	NA	
1275	chr9:32253029-32253294	1	-158	171	NA	NA	NA	
1276	chr9:32287411-32288066	1	-376	NA	540	NA	NA	
1277	chr9:32358540-32358777	1	-96	NA	NA	5	NA	
1278	chr9:32481460-32481715	1	-145	NA	NA	NA	NA	
1279	chr9:32490457-32490971	1	237	109	NA	NA	NA	
1280	chr9:32660374-32660710	1	172	NA	NA	NA	NA	
1281	chr9:32677939-32678586	1	402	NA	NA	NA	NA	
1282	chr9:32810572-32810892	1	-146	NA	NA	NA	NA	
1283	chr9:35054803-35055320	2	NA	NA	NA	NA	NA	
1284	chr9:36516679-36516972	1	-107	NA	NA	NA	NA	
1285	chr9:40200622-40200972	1	-106	236	-204	NA	NA	
1286	chr9:40869164-40869533	1	142	NA	NA	NA	NA	
1287	chr9:41784329-41784565	1	-117	NA	NA	NA	NA	
1288	chr9:43763644-43763899	1	-180	NA	NA	NA	NA	
1289	chr9:44288810-44289203	3	NA	-62	NA	-92	NA	
1290	chr9:44737164-44737557	1	-84	NA	28	NA	NA	
1291	chr9:45003115-45003333	1	154	-39	NA	NA	NA	
1292	chr9:45900338-45900684	2	NA	NA	NA	NA	NA	
1293	chr9:45905467-45905789	1	-182	-163	NA	NA	NA	
1294	chr9:48402204-48402401	1	-103	NA	NA	NA	NA	
1295	chr9:48407802-48408095	3	NA	-116	NA	NA	NA	
1296	chr9:48547057-48547410	1	289	NA	NA	NA	NA	
1297	chr9:48556428-48556858	1	-172	NA	NA	NA	NA	
1298	chr9:48571598-48571946	1	219	NA	NA	NA	NA	
1299	chr9:57445489-57446262	1	528	NA	NA	NA	NA	
1300	chr9:58381541-58381887	1	238	-89	NA	NA	NA	
1301	chr9:60792991-60793250	2	NA	NA	NA	NA	NA	
1302	chr9:60796959-60797453	1	360	NA	-201	NA	NA	
1303	chr9:61175768-61176179	1	-178	NA	307	NA	NA	
1304	chr9:61467776-61468113	1	92	NA	-135	NA	NA	
1305	chr9:61477644-61478038	3	NA	257	NA	173	NA	
1306	chr9:61505914-61506261	1	-79	NA	NA	NA	NA	
1307	chr9:63080074-63080447	1	171	NA	NA	NA	NA	
1308	chr9:63518919-63519131	1	-104	NA	62	NA	NA	
1309	chr9:63549313-63549584	2	NA	NA	NA	NA	NA	
1310	chr9:64577729-64578020	1	96	NA	NA	NA	NA	
1311	chr9:65348180-65348401	2	NA	NA	NA	NA	NA	
1312	chr9:66092939-66093132	1	-147	NA	NA	NA	NA	
1313	chr9:66682744-66682997	3	NA	23	NA	159	NA	
1314	chr9:66718481-66718904	1	272	NA	NA	NA	NA	
1315	chr9:68833431-68834156	1	-312	NA	NA	NA	NA	
1316	chr9:69138885-69139315	1	76	NA	NA	NA	NA	
1317	chr9:70890696-70890900	1	115	NA	NA	NA	NA	
1318	chr9:71896633-71896952	1	-127	NA	NA	NA	NA	
1319	chr9:72264409-72264673	1	140	-124	NA	NA	NA	
1320	chr9:75195879-75196387	1	349	-303	NA	NA	NA	
1321	chr9:77795884-77796152	3	NA	143	NA	NA	NA	
1322	chr9:77859445-77859860	2	NA	NA	NA	NA	NA	
1323	chr9:77962587-77962781	2	NA	NA	NA	NA	NA	
1324	chr9:78233565-78233920	1	191	-229	NA	NA	NA	
1325	chr9:79567012-79567325	2	NA	NA	NA	NA	NA	
1326	chr9:88328042-88328270	3	NA	179	NA	152	NA	
1327	chr9:90034716-90035062	1	-229	NA	NA	NA	NA	
1328	chr9:94419971-94420271	1	189	-168	NA	NA	NA	
1329	chr9:94430133-94430462	1	-193	NA	NA	246	NA	
1330	chr9:94477813-94478221	1	-217	106	NA	NA	NA	
1331	chr9:94487591-94487963	1	281	NA	NA	NA	NA	
1332	chr9:95098448-95098668	1	95	NA	NA	NA	NA	
1333	chr9:95121161-95121356	3	NA	-52	NA	NA	NA	
1334	chr9:96436815-96437171	1	321	NA	83	179	NA	
1335	chr9:96505635-96505976	1	196	NA	NA	NA	NA	
1336	chr9:98105691-98105901	1	120	NA	NA	NA	NA	
1337	chr9:100331437-100331772	1	186	173	87	NA	NA	
1338	chr9:102630365-102630535	2	NA	NA	NA	NA	NA	
1339	chr9:103086470-103086835	1	234	-155	NA	NA	NA	
1340	chr9:106646109-106646390	1	-138	NA	NA	NA	116	
1341	chr9:107148001-107148254	1	-107	NA	NA	NA	NA	
1342	chr9:107153812-107154063	1	-147	NA	NA	NA	NA	
1343	chr9:107844572-107844822	1	122	NA	-89	NA	NA	
1344	chr9:108916546-108916989	1	-239	NA	NA	NA	NA	
1345	chr9:110530333-110530634	1	-200	NA	NA	NA	NA	
1346	chr9:110753087-110753351	1	-143	NA	NA	-157	NA	
1347	chr9:114270391-114270783	1	234	203	NA	NA	NA	
1348	chr9:114289277-114289623	1	-216	NA	-58	NA	NA	
1349	chr9:114300371-114300687	1	198	NA	NA	NA	NA	
1350	chr9:115472685-115472945	1	100	NA	NA	NA	NA	
1351	chr9:116186929-116187262	1	-176	NA	NA	NA	NA	
1352	chr9:117751031-117751283	1	24	NA	NA	128	NA	
1353	chr9:117907845-117908084	1	-88	NA	NA	NA	NA	
1354	chr9:119592723-119592983	3	NA	-37	NA	61	NA	
1355	chr9:119879116-119879520	2	NA	NA	NA	NA	NA	
1356	chr9:120425793-120426022	1	-187	NA	NA	NA	NA	
1357	chr9:120810320-120810635	1	186	NA	NA	NA	NA	
1358	chr9:122037327-122037693	3	NA	253	NA	145	NA	
1359	chr9:123603175-123603477	1	-193	NA	NA	NA	NA	
1360	chrX:6729447-6729702	1	88	NA	NA	NA	NA	
1361	chrX:12809207-12809534	2	NA	NA	NA	NA	NA	
1362	chrX:22854366-22854639	1	-230	NA	NA	NA	NA	
1363	chrX:38588210-38588422	1	-160	NA	NA	NA	NA	
1364	chrX:44683821-44684067	1	-95	NA	NA	NA	NA	
1365	chrX:46841871-46842155	1	132	NA	12	NA	NA	
1366	chrX:46849797-46849958	1	91	NA	NA	NA	NA	
1367	chrX:53534100-53534412	1	9	NA	NA	NA	NA	
1368	chrX:70523299-70523612	1	234	NA	NA	NA	NA	
1369	chrX:74054346-74054626	1	-104	127	NA	NA	NA	
1370	chrX:81826945-81827274	1	-222	NA	202	NA	NA	
1371	chrX:83490996-83491196	2	NA	NA	NA	NA	NA	
1372	chrX:98234637-98234755	1	-42	NA	NA	NA	NA	
1373	chrX:102907259-102907694	1	328	315	NA	NA	NA	
1374	chrX:129947221-129947482	1	-181	NA	NA	NA	NA	
1375	chrX:132384196-132384479	1	-101	NA	NA	NA	NA	
1376	chrX:137635881-137636191	1	188	-136	NA	NA	NA	
1377	chrX:159294987-159295237	1	-132	NA	NA	NA	NA	
