Number of sequences: 6899
Number of programs: 6
Number of motifs: 13
Motif widths: 12 17 15 18 17 16 16 15 40 14 20 31 40 
Program 1: total 4317
 motif #1: 4317 of 4317 (0.999977 posterior)
 motif #2: 794 of 4317 (0.183939 posterior)
 motif #3: 165 of 4317 (0.038242 posterior)
 motif #4: 282 of 4317 (0.065343 posterior)
 motif #5: 218 of 4317 (0.050519 posterior)
 motif #6: 106 of 4317 (0.024576 posterior)
 motif #7: 135 of 4317 (0.031293 posterior)
 motif #8: 45 of 4317 (0.010447 posterior)
 motif #9: 63 of 4317 (0.014616 posterior)
 motif #10: 36 of 4317 (0.008362 posterior)
 motif #11: 38 of 4317 (0.008825 posterior)
 motif #12: 40 of 4317 (0.009288 posterior)
 motif #13: 22 of 4317 (0.005119 posterior)

Program 2: total 1210

Program 3: total 826
 motif #2: 826 of 826 (0.999879 posterior)
 motif #4: 52 of 826 (0.063060 posterior)
 motif #5: 2 of 826 (0.002542 posterior)
 motif #8: 51 of 826 (0.061849 posterior)
 motif #10: 8 of 826 (0.009804 posterior)
 motif #11: 7 of 826 (0.008594 posterior)
 motif #12: 5 of 826 (0.006173 posterior)
 motif #13: 3 of 826 (0.003752 posterior)

Program 4: total 465
 motif #2: 67 of 465 (0.144239 posterior)
 motif #3: 465 of 465 (0.999785 posterior)
 motif #4: 32 of 465 (0.069003 posterior)
 motif #5: 40 of 465 (0.086199 posterior)
 motif #6: 25 of 465 (0.053955 posterior)
 motif #7: 22 of 465 (0.047506 posterior)
 motif #8: 18 of 465 (0.038908 posterior)
 motif #9: 7 of 465 (0.015262 posterior)
 motif #10: 4 of 465 (0.008813 posterior)
 motif #13: 2 of 465 (0.004514 posterior)

Program 5: total 50
 motif #2: 50 of 50 (0.998008 posterior)
 motif #3: 10 of 50 (0.201195 posterior)
 motif #5: 2 of 50 (0.041833 posterior)
 motif #6: 50 of 50 (0.998008 posterior)
 motif #7: 7 of 50 (0.141434 posterior)
 motif #10: 2 of 50 (0.041833 posterior)
 motif #11: 3 of 50 (0.061753 posterior)
 motif #12: 2 of 50 (0.041833 posterior)

Program 6: total 31
 motif #4: 15 of 31 (0.483974 posterior)
 motif #5: 11 of 31 (0.355769 posterior)
 motif #7: 10 of 31 (0.323718 posterior)
 motif #8: 1 of 31 (0.035256 posterior)
 motif #10: 6 of 31 (0.195513 posterior)
 motif #12: 1 of 31 (0.035256 posterior)
 motif #13: 1 of 31 (0.035256 posterior)

Motif #1
total sequences 4317
A	[ 1524.0	939.0	3024.0	252.0	4317.0	33.0	3484.0	3304.0	1082.0	2223.0	1948.0	1054.0	]
C	[ 445.0	1410.0	62.0	-0.0	0.0	162.0	0.0	134.0	972.0	756.0	569.0	1259.0	]
G	[ 1234.0	1337.0	-0.0	4065.0	0.0	0.0	422.0	729.0	1802.0	976.0	650.0	715.0	]
T	[ 1114.0	631.0	1231.0	-0.0	0.0	4122.0	411.0	150.0	461.0	362.0	1150.0	1289.0	]
Motif #2
total sequences 1737
A	[ 556.0	390.0	168.0	225.0	988.0	-0.0	216.0	-0.0	0.0	-0.0	13.0	19.0	128.0	182.0	317.0	293.0	292.0	]
C	[ 418.0	596.0	818.0	872.0	234.0	1190.0	71.0	0.0	1718.0	1733.0	9.0	406.0	512.0	652.0	358.0	564.0	471.0	]
G	[ 271.0	319.0	104.0	219.0	237.0	32.0	-0.0	0.0	19.0	1.0	12.0	972.0	107.0	290.0	240.0	375.0	334.0	]
T	[ 492.0	432.0	647.0	421.0	278.0	515.0	1450.0	1737.0	0.0	3.0	1703.0	340.0	990.0	613.0	822.0	505.0	640.0	]
Motif #3
total sequences 640
A	[ 230.0	258.0	213.0	193.0	184.0	490.0	584.0	534.0	3.0	1.0	596.0	68.0	640.0	174.0	238.0	]
C	[ 171.0	167.0	137.0	151.0	182.0	65.0	0.0	0.0	626.0	605.0	44.0	568.0	0.0	80.0	164.0	]
G	[ 125.0	104.0	138.0	166.0	221.0	0.0	56.0	106.0	11.0	0.0	-0.0	4.0	0.0	256.0	113.0	]
T	[ 114.0	111.0	152.0	130.0	53.0	85.0	0.0	0.0	-0.0	34.0	-0.0	0.0	-0.0	130.0	125.0	]
Motif #4
total sequences 381
A	[ 75.0	82.0	42.0	27.0	-0.0	22.0	34.0	132.0	25.0	-0.0	0.0	58.0	65.0	173.0	87.0	35.0	52.0	56.0	]
C	[ 190.0	181.0	180.0	286.0	330.0	351.0	262.0	25.0	355.0	381.0	323.0	260.0	291.0	139.0	189.0	258.0	249.0	212.0	]
G	[ 49.0	17.0	48.0	2.0	-0.0	3.0	-0.0	86.0	1.0	0.0	-0.0	-0.0	8.0	0.0	54.0	43.0	-0.0	20.0	]
T	[ 67.0	101.0	111.0	66.0	51.0	5.0	85.0	138.0	0.0	0.0	58.0	63.0	17.0	69.0	51.0	45.0	80.0	93.0	]
Motif #5
total sequences 273
A	[ 77.0	91.0	30.0	83.0	34.0	2.0	14.0	273.0	-0.0	1.0	0.0	273.0	0.0	62.0	54.0	49.0	31.0	]
C	[ 77.0	58.0	122.0	42.0	125.0	0.0	0.0	0.0	108.0	0.0	273.0	0.0	113.0	110.0	67.0	88.0	89.0	]
G	[ 53.0	46.0	64.0	48.0	78.0	0.0	229.0	0.0	162.0	0.0	0.0	-0.0	42.0	9.0	46.0	47.0	53.0	]
T	[ 66.0	78.0	57.0	100.0	36.0	271.0	30.0	0.0	3.0	272.0	0.0	0.0	118.0	92.0	106.0	89.0	100.0	]
Motif #6
total sequences 181
A	[ 90.0	0.0	181.0	0.0	117.0	94.0	28.0	24.0	181.0	0.0	2.0	66.0	40.0	43.0	59.0	56.0	]
C	[ 6.0	0.0	0.0	0.0	0.0	18.0	56.0	66.0	0.0	0.0	177.0	0.0	22.0	47.0	28.0	49.0	]
G	[ 0.0	181.0	0.0	0.0	0.0	52.0	67.0	71.0	0.0	0.0	2.0	0.0	77.0	39.0	54.0	36.0	]
T	[ 85.0	0.0	0.0	181.0	64.0	17.0	30.0	20.0	0.0	181.0	0.0	115.0	42.0	52.0	40.0	40.0	]
Motif #7
total sequences 174
A	[ 101.0	131.0	171.0	167.0	85.0	43.0	154.0	174.0	165.0	75.0	79.0	123.0	162.0	96.0	120.0	127.0	]
C	[ 39.0	38.0	3.0	0.0	38.0	108.0	20.0	0.0	4.0	69.0	89.0	50.0	0.0	38.0	44.0	39.0	]
G	[ 8.0	5.0	0.0	0.0	42.0	18.0	0.0	0.0	5.0	30.0	0.0	0.0	0.0	16.0	10.0	0.0	]
T	[ 26.0	0.0	0.0	7.0	9.0	5.0	0.0	0.0	0.0	0.0	6.0	1.0	12.0	24.0	0.0	8.0	]
Motif #8
total sequences 115
A	[ 27.0	13.0	28.0	18.0	65.0	2.0	115.0	0.0	97.0	28.0	22.0	112.0	0.0	0.0	52.0	]
C	[ 19.0	31.0	38.0	37.0	0.0	0.0	0.0	-0.0	0.0	36.0	92.0	0.0	0.0	112.0	0.0	]
G	[ 35.0	34.0	19.0	28.0	0.0	113.0	0.0	0.0	-0.0	48.0	1.0	3.0	3.0	3.0	0.0	]
T	[ 34.0	37.0	30.0	32.0	50.0	0.0	0.0	115.0	18.0	3.0	-0.0	0.0	112.0	0.0	63.0	]
Motif #9
total sequences 70
A	[ 14.0	10.0	0.0	0.0	10.0	0.0	4.0	4.0	0.0	0.0	0.0	7.0	20.0	0.0	8.0	-0.0	-0.0	20.0	7.0	26.0	13.0	14.0	25.0	32.0	15.0	23.0	18.0	8.0	18.0	19.0	12.0	22.0	24.0	18.0	12.0	14.0	15.0	18.0	19.0	9.0	]
C	[ 10.0	7.0	5.0	-0.0	0.0	0.0	3.0	0.0	0.0	5.0	0.0	0.0	5.0	2.0	0.0	0.0	0.0	3.0	8.0	1.0	0.0	5.0	2.0	4.0	12.0	6.0	6.0	18.0	13.0	15.0	15.0	11.0	14.0	13.0	14.0	10.0	21.0	15.0	19.0	20.0	]
G	[ 29.0	34.0	65.0	70.0	60.0	68.0	30.0	41.0	67.0	65.0	70.0	63.0	13.0	63.0	55.0	70.0	69.0	29.0	45.0	37.0	49.0	47.0	42.0	28.0	34.0	31.0	38.0	26.0	21.0	17.0	29.0	21.0	20.0	26.0	34.0	24.0	15.0	26.0	20.0	19.0	]
T	[ 17.0	19.0	-0.0	0.0	0.0	2.0	33.0	25.0	3.0	0.0	0.0	-0.0	32.0	5.0	7.0	-0.0	1.0	18.0	10.0	6.0	8.0	4.0	1.0	6.0	9.0	10.0	8.0	18.0	18.0	19.0	14.0	16.0	12.0	13.0	10.0	22.0	19.0	11.0	12.0	22.0	]
Motif #10
total sequences 56
A	[ 40.0	0.0	49.0	0.0	53.0	0.0	55.0	2.0	42.0	0.0	56.0	0.0	50.0	2.0	]
C	[ -0.0	44.0	0.0	56.0	0.0	51.0	0.0	54.0	1.0	53.0	0.0	56.0	0.0	54.0	]
G	[ 15.0	2.0	6.0	0.0	0.0	0.0	-0.0	0.0	13.0	2.0	0.0	0.0	3.0	-0.0	]
T	[ 1.0	10.0	1.0	0.0	3.0	5.0	1.0	0.0	0.0	1.0	0.0	0.0	3.0	-0.0	]
Motif #11
total sequences 48
A	[ 26.0	38.0	31.0	27.0	45.0	48.0	22.0	48.0	42.0	25.0	46.0	47.0	19.0	45.0	41.0	28.0	33.0	32.0	38.0	28.0	]
C	[ 12.0	0.0	-0.0	21.0	3.0	-0.0	18.0	0.0	4.0	23.0	-0.0	1.0	27.0	3.0	0.0	19.0	8.0	16.0	9.0	10.0	]
G	[ 4.0	9.0	17.0	0.0	0.0	0.0	2.0	0.0	2.0	0.0	2.0	-0.0	0.0	0.0	5.0	1.0	7.0	0.0	1.0	0.0	]
T	[ 6.0	1.0	0.0	0.0	0.0	-0.0	6.0	0.0	0.0	0.0	0.0	0.0	2.0	0.0	2.0	0.0	0.0	-0.0	0.0	10.0	]
Motif #12
total sequences 48
A	[ 8.0	4.0	0.0	12.0	11.0	4.0	10.0	2.0	-0.0	3.0	5.0	0.0	1.0	0.0	0.0	0.0	13.0	4.0	2.0	0.0	4.0	19.0	9.0	7.0	17.0	2.0	10.0	6.0	9.0	8.0	16.0	]
C	[ 5.0	0.0	12.0	9.0	7.0	-0.0	2.0	1.0	0.0	5.0	3.0	1.0	0.0	0.0	0.0	0.0	10.0	0.0	0.0	0.0	0.0	5.0	6.0	16.0	8.0	7.0	21.0	10.0	11.0	12.0	15.0	]
G	[ 13.0	27.0	24.0	12.0	22.0	40.0	36.0	41.0	46.0	22.0	15.0	47.0	47.0	45.0	48.0	46.0	3.0	40.0	46.0	48.0	37.0	15.0	22.0	19.0	1.0	24.0	17.0	7.0	15.0	17.0	2.0	]
T	[ 22.0	17.0	12.0	15.0	8.0	4.0	0.0	4.0	2.0	18.0	25.0	0.0	0.0	3.0	0.0	2.0	22.0	4.0	0.0	0.0	7.0	9.0	11.0	6.0	22.0	15.0	-0.0	25.0	13.0	11.0	15.0	]
Motif #13
total sequences 28
A	[ 17.0	18.0	16.0	15.0	17.0	14.0	16.0	14.0	15.0	15.0	25.0	25.0	26.0	26.0	16.0	19.0	27.0	25.0	28.0	9.0	21.0	26.0	24.0	19.0	17.0	19.0	28.0	10.0	16.0	21.0	26.0	8.0	13.0	20.0	25.0	12.0	24.0	9.0	12.0	14.0	]
C	[ 0.0	1.0	1.0	7.0	4.0	7.0	0.0	3.0	1.0	4.0	3.0	2.0	0.0	2.0	8.0	8.0	0.0	0.0	0.0	16.0	7.0	2.0	4.0	9.0	10.0	7.0	0.0	13.0	11.0	7.0	0.0	15.0	11.0	5.0	3.0	13.0	1.0	9.0	5.0	6.0	]
G	[ 3.0	4.0	7.0	6.0	5.0	5.0	0.0	1.0	1.0	4.0	0.0	0.0	2.0	0.0	0.0	1.0	1.0	3.0	0.0	0.0	0.0	0.0	0.0	0.0	0.0	0.0	0.0	3.0	0.0	0.0	0.0	0.0	0.0	1.0	0.0	3.0	3.0	9.0	4.0	2.0	]
T	[ 8.0	5.0	4.0	0.0	2.0	2.0	12.0	10.0	11.0	5.0	0.0	1.0	0.0	0.0	4.0	0.0	0.0	0.0	0.0	3.0	0.0	0.0	0.0	0.0	1.0	2.0	0.0	2.0	1.0	0.0	2.0	5.0	4.0	2.0	0.0	0.0	0.0	1.0	7.0	6.0	]
Motif #1; total sequences 4317; NNaGATAaNaNN / NNtNtTATCtNN
Motif #2; total sequences 1737; NNNcacTTCCTgtNNNN / NNNNacAGGAAgtgNNN
Motif #3; total sequences 640; NNNNNaAACCACANN / NNTGTGGTTtNNNNN
Motif #4; total sequences 381; NNNcCCcNCCCccNNccc / gggNNggGGGNgGGgNNN
Motif #5; total sequences 273; NNNNNTGAgTCANNNNN / NNNNNTGAcTCANNNNN
Motif #6; total sequences 181; WGATaaNNATCtNNNN / NNNNaGATNNttATCW
Motif #7; total sequences 174; aaAANcAAANcaAaaa / tttTtgNTTTgNTTtt
Motif #8; total sequences 115; NNNNaGATANcATCt / aGATgNTATCtNNNN
Motif #9; total sequences 70; NNGGGGNgGGGGNGgGGNgggggNNNgNNNNNNNNNNNNN / NNNNNNNNNNNNNcNNNcccccNCCcCNCCCCcNCCCCNN
Motif #10; total sequences 56; acACACACaCACAC / GTGTGtGTGTGTgt
Motif #11; total sequences 48; aaaaAANAAaAAcAAaaaaa / tttttTTgTTtTTNTTtttt
Motif #12; total sequences 48; NgNNNGgGGNtGGGGGNGGGgNNNNNNtNNN / NNNaNNNNNNcCCCNCCCCCaNCCcCNNNcN
Motif #13; total sequences 28; aaaaaNaNaaAAAAaaAAAcaAAaaaANaaAcNaANANNN / NNNTNTtNgTttNTtttTTtgTTTttTTTTttNtNttttt

Full posterior for run 7 is 42869.064674
