Number of sequences: 1256
Number of programs: 4
Number of motifs: 16
Motif widths: 16 13 12 22 12 12 12 24 12 21 12 14 16 24 12 14 
Program 1: total 862
 motif #1: 862 of 862 (0.999884 posterior)
 motif #2: 358 of 862 (0.415333 posterior)
 motif #3: 266 of 862 (0.308629 posterior)
 motif #4: 186 of 862 (0.215843 posterior)
 motif #5: 121 of 862 (0.140455 posterior)
 motif #6: 71 of 862 (0.082463 posterior)
 motif #7: 77 of 862 (0.089422 posterior)
 motif #8: 46 of 862 (0.053468 posterior)
 motif #9: 37 of 862 (0.043029 posterior)
 motif #10: 28 of 862 (0.032591 posterior)
 motif #11: 30 of 862 (0.034911 posterior)
 motif #12: 14 of 862 (0.016354 posterior)
 motif #13: 20 of 862 (0.023312 posterior)
 motif #14: 11 of 862 (0.012874 posterior)
 motif #15: 1 of 862 (0.001276 posterior)
 motif #16: 21 of 862 (0.024472 posterior)

Program 2: total 203
 motif #2: 198 of 203 (0.974902 posterior)
 motif #3: 77 of 203 (0.379429 posterior)
 motif #4: 12 of 203 (0.059547 posterior)
 motif #5: 31 of 203 (0.153051 posterior)
 motif #6: 15 of 203 (0.074311 posterior)
 motif #7: 1 of 203 (0.005413 posterior)
 motif #8: 6 of 203 (0.030020 posterior)
 motif #9: 14 of 203 (0.069390 posterior)
 motif #10: 8 of 203 (0.039862 posterior)
 motif #11: 1 of 203 (0.005413 posterior)
 motif #12: 6 of 203 (0.030020 posterior)
 motif #13: 3 of 203 (0.015256 posterior)
 motif #14: 12 of 203 (0.059547 posterior)
 motif #15: 15 of 203 (0.074311 posterior)

Program 3: total 172

Program 4: total 19
 motif #4: 1 of 19 (0.057292 posterior)
 motif #5: 3 of 19 (0.161458 posterior)
 motif #6: 1 of 19 (0.057292 posterior)
 motif #11: 1 of 19 (0.057292 posterior)
 motif #12: 10 of 19 (0.526042 posterior)
 motif #13: 1 of 19 (0.057292 posterior)
 motif #15: 6 of 19 (0.317708 posterior)
 motif #16: 1 of 19 (0.057292 posterior)

Motif #1
total sequences 862
A	[ 104.0	147.0	72.0	80.0	135.0	98.0	108.0	125.0	34.0	31.0	362.0	-0.0	15.0	40.0	0.0	-0.0	]
C	[ 384.0	334.0	441.0	415.0	411.0	497.0	476.0	225.0	498.0	730.0	143.0	791.0	248.0	0.0	862.0	862.0	]
G	[ 191.0	209.0	185.0	161.0	191.0	116.0	88.0	313.0	45.0	48.0	145.0	0.0	4.0	60.0	-0.0	0.0	]
T	[ 183.0	172.0	164.0	206.0	125.0	151.0	190.0	199.0	285.0	53.0	212.0	71.0	595.0	762.0	0.0	-0.0	]
Motif #2
total sequences 556
A	[ 31.0	84.0	388.0	0.0	43.0	-0.0	-0.0	-0.0	0.0	0.0	9.0	40.0	48.0	]
C	[ 263.0	284.0	0.0	471.0	-0.0	-0.0	556.0	555.0	-0.0	98.0	204.0	223.0	202.0	]
G	[ 147.0	106.0	168.0	-0.0	-0.0	-0.0	-0.0	1.0	381.0	412.0	40.0	103.0	137.0	]
T	[ 115.0	82.0	-0.0	85.0	513.0	556.0	-0.0	-0.0	175.0	46.0	303.0	190.0	169.0	]
Motif #3
total sequences 343
A	[ 0.0	-0.0	24.0	26.0	90.0	-0.0	0.0	15.0	44.0	22.0	89.0	72.0	]
C	[ 343.0	295.0	316.0	317.0	-0.0	341.0	342.0	287.0	274.0	200.0	79.0	113.0	]
G	[ 0.0	0.0	0.0	-0.0	227.0	2.0	1.0	-0.0	0.0	39.0	98.0	104.0	]
T	[ 0.0	48.0	3.0	-0.0	26.0	-0.0	-0.0	41.0	25.0	82.0	77.0	54.0	]
Motif #4
total sequences 199
A	[ 23.0	35.0	22.0	17.0	21.0	12.0	27.0	9.0	9.0	15.0	10.0	0.0	1.0	199.0	1.0	1.0	15.0	0.0	18.0	24.0	32.0	15.0	]
C	[ 102.0	57.0	102.0	73.0	25.0	95.0	100.0	9.0	164.0	157.0	0.0	199.0	197.0	0.0	0.0	115.0	18.0	50.0	32.0	77.0	83.0	71.0	]
G	[ 45.0	78.0	31.0	91.0	129.0	71.0	62.0	154.0	4.0	18.0	189.0	0.0	1.0	0.0	0.0	62.0	21.0	0.0	117.0	81.0	41.0	65.0	]
T	[ 29.0	29.0	44.0	18.0	24.0	21.0	10.0	27.0	22.0	9.0	0.0	0.0	0.0	0.0	198.0	21.0	145.0	149.0	32.0	17.0	43.0	48.0	]
Motif #5
total sequences 155
A	[ 22.0	33.0	57.0	20.0	2.0	154.0	-0.0	1.0	12.0	1.0	154.0	0.0	]
C	[ 59.0	31.0	31.0	39.0	59.0	1.0	113.0	0.0	9.0	77.0	0.0	131.0	]
G	[ 55.0	78.0	54.0	10.0	94.0	0.0	2.0	154.0	-0.0	71.0	0.0	0.0	]
T	[ 19.0	13.0	13.0	86.0	-0.0	-0.0	40.0	-0.0	134.0	6.0	1.0	24.0	]
Motif #6
total sequences 87
A	[ -0.0	42.0	28.0	-0.0	-0.0	-0.0	5.0	87.0	-0.0	3.0	5.0	8.0	]
C	[ 14.0	32.0	8.0	-0.0	-0.0	-0.0	-0.0	-0.0	-0.0	-0.0	0.0	30.0	]
G	[ 56.0	-0.0	21.0	87.0	86.0	-0.0	82.0	-0.0	87.0	18.0	58.0	38.0	]
T	[ 17.0	13.0	30.0	-0.0	1.0	87.0	-0.0	-0.0	-0.0	66.0	24.0	11.0	]
Motif #7
total sequences 78
A	[ 48.0	23.0	2.0	-0.0	78.0	78.0	-0.0	20.0	41.0	14.0	38.0	17.0	]
C	[ -0.0	-0.0	75.0	78.0	-0.0	-0.0	-0.0	36.0	-0.0	7.0	35.0	-0.0	]
G	[ 30.0	50.0	-0.0	-0.0	-0.0	-0.0	-0.0	22.0	37.0	57.0	-0.0	60.0	]
T	[ -0.0	5.0	1.0	-0.0	-0.0	-0.0	78.0	-0.0	-0.0	-0.0	5.0	1.0	]
Motif #8
total sequences 52
A	[ 17.0	4.0	-0.0	2.0	9.0	-0.0	5.0	9.0	4.0	-0.0	1.0	8.0	8.0	-0.0	2.0	4.0	13.0	7.0	1.0	4.0	5.0	-0.0	5.0	17.0	]
C	[ -0.0	20.0	10.0	-0.0	11.0	3.0	4.0	-0.0	1.0	2.0	-0.0	2.0	-0.0	-0.0	2.0	-0.0	6.0	15.0	17.0	7.0	5.0	2.0	6.0	9.0	]
G	[ 14.0	22.0	9.0	8.0	5.0	8.0	25.0	3.0	10.0	8.0	0.0	24.0	23.0	0.0	-0.0	10.0	6.0	-0.0	12.0	19.0	0.0	9.0	1.0	3.0	]
T	[ 21.0	6.0	33.0	42.0	27.0	41.0	18.0	40.0	37.0	42.0	51.0	18.0	21.0	52.0	48.0	38.0	27.0	30.0	22.0	22.0	42.0	41.0	40.0	23.0	]
Motif #9
total sequences 51
A	[ 37.0	45.0	33.0	25.0	-0.0	47.0	45.0	40.0	40.0	8.0	47.0	51.0	]
C	[ 13.0	0.0	-0.0	6.0	38.0	4.0	3.0	8.0	0.0	34.0	-0.0	0.0	]
G	[ -0.0	6.0	18.0	18.0	13.0	-0.0	3.0	3.0	11.0	4.0	1.0	0.0	]
T	[ 1.0	-0.0	-0.0	2.0	0.0	0.0	0.0	-0.0	0.0	5.0	3.0	-0.0	]
Motif #10
total sequences 36
A	[ 9.0	7.0	8.0	2.0	1.0	0.0	0.0	11.0	1.0	0.0	11.0	0.0	3.0	12.0	0.0	0.0	19.0	0.0	1.0	13.0	10.0	]
C	[ 15.0	2.0	0.0	25.0	0.0	2.0	36.0	0.0	0.0	33.0	8.0	0.0	33.0	0.0	1.0	27.0	0.0	4.0	27.0	5.0	6.0	]
G	[ 5.0	25.0	28.0	0.0	33.0	34.0	0.0	25.0	35.0	0.0	17.0	36.0	0.0	24.0	35.0	0.0	14.0	31.0	6.0	14.0	20.0	]
T	[ 7.0	2.0	0.0	9.0	2.0	0.0	0.0	0.0	0.0	3.0	0.0	0.0	0.0	0.0	0.0	9.0	3.0	1.0	2.0	4.0	0.0	]
Motif #11
total sequences 32
A	[ 21.0	15.0	13.0	-0.0	0.0	11.0	32.0	32.0	32.0	-0.0	24.0	0.0	]
C	[ 7.0	0.0	10.0	19.0	3.0	21.0	-0.0	-0.0	-0.0	21.0	4.0	12.0	]
G	[ 3.0	5.0	0.0	-0.0	11.0	-0.0	-0.0	-0.0	-0.0	-0.0	-0.0	12.0	]
T	[ 1.0	12.0	9.0	13.0	18.0	-0.0	0.0	-0.0	-0.0	11.0	4.0	8.0	]
Motif #12
total sequences 30
A	[ 16.0	0.0	30.0	0.0	0.0	0.0	1.0	0.0	30.0	0.0	2.0	4.0	7.0	6.0	]
C	[ 0.0	0.0	0.0	0.0	11.0	18.0	1.0	0.0	0.0	0.0	28.0	0.0	8.0	5.0	]
G	[ 0.0	30.0	0.0	0.0	13.0	7.0	0.0	0.0	0.0	1.0	0.0	3.0	9.0	8.0	]
T	[ 14.0	0.0	0.0	30.0	6.0	5.0	28.0	30.0	0.0	29.0	0.0	23.0	6.0	11.0	]
Motif #13
total sequences 24
A	[ 9.0	3.0	0.0	6.0	0.0	0.0	0.0	0.0	0.0	24.0	0.0	24.0	2.0	0.0	0.0	-0.0	]
C	[ -0.0	7.0	0.0	18.0	0.0	24.0	0.0	24.0	0.0	0.0	0.0	-0.0	8.0	7.0	5.0	12.0	]
G	[ 15.0	7.0	1.0	0.0	0.0	0.0	24.0	0.0	24.0	0.0	21.0	0.0	5.0	0.0	-0.0	8.0	]
T	[ 0.0	7.0	23.0	0.0	24.0	0.0	0.0	0.0	0.0	-0.0	3.0	0.0	9.0	17.0	19.0	4.0	]
Motif #14
total sequences 23
A	[ 7.0	4.0	2.0	0.0	9.0	0.0	0.0	2.0	0.0	0.0	0.0	0.0	22.0	5.0	6.0	0.0	0.0	0.0	19.0	0.0	0.0	0.0	2.0	5.0	]
C	[ 3.0	0.0	0.0	17.0	12.0	11.0	5.0	13.0	6.0	0.0	0.0	0.0	0.0	3.0	3.0	0.0	0.0	1.0	0.0	0.0	0.0	10.0	9.0	2.0	]
G	[ 10.0	12.0	21.0	3.0	2.0	0.0	7.0	1.0	0.0	23.0	23.0	23.0	1.0	15.0	0.0	0.0	23.0	2.0	4.0	21.0	0.0	1.0	1.0	5.0	]
T	[ 3.0	7.0	0.0	3.0	0.0	12.0	11.0	7.0	17.0	0.0	0.0	0.0	0.0	0.0	14.0	23.0	0.0	20.0	0.0	2.0	23.0	12.0	11.0	11.0	]
Motif #15
total sequences 22
A	[ 14.0	22.0	-0.0	5.0	3.0	16.0	8.0	22.0	3.0	14.0	-0.0	17.0	]
C	[ 8.0	-0.0	22.0	4.0	19.0	-0.0	8.0	-0.0	17.0	-0.0	22.0	-0.0	]
G	[ -0.0	-0.0	-0.0	11.0	0.0	1.0	-0.0	-0.0	1.0	-0.0	0.0	-0.0	]
T	[ -0.0	-0.0	-0.0	2.0	-0.0	5.0	6.0	-0.0	1.0	8.0	-0.0	5.0	]
Motif #16
total sequences 22
A	[ 5.0	-0.0	1.0	-0.0	22.0	17.0	20.0	-0.0	-0.0	1.0	20.0	-0.0	0.0	-0.0	]
C	[ 9.0	-0.0	-0.0	1.0	-0.0	3.0	0.0	16.0	8.0	1.0	-0.0	-0.0	0.0	22.0	]
G	[ 8.0	22.0	21.0	21.0	0.0	0.0	2.0	6.0	0.0	20.0	0.0	22.0	18.0	-0.0	]
T	[ -0.0	0.0	0.0	0.0	-0.0	2.0	0.0	0.0	14.0	-0.0	2.0	0.0	4.0	-0.0	]
Motif #1; total sequences 862; NNcNNccNcCNCtTCC / GGAaGNGgNggNNgNN
Motif #2; total sequences 556; NcaCTTCCggtNN / NNaccGGAAGtgN
Motif #3; total sequences 343; CCCCgCCCccNN / NNggGGGcGGGG
Motif #4; total sequences 199; cNcNgNcgCcGCCATcttgNNN / NNNcaagATGGCgGcgNcNgNg
Motif #5; total sequences 155; NgNtgAcGTSAC / GTSACgTcaNcN
Motif #6; total sequences 87; gNNGGTGAGtgN / NcaCTCACCNNc
Motif #7; total sequences 78; agCCAATNagMg / cKctNATTGGct
Motif #8; total sequences 52; NNtTttNttTTNNTTtttNNTttN / NaaANNaaaAANNAAaaNaaAaNN
Motif #9; total sequences 51; aAaNcAAaacAA / TTgttTTgNtTt
Motif #10; total sequences 36; NggcGGCgGCNGCgGcaGcNg / cNgCtgCcGCNGCcGCCgccN
Motif #11; total sequences 32; aNNctcAAAcaN / NtgTTTgagNNt
Motif #12; total sequences 30; aGATNcTTATCtNN / NNaGATAAgNATCt
Motif #13; total sequences 24; gNTcTCGCGAGANttN / NaaNTCTCGCGAgANc
Motif #14; total sequences 23; NgGcctNctGGGAgtTGTAGTtNN / NNaACTACAacTCCCagNaggCcN
Motif #15; total sequences 22; aACNCaNAcaCa / tGtgTNtGNGTt
Motif #16; total sequences 22; NGGGAaActGAGGC / GCCTCagTtTCCCN

Full posterior for run 2 is 17363.713660
