Number of sequences: 2054
Number of programs: 3
Number of motifs: 11
Motif widths: 13 12 17 12 12 13 19 14 12 13 13 
Program 1: total 1075
 motif #1: 1075 of 1075 (0.999907 posterior)
 motif #2: 373 of 1075 (0.347005 posterior)
 motif #3: 303 of 1075 (0.281901 posterior)
 motif #4: 199 of 1075 (0.185175 posterior)
 motif #5: 180 of 1075 (0.167504 posterior)
 motif #6: 50 of 1075 (0.046596 posterior)
 motif #7: 22 of 1075 (0.020554 posterior)
 motif #8: 57 of 1075 (0.053106 posterior)
 motif #9: 48 of 1075 (0.044736 posterior)
 motif #10: 41 of 1075 (0.038225 posterior)
 motif #11: 25 of 1075 (0.023344 posterior)

Program 2: total 495
 motif #2: 200 of 495 (0.404079 posterior)
 motif #3: 177 of 495 (0.357633 posterior)
 motif #4: 90 of 495 (0.181947 posterior)
 motif #5: 75 of 495 (0.151656 posterior)
 motif #6: 130 of 495 (0.262722 posterior)
 motif #7: 98 of 495 (0.198102 posterior)
 motif #8: 21 of 495 (0.042609 posterior)
 motif #9: 12 of 495 (0.024435 posterior)
 motif #10: 14 of 495 (0.028473 posterior)
 motif #11: 4 of 495 (0.008279 posterior)

Program 3: total 484

Motif #1
total sequences 1075
A	[ 291.0	816.0	94.0	1075.0	1.0	940.0	871.0	278.0	547.0	771.0	145.0	145.0	348.0	]
C	[ 322.0	3.0	-0.0	-0.0	3.0	-0.0	12.0	263.0	242.0	66.0	186.0	592.0	115.0	]
G	[ 272.0	6.0	981.0	0.0	0.0	-0.0	145.0	410.0	251.0	99.0	103.0	201.0	89.0	]
T	[ 190.0	250.0	-0.0	0.0	1071.0	135.0	47.0	124.0	35.0	139.0	641.0	137.0	523.0	]
Motif #2
total sequences 573
A	[ 200.0	283.0	247.0	410.0	87.0	572.0	-0.0	-0.0	567.0	573.0	206.0	86.0	]
C	[ 109.0	79.0	97.0	23.0	330.0	-0.0	-0.0	28.0	6.0	-0.0	-0.0	123.0	]
G	[ 176.0	122.0	168.0	100.0	137.0	1.0	573.0	545.0	-0.0	-0.0	367.0	59.0	]
T	[ 88.0	89.0	61.0	40.0	19.0	-0.0	0.0	0.0	-0.0	0.0	-0.0	305.0	]
Motif #3
total sequences 480
A	[ -0.0	93.0	30.0	28.0	2.0	57.0	0.0	77.0	88.0	0.0	0.0	109.0	30.0	120.0	70.0	48.0	18.0	]
C	[ 372.0	178.0	236.0	265.0	206.0	335.0	364.0	178.0	216.0	369.0	352.0	163.0	370.0	216.0	187.0	325.0	373.0	]
G	[ -0.0	0.0	60.0	1.0	56.0	12.0	0.0	0.0	54.0	0.0	0.0	8.0	15.0	0.0	41.0	0.0	9.0	]
T	[ 108.0	209.0	154.0	186.0	216.0	76.0	116.0	225.0	122.0	111.0	128.0	200.0	65.0	144.0	182.0	107.0	80.0	]
Motif #4
total sequences 289
A	[ 7.0	0.0	-0.0	4.0	47.0	0.0	-0.0	0.0	-0.0	27.0	52.0	3.0	]
C	[ 30.0	-0.0	-0.0	-0.0	56.0	65.0	-0.0	0.0	12.0	105.0	28.0	9.0	]
G	[ 51.0	69.0	7.0	115.0	129.0	59.0	18.0	-0.0	21.0	157.0	1.0	2.0	]
T	[ 201.0	220.0	282.0	170.0	57.0	165.0	271.0	289.0	256.0	0.0	208.0	275.0	]
Motif #5
total sequences 255
A	[ 46.0	37.0	1.0	1.0	23.0	0.0	4.0	0.0	0.0	26.0	15.0	51.0	]
C	[ 64.0	97.0	0.0	-0.0	7.0	-0.0	0.0	42.0	15.0	-0.0	55.0	67.0	]
G	[ 72.0	10.0	1.0	254.0	0.0	255.0	250.0	24.0	-0.0	41.0	65.0	55.0	]
T	[ 73.0	111.0	253.0	-0.0	225.0	-0.0	1.0	189.0	240.0	188.0	120.0	82.0	]
Motif #6
total sequences 180
A	[ 27.0	45.0	122.0	-0.0	162.0	0.0	2.0	-0.0	13.0	174.0	0.0	0.0	66.0	]
C	[ 40.0	59.0	1.0	-0.0	13.0	-0.0	74.0	29.0	-0.0	-0.0	-0.0	180.0	-0.0	]
G	[ 56.0	46.0	-0.0	180.0	5.0	0.0	57.0	5.0	0.0	1.0	2.0	0.0	-0.0	]
T	[ 57.0	30.0	57.0	-0.0	-0.0	180.0	47.0	146.0	167.0	5.0	178.0	-0.0	114.0	]
Motif #7
total sequences 120
A	[ 25.0	20.0	8.0	-0.0	120.0	-0.0	0.0	32.0	11.0	17.0	33.0	38.0	17.0	120.0	0.0	0.0	45.0	28.0	33.0	]
C	[ 28.0	42.0	30.0	-0.0	0.0	5.0	120.0	0.0	49.0	46.0	32.0	22.0	66.0	-0.0	-0.0	120.0	-0.0	24.0	36.0	]
G	[ 20.0	27.0	6.0	0.0	-0.0	-0.0	0.0	5.0	25.0	5.0	36.0	24.0	34.0	0.0	-0.0	0.0	0.0	42.0	16.0	]
T	[ 47.0	31.0	76.0	120.0	-0.0	115.0	0.0	83.0	35.0	52.0	19.0	36.0	3.0	0.0	120.0	0.0	75.0	26.0	35.0	]
Motif #8
total sequences 78
A	[ 22.0	3.0	0.0	0.0	0.0	1.0	0.0	0.0	0.0	0.0	0.0	0.0	3.0	17.0	]
C	[ 21.0	14.0	0.0	0.0	3.0	0.0	0.0	0.0	0.0	0.0	0.0	2.0	0.0	0.0	]
G	[ 25.0	0.0	0.0	0.0	0.0	1.0	0.0	0.0	0.0	1.0	0.0	0.0	0.0	0.0	]
T	[ 10.0	61.0	78.0	78.0	75.0	76.0	78.0	78.0	78.0	77.0	78.0	76.0	75.0	61.0	]
Motif #9
total sequences 60
A	[ 0.0	0.0	-0.0	0.0	44.0	0.0	1.0	5.0	0.0	5.0	42.0	26.0	]
C	[ 55.0	55.0	58.0	57.0	-0.0	58.0	58.0	50.0	60.0	55.0	16.0	34.0	]
G	[ -0.0	1.0	0.0	1.0	-0.0	2.0	1.0	-0.0	-0.0	-0.0	1.0	-0.0	]
T	[ 5.0	4.0	2.0	2.0	16.0	-0.0	-0.0	5.0	-0.0	-0.0	1.0	-0.0	]
Motif #10
total sequences 55
A	[ 9.0	0.0	55.0	1.0	7.0	52.0	0.0	27.0	0.0	0.0	0.0	4.0	31.0	]
C	[ 46.0	55.0	0.0	38.0	27.0	2.0	0.0	0.0	0.0	0.0	0.0	41.0	2.0	]
G	[ 0.0	0.0	0.0	16.0	0.0	0.0	55.0	28.0	35.0	55.0	55.0	0.0	19.0	]
T	[ 0.0	0.0	0.0	0.0	21.0	1.0	0.0	0.0	20.0	0.0	0.0	10.0	3.0	]
Motif #11
total sequences 29
A	[ 0.0	3.0	0.0	0.0	14.0	0.0	0.0	0.0	0.0	21.0	0.0	0.0	4.0	]
C	[ 14.0	0.0	0.0	21.0	0.0	0.0	6.0	0.0	29.0	0.0	0.0	7.0	3.0	]
G	[ 0.0	1.0	0.0	8.0	1.0	0.0	21.0	9.0	0.0	1.0	0.0	0.0	3.0	]
T	[ 15.0	25.0	29.0	0.0	14.0	29.0	2.0	20.0	0.0	7.0	29.0	22.0	19.0	]
Motif #1; total sequences 1075; NaGATAANaatcN / NgattNTTATCtN
Motif #2; total sequences 573; NNNacAGGAAgt / acTTCCTgtNNN
Motif #3; total sequences 480; cNNcNccNNccNcNNcc / ggNNgNggNNggNgNNg
Motif #4; total sequences 289; ttTtNtTTTgtT / AacAAAaNaAaa
Motif #5; total sequences 255; NNTGTGGtTtNN / NNaAaCCACANN
Motif #6; total sequences 180; NNaGATNTTATCt / aGATAANATCtNN
Motif #7; total sequences 120; NNtTATCtNNNNcATCtNN / NNaGATgNNNNaGATAaNN
Motif #8; total sequences 78; NtTTTTTTTTTTTt / aAAAAAAAAAAAaN
Motif #9; total sequences 60; CCCCaCCCCCac / gtGGGGGtGGGG
Motif #10; total sequences 55; CCAcNAGggGGca / tgCCccCTNgTGG
Motif #11; total sequences 29; tTTcWTgtCaTtt / aaAtGacAWgAAa

Full posterior for run 5 is 18973.352244
