Number of sequences: 1286
Number of programs: 4
Number of motifs: 13
Motif widths: 12 19 11 21 12 13 18 12 12 12 12 12 12 
Program 1: total 383

Program 2: total 368
 motif #1: 368 of 368 (0.999728 posterior)
 motif #2: 47 of 368 (0.127920 posterior)
 motif #4: 37 of 368 (0.100760 posterior)
 motif #5: 26 of 368 (0.070885 posterior)
 motif #7: 10 of 368 (0.027431 posterior)
 motif #8: 8 of 368 (0.021999 posterior)
 motif #9: 4 of 368 (0.011135 posterior)
 motif #10: 25 of 368 (0.068169 posterior)
 motif #11: 3 of 368 (0.008419 posterior)
 motif #13: 2 of 368 (0.005703 posterior)

Program 3: total 275
 motif #3: 158 of 275 (0.574491 posterior)
 motif #4: 20 of 275 (0.073038 posterior)
 motif #5: 34 of 275 (0.123910 posterior)
 motif #6: 33 of 275 (0.120276 posterior)
 motif #7: 30 of 275 (0.109375 posterior)
 motif #8: 15 of 275 (0.054869 posterior)
 motif #9: 11 of 275 (0.040334 posterior)
 motif #11: 9 of 275 (0.033067 posterior)
 motif #12: 8 of 275 (0.029433 posterior)
 motif #13: 17 of 275 (0.062137 posterior)

Program 4: total 260
 motif #2: 260 of 260 (0.999616 posterior)
 motif #3: 33 of 260 (0.127210 posterior)
 motif #4: 32 of 260 (0.123367 posterior)
 motif #5: 26 of 260 (0.100307 posterior)
 motif #6: 16 of 260 (0.061875 posterior)
 motif #8: 8 of 260 (0.031130 posterior)
 motif #9: 13 of 260 (0.050346 posterior)
 motif #11: 11 of 260 (0.042659 posterior)
 motif #12: 14 of 260 (0.054189 posterior)
 motif #13: 1 of 260 (0.004228 posterior)

Motif #1
total sequences 368
A	[ 176.0	-0.0	258.0	26.0	21.0	37.0	16.0	42.0	361.0	-0.0	0.0	106.0	]
C	[ 25.0	45.0	39.0	19.0	138.0	157.0	69.0	-0.0	7.0	0.0	368.0	-0.0	]
G	[ 39.0	312.0	40.0	33.0	98.0	91.0	20.0	2.0	-0.0	9.0	-0.0	9.0	]
T	[ 128.0	11.0	31.0	290.0	111.0	83.0	263.0	324.0	-0.0	359.0	-0.0	253.0	]
Motif #2
total sequences 307
A	[ 93.0	116.0	106.0	176.0	77.0	286.0	-0.0	9.0	287.0	268.0	63.0	42.0	76.0	110.0	71.0	96.0	80.0	96.0	93.0	]
C	[ 65.0	35.0	56.0	18.0	145.0	0.0	-0.0	18.0	20.0	-0.0	0.0	61.0	47.0	15.0	65.0	47.0	38.0	68.0	59.0	]
G	[ 108.0	100.0	119.0	84.0	85.0	21.0	307.0	280.0	0.0	0.0	244.0	61.0	122.0	141.0	115.0	77.0	118.0	71.0	68.0	]
T	[ 41.0	56.0	26.0	29.0	-0.0	-0.0	0.0	-0.0	-0.0	39.0	-0.0	143.0	62.0	41.0	56.0	87.0	71.0	72.0	87.0	]
Motif #3
total sequences 191
A	[ 122.0	3.0	188.0	0.0	170.0	141.0	30.0	172.0	14.0	0.0	76.0	]
C	[ 7.0	-0.0	0.0	-0.0	0.0	13.0	75.0	-0.0	3.0	175.0	2.0	]
G	[ -0.0	188.0	0.0	0.0	-0.0	37.0	72.0	19.0	22.0	14.0	12.0	]
T	[ 62.0	0.0	3.0	191.0	21.0	-0.0	14.0	-0.0	152.0	2.0	101.0	]
Motif #4
total sequences 89
A	[ 28.0	29.0	16.0	7.0	13.0	18.0	-0.0	7.0	7.0	4.0	11.0	13.0	11.0	15.0	14.0	9.0	13.0	7.0	20.0	24.0	20.0	]
C	[ 12.0	-0.0	20.0	27.0	1.0	6.0	-0.0	-0.0	1.0	-0.0	-0.0	-0.0	-0.0	1.0	-0.0	11.0	9.0	-0.0	1.0	-0.0	9.0	]
G	[ 40.0	53.0	50.0	19.0	50.0	44.0	89.0	82.0	76.0	26.0	51.0	76.0	78.0	73.0	71.0	41.0	39.0	82.0	50.0	61.0	45.0	]
T	[ 9.0	7.0	3.0	36.0	25.0	21.0	-0.0	-0.0	5.0	59.0	27.0	-0.0	-0.0	-0.0	4.0	28.0	28.0	-0.0	18.0	4.0	15.0	]
Motif #5
total sequences 86
A	[ -0.0	5.0	79.0	0.0	-0.0	3.0	86.0	-0.0	11.0	17.0	0.0	-0.0	]
C	[ -0.0	-0.0	7.0	52.0	-0.0	83.0	-0.0	17.0	48.0	24.0	17.0	26.0	]
G	[ -0.0	67.0	-0.0	34.0	-0.0	0.0	-0.0	13.0	1.0	-0.0	28.0	38.0	]
T	[ 86.0	14.0	-0.0	-0.0	86.0	-0.0	-0.0	56.0	26.0	45.0	41.0	22.0	]
Motif #6
total sequences 49
A	[ -0.0	-0.0	3.0	-0.0	-0.0	4.0	32.0	-0.0	1.0	-0.0	-0.0	15.0	-0.0	]
C	[ 21.0	34.0	34.0	12.0	-0.0	7.0	17.0	8.0	45.0	1.0	28.0	1.0	10.0	]
G	[ 0.0	4.0	-0.0	2.0	0.0	-0.0	-0.0	-0.0	3.0	-0.0	4.0	2.0	18.0	]
T	[ 28.0	11.0	12.0	35.0	49.0	38.0	-0.0	41.0	-0.0	48.0	17.0	31.0	21.0	]
Motif #7
total sequences 40
A	[ 6.0	3.0	7.0	14.0	5.0	0.0	28.0	0.0	-0.0	40.0	0.0	14.0	3.0	-0.0	0.0	5.0	4.0	5.0	]
C	[ 11.0	7.0	13.0	5.0	31.0	40.0	0.0	29.0	29.0	0.0	0.0	0.0	0.0	0.0	0.0	33.0	0.0	31.0	]
G	[ 17.0	1.0	16.0	18.0	2.0	0.0	7.0	10.0	0.0	0.0	40.0	26.0	27.0	40.0	37.0	0.0	36.0	4.0	]
T	[ 6.0	29.0	4.0	3.0	2.0	0.0	5.0	1.0	11.0	0.0	0.0	0.0	10.0	0.0	3.0	2.0	0.0	0.0	]
Motif #8
total sequences 31
A	[ 0.0	9.0	-0.0	-0.0	0.0	0.0	-0.0	0.0	5.0	-0.0	0.0	0.0	]
C	[ -0.0	0.0	0.0	0.0	31.0	-0.0	0.0	0.0	-0.0	31.0	12.0	4.0	]
G	[ 20.0	22.0	31.0	28.0	0.0	31.0	26.0	30.0	26.0	-0.0	1.0	6.0	]
T	[ 11.0	-0.0	-0.0	3.0	-0.0	0.0	5.0	1.0	0.0	-0.0	18.0	21.0	]
Motif #9
total sequences 28
A	[ 2.0	27.0	-0.0	25.0	3.0	18.0	-0.0	26.0	-0.0	25.0	-0.0	25.0	]
C	[ 26.0	1.0	28.0	-0.0	16.0	-0.0	26.0	-0.0	21.0	-0.0	28.0	1.0	]
G	[ -0.0	-0.0	-0.0	3.0	2.0	10.0	-0.0	2.0	-0.0	-0.0	-0.0	-0.0	]
T	[ -0.0	-0.0	-0.0	-0.0	7.0	-0.0	2.0	-0.0	7.0	3.0	-0.0	2.0	]
Motif #10
total sequences 25
A	[ 15.0	12.0	25.0	19.0	-0.0	23.0	21.0	14.0	23.0	-0.0	-0.0	8.0	]
C	[ 8.0	13.0	0.0	-0.0	-0.0	-0.0	1.0	-0.0	-0.0	-0.0	-0.0	17.0	]
G	[ 2.0	-0.0	-0.0	6.0	25.0	2.0	-0.0	11.0	2.0	25.0	16.0	-0.0	]
T	[ -0.0	-0.0	-0.0	-0.0	-0.0	-0.0	3.0	-0.0	-0.0	-0.0	9.0	-0.0	]
Motif #11
total sequences 23
A	[ 0.0	0.0	-0.0	-0.0	-0.0	12.0	6.0	3.0	0.0	0.0	-0.0	20.0	]
C	[ -0.0	-0.0	-0.0	-0.0	21.0	1.0	9.0	2.0	0.0	-0.0	9.0	-0.0	]
G	[ 23.0	0.0	-0.0	1.0	1.0	1.0	6.0	-0.0	-0.0	-0.0	10.0	3.0	]
T	[ 0.0	23.0	23.0	22.0	1.0	9.0	2.0	18.0	23.0	23.0	4.0	0.0	]
Motif #12
total sequences 22
A	[ -0.0	1.0	-0.0	7.0	-0.0	20.0	0.0	-0.0	-0.0	-0.0	-0.0	-0.0	]
C	[ 14.0	-0.0	3.0	-0.0	1.0	2.0	3.0	-0.0	3.0	-0.0	19.0	-0.0	]
G	[ -0.0	6.0	11.0	2.0	21.0	-0.0	-0.0	-0.0	18.0	22.0	-0.0	-0.0	]
T	[ 8.0	15.0	8.0	13.0	-0.0	0.0	19.0	22.0	1.0	-0.0	3.0	22.0	]
Motif #13
total sequences 20
A	[ 1.0	2.0	20.0	20.0	0.0	20.0	-0.0	-0.0	-0.0	-0.0	-0.0	-0.0	]
C	[ 5.0	9.0	0.0	-0.0	-0.0	-0.0	-0.0	-0.0	0.0	19.0	-0.0	-0.0	]
G	[ 6.0	8.0	-0.0	-0.0	20.0	0.0	2.0	20.0	20.0	-0.0	19.0	20.0	]
T	[ 8.0	1.0	-0.0	-0.0	0.0	-0.0	18.0	-0.0	0.0	1.0	1.0	-0.0	]
Motif #1; total sequences 368; NGatNNtTATCt / aGATAaNNatCN
Motif #2; total sequences 307; NNNaNAGGAAgNNNNNNNN / NNNNNNNNcTTCCTNtNNN
Motif #3; total sequences 191; aGATAaNAtCt / aGaTNtTATCt
Motif #4; total sequences 89; NggNgNGGGtgGGGgNNGggg / cccCNNcCCCcaCCCNcNccN
Motif #5; total sequences 86; TgAcTCAtctNN / NNagaTGAgTcA
Motif #6; total sequences 49; tcctTtaTCTctN / NagAGAtaAagga
Motif #7; total sequences 40; NtNNcCaccAGggGGCGc / gCGCCccCTggtGgNNaN
Motif #8; total sequences 31; ggGGCGGGGCtt / aaGCCCCGCCcc
Motif #9; total sequences 28; CACAcaCAcACA / TGTgTGtgTGTG
Motif #10; total sequences 25; acAaGAAaAGgc / gcCTtTTCtTgt
Motif #11; total sequences 23; GTTTCaNtTTNA / TNAAaNtGAAAC
Motif #12; total sequences 22; ctNtGATTGGCT / AGCCAATCaNag
Motif #13; total sequences 20; NNAAGATGGCGG / CCGCCATCTTNN

Full posterior for run 7 is 7861.837870
