1	chr1:6444458-6444846	3	-43	5	
2	chr1:9733500-9733854	1	186	NA	
3	chr1:20897668-20898136	1	-73	NA	
4	chr1:36491502-36492087	1	-169	NA	
5	chr1:36535750-36536300	1	165	NA	
6	chr1:38828301-38828701	3	NA	29	
7	chr1:40420154-40420659	1	-75	NA	
8	chr1:51538341-51538925	3	NA	-121	
9	chr1:51964128-51964570	1	8	NA	
10	chr1:52432027-52432333	1	99	NA	
11	chr1:53739534-53740021	1	-30	NA	
12	chr1:55381094-55381513	1	-149	NA	
13	chr1:60721470-60721988	1	59	NA	
14	chr1:60824988-60825453	1	-78	NA	
15	chr1:60833355-60833742	1	12	NA	
16	chr1:60843879-60844241	1	141	NA	
17	chr1:60864985-60865319	1	-114	NA	
18	chr1:60934650-60935184	1	-150	NA	
19	chr1:62809898-62810262	3	NA	92	
20	chr1:64468062-64468498	1	115	NA	
21	chr1:69276675-69277136	1	94	NA	
22	chr1:69394351-69394693	3	29	16	
23	chr1:69446843-69447089	1	-134	NA	
24	chr1:80092823-80093349	3	NA	-57	
25	chr1:80287537-80287949	1	-147	NA	
26	chr1:80297728-80298007	2	NA	NA	
27	chr1:87587364-87587861	1	102	NA	
28	chr1:87625176-87625714	1	170	NA	
29	chr1:87793258-87793818	2	NA	NA	
30	chr1:88225472-88225902	2	NA	NA	
31	chr1:89730815-89731149	1	-104	NA	
32	chr1:90306545-90306959	3	NA	-186	
33	chr1:92433724-92434031	2	NA	NA	
34	chr1:95865642-95866048	1	-172	NA	
35	chr1:97485976-97486444	1	8	NA	
36	chr1:108440252-108440747	1	90	NA	
37	chr1:120138713-120139197	1	94	NA	
38	chr1:129069768-129070183	1	29	NA	
39	chr1:129131346-129131776	2	NA	NA	
40	chr1:130275206-130275467	1	-104	NA	
41	chr1:130305870-130306321	1	-86	NA	
42	chr1:130366145-130366605	1	62	NA	
43	chr1:132729887-132730488	1	-167	NA	
44	chr1:132907242-132907872	2	NA	NA	
45	chr1:132925455-132925781	1	187	NA	
46	chr1:133031945-133032498	3	96	78	
47	chr1:133401260-133401492	2	NA	NA	
48	chr1:135614333-135614856	2	NA	NA	
49	chr1:135909133-135909634	1	78	NA	
50	chr1:136947404-136947932	3	-90	72	
51	chr1:138395803-138396268	3	NA	-21	
52	chr1:138416906-138417350	1	61	NA	
53	chr1:139623218-139623555	3	-38	87	
54	chr1:139952924-139953321	2	NA	NA	
55	chr1:139991318-139991850	1	-69	NA	
56	chr1:140120673-140121033	1	-152	NA	
57	chr1:140436437-140436883	1	-117	NA	
58	chr1:140756122-140756551	1	66	NA	
59	chr1:140792265-140792641	1	151	NA	
60	chr1:145768775-145769157	2	NA	NA	
61	chr1:145795643-145796090	3	NA	117	
62	chr1:145838895-145839289	2	NA	NA	
63	chr1:146117748-146118158	3	NA	-78	
64	chr1:153106186-153106808	1	84	NA	
65	chr1:154262002-154262412	2	NA	NA	
66	chr1:154847436-154847878	2	NA	NA	
67	chr1:157798194-157798733	1	137	NA	
68	chr1:158589611-158589970	2	NA	NA	
69	chr1:163507514-163508143	1	175	NA	
70	chr1:165909659-165910115	1	-88	NA	
71	chr1:165919627-165920039	2	NA	NA	
72	chr1:165971880-165973137	2	NA	NA	
73	chr1:165973362-165973962	1	75	NA	
74	chr1:166770517-166770906	3	44	-80	
75	chr1:167600283-167600572	1	-30	NA	
76	chr1:167681540-167682017	3	NA	-150	
77	chr1:173083739-173084047	1	-64	NA	
78	chr1:173521730-173522116	1	184	NA	
79	chr1:173776008-173776432	1	-103	NA	
80	chr1:173851815-173852430	1	72	NA	
81	chr1:174350601-174350986	3	NA	60	
82	chr1:181325901-181326290	3	-127	-36	
83	chr1:182687387-182687875	1	-100	NA	
84	chr1:186554786-186555076	1	-103	NA	
85	chr1:192763437-192763837	2	NA	NA	
86	chr1:192803172-192803863	1	-60	NA	
87	chr1:192894411-192894944	1	50	NA	
88	chr1:196942078-196942679	2	NA	NA	
89	chr10:7229359-7229669	2	NA	NA	
90	chr10:7352498-7352999	2	NA	NA	
91	chr10:7529631-7530088	1	93	NA	
92	chr10:13683574-13684138	3	-119	176	
93	chr10:13689041-13689540	1	139	NA	
94	chr10:19193829-19194264	1	-111	NA	
95	chr10:19628591-19629223	1	-31	NA	
96	chr10:20789995-20790446	1	88	NA	
97	chr10:21831850-21832457	2	NA	NA	
98	chr10:26014662-26015061	1	-92	NA	
99	chr10:26048172-26048694	1	119	NA	
100	chr10:28283383-28283804	1	59	NA	
101	chr10:39680465-39680805	1	-167	NA	
102	chr10:40141212-40141675	1	-13	NA	
103	chr10:41399830-41400241	1	-108	NA	
104	chr10:41625628-41626026	3	NA	114	
105	chr10:41745671-41746112	1	-90	NA	
106	chr10:43559162-43559406	1	92	NA	
107	chr10:43685675-43686004	1	111	NA	
108	chr10:44509938-44510412	3	NA	13	
109	chr10:53149525-53149909	3	101	-152	
110	chr10:53309799-53310433	1	-75	NA	
111	chr10:53806147-53806558	3	NA	99	
112	chr10:58826068-58826432	3	NA	57	
113	chr10:59344070-59344441	2	NA	NA	
114	chr10:61900832-61901488	1	73	NA	
115	chr10:66348705-66349079	2	NA	NA	
116	chr10:67091849-67092125	1	-52	NA	
117	chr10:67431363-67431669	1	40	NA	
118	chr10:69528585-69528876	1	-135	NA	
119	chr10:70794645-70795034	2	NA	NA	
120	chr10:74878212-74878662	1	124	NA	
121	chr10:79386733-79387220	1	37	NA	
122	chr10:79629930-79630409	1	-110	NA	
123	chr10:79836642-79837505	1	155	NA	
124	chr10:80201595-80202092	1	104	NA	
125	chr10:80509145-80509482	3	NA	-72	
126	chr10:80913354-80913940	1	-145	NA	
127	chr10:80941890-80942254	1	-121	NA	
128	chr10:82415551-82415988	1	16	NA	
129	chr10:82434131-82434524	1	-173	NA	
130	chr10:83979780-83979993	2	NA	NA	
131	chr10:89109219-89109557	1	148	NA	
132	chr10:89161918-89162273	2	NA	NA	
133	chr10:92500463-92500815	1	-73	NA	
134	chr10:92554080-92554610	1	87	NA	
135	chr10:92592422-92592731	1	-94	NA	
136	chr10:92773019-92773404	2	NA	NA	
137	chr10:93577401-93577785	1	-78	NA	
138	chr10:94258194-94258686	1	-87	NA	
139	chr10:95309974-95310239	2	NA	NA	
140	chr10:95427637-95427980	1	-35	NA	
141	chr10:95830474-95830952	1	40	NA	
142	chr10:96029674-96030037	1	94	NA	
143	chr10:96154478-96154992	3	97	-167	
144	chr10:110611191-110611553	1	165	NA	
145	chr10:112332896-112333218	3	NA	135	
146	chr10:115891133-115891479	2	NA	NA	
147	chr10:117263856-117264497	1	-112	NA	
148	chr10:117321428-117321929	3	113	-96	
149	chr10:117410099-117410497	1	15	NA	
150	chr10:117575442-117575881	3	-135	-152	
151	chr10:117884565-117884783	1	36	NA	
152	chr10:120671804-120672247	1	-71	NA	
153	chr10:120858677-120859085	1	40	NA	
154	chr10:122130233-122130688	1	53	NA	
155	chr10:127747868-127748330	1	75	NA	
156	chr10:127907374-127908134	3	77	168	
157	chr10:128066462-128066783	2	NA	NA	
158	chr10:129725560-129725899	3	NA	147	
159	chr11:3092396-3094357	2	NA	NA	
160	chr11:3101763-3102497	1	-15	NA	
161	chr11:4103119-4103960	1	-72	NA	
162	chr11:4239268-4239748	1	63	NA	
163	chr11:5197621-5198078	1	-94	NA	
164	chr11:5409594-5409986	1	-112	NA	
165	chr11:5900115-5900492	1	-35	NA	
166	chr11:6174708-6175153	3	NA	103	
167	chr11:6428516-6428976	1	32	NA	
168	chr11:11464084-11464725	1	27	NA	
169	chr11:11611743-11612180	1	-24	NA	
170	chr11:11625531-11625930	2	NA	NA	
171	chr11:11736885-11737165	1	178	NA	
172	chr11:19819391-19819677	3	NA	175	
173	chr11:20148669-20149226	1	65	NA	
174	chr11:21002733-21003107	1	106	NA	
175	chr11:21120576-21121044	1	-166	NA	
176	chr11:22592546-22593184	1	-8	NA	
177	chr11:22745106-22745568	1	83	NA	
178	chr11:31848308-31848720	2	NA	NA	
179	chr11:33838736-33839367	3	NA	38	
180	chr11:34011788-34012357	1	137	NA	
181	chr11:43228785-43229462	3	NA	-176	
182	chr11:45788270-45788601	3	NA	-34	
183	chr11:46232630-46233267	1	-121	NA	
184	chr11:49109971-49110339	1	-63	NA	
185	chr11:49977565-49978010	2	NA	NA	
186	chr11:51106323-51106687	2	NA	NA	
187	chr11:51531989-51532408	2	NA	NA	
188	chr11:52157435-52158171	3	NA	166	
189	chr11:53479528-53479985	1	91	NA	
190	chr11:53500235-53500569	1	-101	NA	
191	chr11:53550551-53550992	2	NA	NA	
192	chr11:53983375-53984109	2	NA	NA	
193	chr11:54070041-54070494	1	108	NA	
194	chr11:54083354-54083656	1	41	NA	
195	chr11:54710098-54710620	1	-48	NA	
196	chr11:57782845-57783141	1	177	NA	
197	chr11:58754986-58755346	2	NA	NA	
198	chr11:59024268-59024629	1	111	NA	
199	chr11:59055159-59055507	1	-11	NA	
200	chr11:59862524-59862951	3	-92	-6	
201	chr11:60234607-60235022	3	-180	48	
202	chr11:63724640-63725074	2	NA	NA	
203	chr11:63853957-63854328	3	NA	-58	
204	chr11:65610926-65611523	2	NA	NA	
205	chr11:66864888-66865311	1	99	NA	
206	chr11:68543038-68543359	1	-34	NA	
207	chr11:68882525-68883027	1	-116	NA	
208	chr11:69085917-69086153	2	NA	NA	
209	chr11:69182477-69183043	1	-28	NA	
210	chr11:69807049-69807553	1	-47	NA	
211	chr11:70045053-70045344	1	84	NA	
212	chr11:70682246-70682584	2	NA	NA	
213	chr11:72262539-72262863	1	139	NA	
214	chr11:72911622-72912157	3	NA	-186	
215	chr11:72952733-72953182	3	116	-11	
216	chr11:75011603-75011877	1	65	NA	
217	chr11:75995906-75996406	1	179	NA	
218	chr11:76033675-76033981	2	NA	NA	
219	chr11:76295303-76295629	1	93	NA	
220	chr11:76623389-76623953	1	-98	NA	
221	chr11:77502082-77502469	1	-106	NA	
222	chr11:77780556-77781090	2	NA	NA	
223	chr11:78352283-78352922	1	-79	NA	
224	chr11:78366799-78367178	1	162	NA	
225	chr11:78646502-78646786	3	-104	15	
226	chr11:78663996-78664296	1	120	NA	
227	chr11:79070622-79071154	2	NA	NA	
228	chr11:80198666-80199058	2	NA	NA	
229	chr11:83366262-83366765	3	-71	46	
230	chr11:85270119-85270499	1	123	NA	
231	chr11:85894264-85894584	1	-113	NA	
232	chr11:86574167-86574727	1	77	NA	
233	chr11:87567571-87568348	3	NA	85	
234	chr11:87575390-87576303	2	NA	NA	
235	chr11:94816563-94817047	1	-120	NA	
236	chr11:96946914-96947304	1	-104	NA	
237	chr11:96975163-96975481	2	NA	NA	
238	chr11:97348425-97348844	1	-61	NA	
239	chr11:97803568-97804008	1	125	NA	
240	chr11:98285966-98286732	2	NA	NA	
241	chr11:98296167-98296557	1	128	NA	
242	chr11:98313406-98313856	1	-102	NA	
243	chr11:98412105-98412367	1	65	NA	
244	chr11:98498266-98498684	1	90	NA	
245	chr11:98921143-98921467	3	-152	131	
246	chr11:101012423-101012756	1	-26	NA	
247	chr11:101247143-101247394	2	NA	NA	
248	chr11:102697212-102697473	2	NA	NA	
249	chr11:105882785-105883005	1	-3	NA	
250	chr11:105900212-105900762	1	99	NA	
251	chr11:106504521-106505030	1	-187	NA	
252	chr11:106568293-106568749	2	NA	NA	
253	chr11:106940538-106940918	2	NA	NA	
254	chr11:108192901-108193285	3	NA	117	
255	chr11:108726958-108727390	2	NA	NA	
256	chr11:109236755-109237154	1	92	NA	
257	chr11:109249377-109249762	2	NA	NA	
258	chr11:110214842-110215269	1	-36	NA	
259	chr11:115456953-115458202	2	NA	NA	
260	chr11:115562839-115563191	1	-85	NA	
261	chr11:117415002-117415607	1	140	NA	
262	chr11:119292110-119292351	1	-50	NA	
263	chr11:119419438-119419991	1	106	NA	
264	chr11:119965702-119966034	1	21	NA	
265	chr12:4241488-4242117	1	-162	NA	
266	chr12:4943145-4943466	2	NA	NA	
267	chr12:16228035-16228444	1	-124	NA	
268	chr12:21697853-21698281	1	37	NA	
269	chr12:25753617-25754126	1	179	NA	
270	chr12:25837724-25838245	1	-119	NA	
271	chr12:25949077-25949559	1	89	NA	
272	chr12:32884822-32885205	1	-64	NA	
273	chr12:32925058-32925314	2	NA	NA	
274	chr12:36665657-36666347	3	NA	-1	
275	chr12:40547500-40548198	2	NA	NA	
276	chr12:40733530-40733808	1	-11	NA	
277	chr12:55109440-55109844	1	77	NA	
278	chr12:55214837-55215371	1	148	NA	
279	chr12:55234969-55235495	1	-160	NA	
280	chr12:70280053-70280319	1	20	NA	
281	chr12:70456287-70456612	1	-50	NA	
282	chr12:70997239-70997844	1	110	NA	
283	chr12:74516885-74517592	1	-131	NA	
284	chr12:74611074-74611629	1	127	NA	
285	chr12:74639186-74639698	3	49	-14	
286	chr12:74698107-74698533	3	NA	-137	
287	chr12:74761189-74761616	1	-124	NA	
288	chr12:77684133-77684546	2	NA	NA	
289	chr12:80109789-80110026	2	NA	NA	
290	chr12:85662623-85663101	1	-137	NA	
291	chr12:85766632-85766986	1	-111	NA	
292	chr12:86521383-86521910	1	27	NA	
293	chr12:86595250-86595630	2	NA	NA	
294	chr12:87834218-87834687	1	-29	NA	
295	chr12:91674691-91674960	1	-121	NA	
296	chr12:98616582-98616985	1	41	NA	
297	chr12:98647897-98648401	1	-86	NA	
298	chr12:98670674-98671097	1	-121	NA	
299	chr12:100034762-100035150	1	130	NA	
300	chr12:100600354-100600813	2	NA	NA	
301	chr12:101395141-101395745	3	-47	-25	
302	chr12:102217789-102218185	1	153	NA	
303	chr12:103075628-103076081	2	NA	NA	
304	chr12:103732353-103732935	1	-63	NA	
305	chr12:106712081-106712493	3	NA	142	
306	chr12:108723814-108724205	1	-42	NA	
307	chr12:109205696-109206126	3	NA	177	
308	chr12:110945322-110945747	1	-113	NA	
309	chr12:111185646-111186034	1	129	NA	
310	chr12:112186608-112186912	2	NA	NA	
311	chr12:113398081-113398391	1	44	NA	
312	chr12:113615789-113616319	1	89	NA	
313	chr12:115438775-115439024	3	NA	-92	
314	chr12:116696511-116697083	1	114	NA	
315	chr13:3372105-3372624	1	-23	NA	
316	chr13:5714049-5714571	1	116	NA	
317	chr13:5766956-5767561	1	-51	NA	
318	chr13:5844197-5844818	1	73	NA	
319	chr13:6403866-6404087	2	NA	NA	
320	chr13:9010870-9011179	2	NA	NA	
321	chr13:9011264-9011643	1	-132	NA	
322	chr13:10018519-10018804	2	NA	NA	
323	chr13:13351098-13351547	1	-6	NA	
324	chr13:19189837-19190208	2	NA	NA	
325	chr13:20099601-20100160	1	85	NA	
326	chr13:23562972-23563697	2	NA	NA	
327	chr13:23746825-23747618	3	NA	-10	
328	chr13:30266767-30267150	2	NA	NA	
329	chr13:30611451-30611988	1	178	NA	
330	chr13:30661945-30662278	1	76	NA	
331	chr13:30803503-30803929	1	95	NA	
332	chr13:34871836-34872338	1	64	NA	
333	chr13:36815402-36816135	2	NA	NA	
334	chr13:37545200-37545486	3	-159	-142	
335	chr13:37865229-37865498	2	NA	NA	
336	chr13:40934919-40935373	1	-63	NA	
337	chr13:42311528-42311896	1	-40	NA	
338	chr13:43875462-43875860	2	NA	NA	
339	chr13:44076538-44076962	1	-132	NA	
340	chr13:46701706-46702127	3	-180	143	
341	chr13:48890578-48890833	2	NA	NA	
342	chr13:51827041-51827570	1	-29	NA	
343	chr13:51982491-51983203	1	-118	NA	
344	chr13:52733836-52734229	1	187	NA	
345	chr13:52819943-52820520	2	NA	NA	
346	chr13:52995210-52995525	1	-65	NA	
347	chr13:53109015-53109374	1	117	NA	
348	chr13:55199384-55200232	1	-97	NA	
349	chr13:55545987-55546405	1	79	NA	
350	chr13:55646116-55646550	3	-74	180	
351	chr13:56713244-56713854	2	NA	NA	
352	chr13:58397577-58397969	1	-111	NA	
353	chr13:62889868-62890205	1	51	NA	
354	chr13:65293246-65293603	3	NA	57	
355	chr13:67426245-67426879	1	136	NA	
356	chr13:75106106-75106567	2	NA	NA	
357	chr13:76175460-76175865	1	117	NA	
358	chr13:77902380-77902607	1	7	NA	
359	chr13:85691865-85692121	1	37	NA	
360	chr13:94871913-94872457	3	170	-1	
361	chr13:95889505-95889858	2	NA	NA	
362	chr13:97087825-97088327	1	125	NA	
363	chr13:97488626-97489019	1	67	NA	
364	chr13:97969480-97969845	1	81	NA	
365	chr13:98291167-98291405	2	NA	NA	
366	chr13:99991106-99991370	2	NA	NA	
367	chr13:100510712-100511077	2	NA	NA	
368	chr13:100891005-100891268	2	NA	NA	
369	chr13:101830987-101831422	2	NA	NA	
370	chr13:102648090-102648465	1	-113	NA	
371	chr13:102807907-102808277	1	98	NA	
372	chr13:102836916-102837171	3	-104	167	
373	chr13:108066901-108067423	2	NA	NA	
374	chr13:114690382-114690897	1	-139	NA	
375	chr13:114700712-114701244	1	116	NA	
376	chr13:115309627-115310207	1	-59	NA	
377	chr13:115966751-115967169	2	NA	NA	
378	chr13:116016719-116017109	2	NA	NA	
379	chr14:9213000-9213307	1	133	NA	
380	chr14:12806656-12807019	1	-5	NA	
381	chr14:17613774-17614252	2	NA	NA	
382	chr14:18071220-18071590	2	NA	NA	
383	chr14:18753307-18753704	3	NA	20	
384	chr14:19574009-19574518	1	-136	NA	
385	chr14:19755892-19756225	1	129	NA	
386	chr14:19895196-19895575	1	42	NA	
387	chr14:24350059-24350674	1	-59	NA	
388	chr14:29918837-29919284	1	-15	NA	
389	chr14:30196514-30196984	2	NA	NA	
390	chr14:39914235-39914634	1	-93	NA	
391	chr14:47344118-47344516	1	96	NA	
392	chr14:48984159-48984533	2	NA	NA	
393	chr14:50814352-50814670	1	85	NA	
394	chr14:51201250-51201575	1	-169	NA	
395	chr14:52054359-52054635	1	-59	NA	
396	chr14:53185234-53185940	1	95	NA	
397	chr14:53532582-53533050	1	148	NA	
398	chr14:54557750-54558356	1	95	NA	
399	chr14:55525930-55526242	2	NA	NA	
400	chr14:55732301-55732738	2	NA	NA	
401	chr14:58394782-58395151	2	NA	NA	
402	chr14:60615727-60616098	2	NA	NA	
403	chr14:61882005-61882552	1	129	NA	
404	chr14:64284612-64285027	1	-26	NA	
405	chr14:69855510-69855931	1	-146	NA	
406	chr14:71622906-71623261	1	159	NA	
407	chr14:73916978-73917380	2	NA	NA	
408	chr14:74054419-74054745	1	13	NA	
409	chr14:74521117-74521500	2	NA	NA	
410	chr14:77483480-77483865	2	NA	NA	
411	chr14:85701348-85701695	2	NA	NA	
412	chr14:85972657-85973258	2	NA	NA	
413	chr14:120613125-120613506	3	84	-116	
414	chr14:121050797-121051149	1	124	NA	
415	chr14:121987715-121988111	1	87	NA	
416	chr15:5055563-5056001	3	-115	-57	
417	chr15:6448238-6448548	1	81	NA	
418	chr15:8393059-8393393	3	NA	-87	
419	chr15:9606039-9606346	1	114	NA	
420	chr15:25246488-25246941	2	NA	NA	
421	chr15:25829660-25830165	1	179	NA	
422	chr15:36660778-36661112	1	125	NA	
423	chr15:39184889-39185221	1	134	NA	
424	chr15:55377193-55377650	2	NA	NA	
425	chr15:58718840-58719209	2	NA	NA	
426	chr15:58840682-58841143	1	-147	NA	
427	chr15:61258515-61258779	1	-100	NA	
428	chr15:62222590-62222926	1	-73	NA	
429	chr15:62608603-62608995	1	-68	NA	
430	chr15:62636563-62637041	2	NA	NA	
431	chr15:62650869-62651223	1	-2	NA	
432	chr15:64041148-64041624	1	-124	NA	
433	chr15:64065238-64065582	2	NA	NA	
434	chr15:66337459-66338042	2	NA	NA	
435	chr15:66629617-66629902	1	134	NA	
436	chr15:66648188-66648585	1	-72	NA	
437	chr15:66824166-66824523	1	-92	NA	
438	chr15:66958488-66959020	1	78	NA	
439	chr15:74913827-74914317	2	NA	NA	
440	chr15:77560638-77560987	2	NA	NA	
441	chr15:77714453-77714782	2	NA	NA	
442	chr15:77798210-77798722	1	-62	NA	
443	chr15:78322038-78322914	1	56	NA	
444	chr15:78750763-78751319	1	114	NA	
445	chr15:80030727-80030957	2	NA	NA	
446	chr15:81350172-81350708	2	NA	NA	
447	chr15:81788019-81788392	1	177	NA	
448	chr15:81843509-81843876	1	56	NA	
449	chr15:81983540-81983879	2	NA	NA	
450	chr15:85005440-85005778	3	NA	134	
451	chr15:85217705-85218184	1	95	NA	
452	chr15:85284126-85284618	1	-90	NA	
453	chr15:89201066-89201460	1	120	NA	
454	chr15:89303917-89304278	1	-151	NA	
455	chr15:97201124-97201819	1	-24	NA	
456	chr15:97491622-97492023	2	NA	NA	
457	chr15:97618181-97618515	3	63	162	
458	chr15:98820407-98820848	1	103	NA	
459	chr15:99079639-99080019	2	NA	NA	
460	chr15:101095762-101096136	1	-53	NA	
461	chr15:102067205-102067551	1	160	NA	
462	chr16:4390349-4390607	3	NA	168	
463	chr16:4498946-4499508	3	-100	-119	
464	chr16:4593025-4593330	1	56	NA	
465	chr16:5308798-5309146	1	-45	NA	
466	chr16:10552712-10553301	1	-80	NA	
467	chr16:10586013-10586455	1	-114	NA	
468	chr16:10633677-10633905	1	115	NA	
469	chr16:10688475-10688815	1	-115	NA	
470	chr16:10728374-10728841	1	49	NA	
471	chr16:11116805-11117140	1	-53	NA	
472	chr16:11198466-11198784	1	-183	NA	
473	chr16:13585330-13585542	3	NA	-80	
474	chr16:16892395-16892646	2	NA	NA	
475	chr16:18373546-18373910	1	82	NA	
476	chr16:20105113-20105355	3	-7	99	
477	chr16:20524078-20524449	2	NA	NA	
478	chr16:21585844-21586211	2	NA	NA	
479	chr16:22346940-22347502	2	NA	NA	
480	chr16:23189907-23190353	1	-65	NA	
481	chr16:32082918-32083486	1	-101	NA	
482	chr16:32732624-32733057	1	-42	NA	
483	chr16:33263320-33263719	1	96	NA	
484	chr16:33607638-33608208	1	-99	NA	
485	chr16:38169679-38170144	1	145	NA	
486	chr16:38298418-38298805	2	NA	NA	
487	chr16:43109593-43110032	1	-81	NA	
488	chr16:43609297-43610109	2	NA	NA	
489	chr16:44944604-44945007	3	106	135	
490	chr16:49694174-49694579	1	-151	NA	
491	chr16:49710457-49710924	3	NA	-124	
492	chr16:49718408-49718841	1	82	NA	
493	chr16:52001007-52001637	3	145	167	
494	chr16:52372320-52372602	2	NA	NA	
495	chr16:58612579-58612914	1	-15	NA	
496	chr16:59412065-59412537	1	137	NA	
497	chr16:64700799-64701116	1	98	NA	
498	chr16:75791762-75792021	3	167	56	
499	chr16:75901790-75902105	2	NA	NA	
500	chr16:78119442-78119904	1	-87	NA	
501	chr16:78445673-78445980	2	NA	NA	
502	chr16:87550864-87551174	1	84	NA	
503	chr16:89724420-89724894	1	136	NA	
504	chr16:89737772-89738443	1	140	NA	
505	chr16:89861947-89862399	1	61	NA	
506	chr16:89874814-89875263	1	40	NA	
507	chr16:90961855-90962337	1	71	NA	
508	chr16:91336861-91337417	1	128	NA	
509	chr16:91359207-91359677	1	104	NA	
510	chr16:91379596-91380076	1	132	NA	
511	chr16:91423370-91423633	1	33	NA	
512	chr16:91546628-91547044	1	-68	NA	
513	chr16:92542697-92543246	1	72	NA	
514	chr16:95858898-95859488	1	180	NA	
515	chr17:5081666-5082122	1	50	NA	
516	chr17:5758367-5758820	1	-65	NA	
517	chr17:7013555-7014034	3	NA	50	
518	chr17:8089879-8090306	1	7	NA	
519	chr17:12850526-12850914	2	NA	NA	
520	chr17:13418873-13419170	1	117	NA	
521	chr17:14812142-14812521	1	-166	NA	
522	chr17:17153270-17153692	1	-105	NA	
523	chr17:24911722-24912382	3	76	-117	
524	chr17:25501217-25501548	3	NA	50	
525	chr17:25571635-25571980	1	-35	NA	
526	chr17:28019032-28019334	2	NA	NA	
527	chr17:28340178-28340663	1	-73	NA	
528	chr17:29706924-29707429	1	93	NA	
529	chr17:30952638-30953196	1	86	NA	
530	chr17:32052536-32052978	2	NA	NA	
531	chr17:32771766-32771986	1	121	NA	
532	chr17:33530791-33531344	1	-144	NA	
533	chr17:33588977-33589288	1	62	NA	
534	chr17:33706710-33707176	1	48	NA	
535	chr17:34005683-34006132	1	-138	NA	
536	chr17:34239030-34239403	1	124	NA	
537	chr17:35631616-35632188	3	NA	-32	
538	chr17:35839240-35839717	2	NA	NA	
539	chr17:39450976-39456956	3	NA	114	
540	chr17:42730414-42730774	1	-77	NA	
541	chr17:43923163-43923617	1	-107	NA	
542	chr17:44020156-44020590	1	-108	NA	
543	chr17:44075030-44075468	3	NA	-144	
544	chr17:44117532-44118057	1	93	NA	
545	chr17:46756397-46756844	3	-41	53	
546	chr17:47027893-47028171	1	-63	NA	
547	chr17:50196855-50197131	3	NA	-159	
548	chr17:51627353-51627926	1	152	NA	
549	chr17:51813520-51813765	1	80	NA	
550	chr17:56745336-56745992	1	149	NA	
551	chr17:64647520-64647919	1	122	NA	
552	chr17:70878078-70878816	3	NA	45	
553	chr17:74584218-74584566	1	-19	NA	
554	chr17:78146158-78146640	3	83	-176	
555	chr17:79204015-79204456	1	-139	NA	
556	chr17:79621308-79621689	1	-52	NA	
557	chr17:80409469-80409720	2	NA	NA	
558	chr17:83215274-83215731	1	107	NA	
559	chr17:83220685-83221256	3	NA	150	
560	chr17:83563041-83563433	3	NA	33	
561	chr17:84024469-84025089	1	44	NA	
562	chr17:84241281-84241722	3	NA	-134	
563	chr17:86760942-86761441	2	NA	NA	
564	chr17:87445182-87445492	3	NA	113	
565	chr17:88387407-88387748	1	76	NA	
566	chr18:3005477-3006012	3	NA	-74	
567	chr18:4366633-4367132	3	93	-114	
568	chr18:4546730-4547039	1	153	NA	
569	chr18:5077681-5078067	1	-59	NA	
570	chr18:12056708-12057117	1	102	NA	
571	chr18:13092341-13092577	1	13	NA	
572	chr18:21099898-21100502	1	141	NA	
573	chr18:24797343-24797772	3	NA	-69	
574	chr18:32210594-32210914	3	NA	50	
575	chr18:34909336-34909734	1	-116	NA	
576	chr18:36068131-36068618	1	-84	NA	
577	chr18:38609127-38609798	3	NA	125	
578	chr18:39583750-39584102	1	-93	NA	
579	chr18:39645468-39645915	1	135	NA	
580	chr18:40433993-40434359	2	NA	NA	
581	chr18:42400896-42401433	1	70	NA	
582	chr18:44527714-44528148	3	NA	-62	
583	chr18:50149360-50149921	1	152	NA	
584	chr18:55096313-55096620	1	-91	NA	
585	chr18:56064775-56065007	2	NA	NA	
586	chr18:64613935-64614359	1	49	NA	
587	chr18:67405813-67406274	1	128	NA	
588	chr18:67813832-67814113	1	58	NA	
589	chr18:67850310-67850776	3	NA	-37	
590	chr18:73658610-73659047	2	NA	NA	
591	chr18:74341319-74341628	2	NA	NA	
592	chr18:74393897-74394262	1	115	NA	
593	chr18:75502718-75503234	3	153	-181	
594	chr18:82322257-82322469	1	-106	NA	
595	chr18:82355577-82355928	1	-141	NA	
596	chr18:82638147-82638605	1	91	NA	
597	chr18:85832124-85832484	2	NA	NA	
598	chr18:89340106-89340947	2	NA	NA	
599	chr18:89367804-89368249	1	138	NA	
600	chr19:4119705-4120093	3	36	-93	
601	chr19:4878498-4879208	1	-168	NA	
602	chr19:5724350-5724819	1	84	NA	
603	chr19:7560849-7561173	1	65	NA	
604	chr19:11160738-11161058	1	167	NA	
605	chr19:11583716-11584360	2	NA	NA	
606	chr19:12093668-12094017	3	140	-178	
607	chr19:12863617-12864006	1	170	NA	
608	chr19:15991763-15992458	2	NA	NA	
609	chr19:25050991-25051422	1	39	NA	
610	chr19:29519924-29520294	1	-15	NA	
611	chr19:29714187-29714595	1	171	NA	
612	chr19:31276501-31276934	1	-62	NA	
613	chr19:32341525-32341966	1	-120	NA	
614	chr19:32935355-32935676	3	NA	6	
615	chr19:33147583-33147902	1	-132	NA	
616	chr19:33328465-33328695	1	-121	NA	
617	chr19:33432697-33433098	1	-98	NA	
618	chr19:34186119-34186574	3	120	-16	
619	chr19:38452697-38452987	1	-46	NA	
620	chr19:40665468-40665791	1	-11	NA	
621	chr19:41855119-41855426	2	NA	NA	
622	chr19:43577619-43578161	2	NA	NA	
623	chr19:44337922-44338470	1	118	NA	
624	chr19:45117222-45117607	1	-153	NA	
625	chr19:45703234-45703513	2	NA	NA	
626	chr19:53238750-53239210	3	-114	41	
627	chr19:53367349-53367835	1	-0	NA	
628	chr19:53496438-53496881	1	116	NA	
629	chr19:54100686-54101052	1	-69	NA	
630	chr19:57170071-57170495	1	7	NA	
631	chr19:58166411-58166792	2	NA	NA	
632	chr19:58196938-58197365	3	-83	-177	
633	chr19:59455285-59455715	1	89	NA	
634	chr19:61254168-61254546	2	NA	NA	
635	chr2:6226650-6227107	2	NA	NA	
636	chr2:6637851-6638347	1	41	NA	
637	chr2:9482392-9482789	1	151	NA	
638	chr2:10232565-10232851	2	NA	NA	
639	chr2:11453301-11453565	1	-141	NA	
640	chr2:11534670-11535209	1	-79	NA	
641	chr2:16282481-16282843	1	143	NA	
642	chr2:18442209-18442591	2	NA	NA	
643	chr2:22596403-22596847	2	NA	NA	
644	chr2:22657001-22657626	3	NA	154	
645	chr2:25356133-25356487	1	-63	NA	
646	chr2:26575227-26575775	1	145	NA	
647	chr2:29494641-29495065	2	NA	NA	
648	chr2:30185952-30186300	2	NA	NA	
649	chr2:30416683-30417261	1	3	NA	
650	chr2:30937069-30937492	1	13	NA	
651	chr2:32185288-32185822	1	129	NA	
652	chr2:32317078-32317770	3	NA	45	
653	chr2:32515995-32516476	1	-126	NA	
654	chr2:32734454-32734712	1	44	NA	
655	chr2:34593654-34594313	2	NA	NA	
656	chr2:35270261-35270736	1	116	NA	
657	chr2:35803840-35804249	1	137	NA	
658	chr2:37593685-37594295	1	-92	NA	
659	chr2:38293619-38294347	1	-94	NA	
660	chr2:38358318-38358817	3	-91	64	
661	chr2:57940336-57940580	1	-77	NA	
662	chr2:57969030-57969419	1	-62	NA	
663	chr2:60218967-60219297	1	44	NA	
664	chr2:60575358-60575811	1	-141	NA	
665	chr2:60646153-60646614	1	-145	NA	
666	chr2:65985646-65986102	1	71	NA	
667	chr2:68231232-68231745	2	NA	NA	
668	chr2:68271948-68272329	1	171	NA	
669	chr2:70462125-70462614	2	NA	NA	
670	chr2:70675846-70676579	3	NA	-60	
671	chr2:72083427-72084084	1	92	NA	
672	chr2:72293813-72294311	2	NA	NA	
673	chr2:72658478-72659037	1	96	NA	
674	chr2:72813502-72813826	2	NA	NA	
675	chr2:74505492-74505966	1	-97	NA	
676	chr2:75401432-75401748	2	NA	NA	
677	chr2:79766025-79766494	1	81	NA	
678	chr2:80262697-80263090	1	-38	NA	
679	chr2:84580113-84580575	1	97	NA	
680	chr2:90365479-90365818	1	-101	NA	
681	chr2:90888325-90888843	1	-167	NA	
682	chr2:92234752-92235155	2	NA	NA	
683	chr2:93225410-93226159	2	NA	NA	
684	chr2:93272075-93272460	1	-89	NA	
685	chr2:93974373-93974797	2	NA	NA	
686	chr2:102613412-102613877	1	88	NA	
687	chr2:102787232-102787663	1	145	NA	
688	chr2:103436378-103436999	1	-79	NA	
689	chr2:117034009-117034710	1	-127	NA	
690	chr2:118553263-118553568	1	144	NA	
691	chr2:118942123-118942867	1	-77	NA	
692	chr2:118979807-118980367	2	NA	NA	
693	chr2:120349978-120350363	1	51	NA	
694	chr2:124396206-124396623	3	NA	156	
695	chr2:124423828-124424411	1	183	NA	
696	chr2:125639523-125639893	1	77	NA	
697	chr2:126159094-126159536	1	-76	NA	
698	chr2:126961444-126961730	1	-62	NA	
699	chr2:126995685-126995920	1	-190	NA	
700	chr2:127808773-127809386	1	-113	NA	
701	chr2:127895562-127895956	2	NA	NA	
702	chr2:128191076-128191793	1	117	NA	
703	chr2:128236184-128236717	1	27	NA	
704	chr2:134335454-134335732	1	-103	NA	
705	chr2:139758063-139758493	3	NA	-41	
706	chr2:146107941-146108429	1	185	NA	
707	chr2:150730784-150731067	1	-130	NA	
708	chr2:151185543-151185803	1	173	NA	
709	chr2:152917250-152917718	3	91	127	
710	chr2:153217091-153217676	2	NA	NA	
711	chr2:154546815-154547167	1	-106	NA	
712	chr2:155429504-155429828	2	NA	NA	
713	chr2:155870831-155871390	1	-93	NA	
714	chr2:157258664-157259181	1	-61	NA	
715	chr2:158100548-158101392	2	NA	NA	
716	chr2:162920521-162921035	1	63	NA	
717	chr2:165012758-165013345	3	NA	16	
718	chr2:165345406-165345773	1	107	NA	
719	chr2:165875557-165876099	1	-111	NA	
720	chr2:166347692-166348443	1	130	NA	
721	chr2:166445883-166446401	1	-135	NA	
722	chr2:167042374-167042830	1	152	NA	
723	chr2:167496957-167497419	1	188	NA	
724	chr2:167578875-167579518	1	155	NA	
725	chr2:168286941-168287213	2	NA	NA	
726	chr2:172872514-172872918	1	96	NA	
727	chr2:180186508-180187000	3	NA	162	
728	chr2:181846618-181847361	2	NA	NA	
729	chr2:181860012-181860742	2	NA	NA	
730	chr3:3000564-3001017	2	NA	NA	
731	chr3:8228243-8228516	2	NA	NA	
732	chr3:9785197-9785832	2	NA	NA	
733	chr3:9809200-9809555	1	-96	NA	
734	chr3:20415059-20415393	1	-20	NA	
735	chr3:22130792-22131135	1	181	NA	
736	chr3:22153365-22153986	3	NA	35	
737	chr3:27476166-27476587	3	-138	-58	
738	chr3:31289471-31289754	1	-126	NA	
739	chr3:36763563-36763895	2	NA	NA	
740	chr3:37045287-37045589	1	5	NA	
741	chr3:40841920-40842345	2	NA	NA	
742	chr3:41838911-41839237	1	-164	NA	
743	chr3:51761566-51762020	1	69	NA	
744	chr3:52285957-52286395	1	177	NA	
745	chr3:52546388-52547007	3	NA	175	
746	chr3:52586702-52587101	3	NA	173	
747	chr3:52667282-52667566	1	-186	NA	
748	chr3:52928136-52928587	1	-95	NA	
749	chr3:52966155-52966722	3	-132	-58	
750	chr3:55167992-55168369	1	69	NA	
751	chr3:59528527-59528812	1	-54	NA	
752	chr3:60560344-60560577	1	-96	NA	
753	chr3:60689595-60689965	1	-85	NA	
754	chr3:69293237-69293640	3	6	125	
755	chr3:84178890-84179259	1	61	NA	
756	chr3:84241489-84241899	3	147	-60	
757	chr3:84438334-84438693	2	NA	NA	
758	chr3:84746834-84747300	1	148	NA	
759	chr3:84767455-84767919	1	116	NA	
760	chr3:84894818-84895199	1	-88	NA	
761	chr3:84934852-84935167	1	76	NA	
762	chr3:86228405-86228802	3	NA	76	
763	chr3:86923096-86923514	1	-90	NA	
764	chr3:87609683-87610100	1	-26	NA	
765	chr3:88227728-88228196	1	82	NA	
766	chr3:89588549-89588912	2	NA	NA	
767	chr3:89958143-89958746	3	NA	185	
768	chr3:95397993-95398405	3	-141	-41	
769	chr3:95471039-95471495	2	NA	NA	
770	chr3:96355146-96355583	1	-54	NA	
771	chr3:96642317-96642809	3	NA	-109	
772	chr3:96665322-96666086	3	-68	23	
773	chr3:96966961-96967458	1	-132	NA	
774	chr3:97024174-97024386	2	NA	NA	
775	chr3:101374410-101374693	3	80	126	
776	chr3:103124696-103125021	2	NA	NA	
777	chr3:105756223-105756674	1	144	NA	
778	chr3:105896695-105897017	2	NA	NA	
779	chr3:105934660-105935011	2	NA	NA	
780	chr3:106916707-106917023	3	142	-39	
781	chr3:107208808-107209219	1	25	NA	
782	chr3:107824447-107824855	2	NA	NA	
783	chr3:109039677-109039990	2	NA	NA	
784	chr3:109480223-109480668	2	NA	NA	
785	chr3:116499943-116500294	1	59	NA	
786	chr3:116654542-116654805	2	NA	NA	
787	chr3:121193137-121193468	1	-78	NA	
788	chr3:121539773-121540258	2	NA	NA	
789	chr3:123500127-123500422	1	-97	NA	
790	chr3:126652503-126652987	1	138	NA	
791	chr3:130799225-130799597	3	80	58	
792	chr3:131101415-131101881	1	-24	NA	
793	chr3:131197747-131198235	1	121	NA	
794	chr3:133326456-133326847	1	-94	NA	
795	chr3:135527856-135528279	1	86	NA	
796	chr3:135626308-135626595	1	-160	NA	
797	chr3:135656568-135656987	3	NA	85	
798	chr3:136680041-136680662	1	-94	NA	
799	chr3:138271631-138272030	1	118	NA	
800	chr3:138680358-138680857	2	NA	NA	
801	chr3:146623834-146624248	2	NA	NA	
802	chr3:152863667-152864010	2	NA	NA	
803	chr4:3009087-3011606	1	72	NA	
804	chr4:3501760-3502149	3	NA	-10	
805	chr4:6796560-6796934	1	-60	NA	
806	chr4:6829152-6829550	1	93	NA	
807	chr4:8993506-8993871	1	114	NA	
808	chr4:11648343-11648777	1	82	NA	
809	chr4:15913411-15913816	1	-111	NA	
810	chr4:32300551-32300909	3	NA	75	
811	chr4:32477834-32478142	3	NA	2	
812	chr4:32586600-32587076	3	20	168	
813	chr4:32616471-32617160	1	36	NA	
814	chr4:32620000-32620618	1	150	NA	
815	chr4:41027890-41028392	1	-77	NA	
816	chr4:44093604-44093942	2	NA	NA	
817	chr4:44994644-44994945	2	NA	NA	
818	chr4:45318090-45318420	1	-12	NA	
819	chr4:46409733-46410341	1	156	NA	
820	chr4:46463532-46463933	2	NA	NA	
821	chr4:47340749-47341121	1	99	NA	
822	chr4:62148063-62148367	1	-80	NA	
823	chr4:62167663-62168040	1	37	NA	
824	chr4:63126081-63126396	1	-123	NA	
825	chr4:69864321-69864688	2	NA	NA	
826	chr4:73722902-73723232	2	NA	NA	
827	chr4:82888656-82888975	1	75	NA	
828	chr4:87481670-87482026	1	101	NA	
829	chr4:94686716-94687050	1	-16	NA	
830	chr4:99445763-99446241	1	-125	NA	
831	chr4:102016735-102017063	1	65	NA	
832	chr4:102209741-102210140	3	NA	115	
833	chr4:106292227-106292692	1	23	NA	
834	chr4:107847766-107848453	1	-157	NA	
835	chr4:110953688-110954087	2	NA	NA	
836	chr4:116680088-116680584	1	60	NA	
837	chr4:116975984-116976529	1	109	NA	
838	chr4:118580784-118581131	1	-31	NA	
839	chr4:120484087-120484611	1	-31	NA	
840	chr4:122331414-122331862	1	104	NA	
841	chr4:122375204-122375734	1	114	NA	
842	chr4:122518752-122519102	2	NA	NA	
843	chr4:123074761-123075000	3	NA	-48	
844	chr4:124254739-124255207	3	-98	12	
845	chr4:124532197-124532525	2	NA	NA	
846	chr4:125605832-125606354	1	-158	NA	
847	chr4:128193974-128194370	2	NA	NA	
848	chr4:128551934-128552410	2	NA	NA	
849	chr4:129296302-129296645	1	-92	NA	
850	chr4:133319771-133320201	1	56	NA	
851	chr4:133331165-133331587	1	-91	NA	
852	chr4:133378191-133378620	1	-21	NA	
853	chr4:134291195-134291666	1	55	NA	
854	chr4:134375873-134376315	1	-67	NA	
855	chr4:134478190-134478714	1	119	NA	
856	chr4:135300699-135301175	1	128	NA	
857	chr4:135332244-135332453	1	82	NA	
858	chr4:136629658-136629973	2	NA	NA	
859	chr4:137576558-137577023	2	NA	NA	
860	chr4:140219696-140220223	1	-79	NA	
861	chr4:140224473-140225042	1	-118	NA	
862	chr4:141399491-141399918	1	-77	NA	
863	chr4:144579172-144579534	2	NA	NA	
864	chr4:148313378-148313720	3	NA	44	
865	chr4:148617854-148618198	2	NA	NA	
866	chr4:149768069-149768570	1	-56	NA	
867	chr4:153994028-153994526	1	107	NA	
868	chr4:154445369-154445755	2	NA	NA	
869	chr4:154852598-154853195	1	157	NA	
870	chr4:154865937-154866517	3	-34	-0	
871	chr5:3510418-3510904	1	-106	NA	
872	chr5:8845656-8846090	1	-122	NA	
873	chr5:20765520-20765947	3	37	145	
874	chr5:20922978-20923477	1	-132	NA	
875	chr5:23149170-23149629	3	NA	-30	
876	chr5:23297539-23297875	1	164	NA	
877	chr5:23404167-23404563	2	NA	NA	
878	chr5:24193104-24193528	2	NA	NA	
879	chr5:24758561-24758893	1	96	NA	
880	chr5:28402485-28402987	1	101	NA	
881	chr5:30066269-30066709	1	-39	NA	
882	chr5:32009070-32009959	3	-3	13	
883	chr5:32704000-32704465	1	113	NA	
884	chr5:33652141-33652585	2	NA	NA	
885	chr5:37010514-37011030	1	95	NA	
886	chr5:38562201-38562642	2	NA	NA	
887	chr5:53665985-53666291	1	-145	NA	
888	chr5:53681802-53682329	2	NA	NA	
889	chr5:53795542-53795992	1	-72	NA	
890	chr5:53854455-53855652	2	NA	NA	
891	chr5:64767100-64767471	2	NA	NA	
892	chr5:65407570-65408047	1	127	NA	
893	chr5:65614449-65614864	2	NA	NA	
894	chr5:66180029-66180368	3	114	-80	
895	chr5:66200550-66201079	1	-103	NA	
896	chr5:72913840-72914184	1	-97	NA	
897	chr5:76122116-76122495	1	-62	NA	
898	chr5:77663309-77663561	2	NA	NA	
899	chr5:94208418-94208917	1	97	NA	
900	chr5:99740019-99740537	1	98	NA	
901	chr5:100741576-100741974	1	-91	NA	
902	chr5:100758349-100758903	2	NA	NA	
903	chr5:100825421-100825804	3	NA	140	
904	chr5:105758510-105758971	1	-77	NA	
905	chr5:105925189-105925631	3	117	-91	
906	chr5:107505174-107505662	1	-146	NA	
907	chr5:107535516-107535873	2	NA	NA	
908	chr5:107939104-107939579	1	-86	NA	
909	chr5:108305801-108306156	2	NA	NA	
910	chr5:110334653-110335081	1	84	NA	
911	chr5:110375914-110376289	1	-5	NA	
912	chr5:110524874-110525268	2	NA	NA	
913	chr5:111079864-111080502	2	NA	NA	
914	chr5:112511532-112512106	1	141	NA	
915	chr5:113801321-113801774	2	NA	NA	
916	chr5:114091316-114091918	1	94	NA	
917	chr5:115820204-115820567	3	NA	64	
918	chr5:118297839-118298194	2	NA	NA	
919	chr5:123093643-123093963	1	-94	NA	
920	chr5:123209707-123210145	3	NA	-7	
921	chr5:124311348-124311680	1	-107	NA	
922	chr5:124335498-124336094	2	NA	NA	
923	chr5:125426894-125427257	1	105	NA	
924	chr5:130131355-130131771	1	101	NA	
925	chr5:130488583-130489182	1	-150	NA	
926	chr5:135309612-135309873	1	-191	NA	
927	chr5:136749868-136750359	1	89	NA	
928	chr5:137814765-137815136	2	NA	NA	
929	chr5:138002592-138002929	1	68	NA	
930	chr5:138887412-138887690	1	-25	NA	
931	chr5:139635625-139636233	1	159	NA	
932	chr5:141314693-141315197	3	-91	-23	
933	chr5:142692291-142692656	2	NA	NA	
934	chr5:143398094-143398457	1	-67	NA	
935	chr5:147386784-147387157	2	NA	NA	
936	chr5:147469755-147470173	1	80	NA	
937	chr6:15743099-15743623	1	167	NA	
938	chr6:17592679-17593191	1	128	NA	
939	chr6:22299559-22299966	1	75	NA	
940	chr6:28940233-28940677	1	85	NA	
941	chr6:34086246-34086634	3	-116	-68	
942	chr6:38272039-38272482	1	-74	NA	
943	chr6:39308844-39309312	1	97	NA	
944	chr6:39738061-39738445	1	130	NA	
945	chr6:41483727-41484335	1	-61	NA	
946	chr6:47550959-47551238	3	-88	76	
947	chr6:47707803-47708149	2	NA	NA	
948	chr6:48013201-48013488	3	-114	144	
949	chr6:48597187-48597421	3	NA	41	
950	chr6:48609314-48609854	2	NA	NA	
951	chr6:48662407-48662932	1	-114	NA	
952	chr6:48976158-48976491	1	-8	NA	
953	chr6:50346489-50346976	2	NA	NA	
954	chr6:51399400-51399841	2	NA	NA	
955	chr6:51509906-51510220	1	74	NA	
956	chr6:53451257-53451548	1	148	NA	
957	chr6:56809032-56809454	1	38	NA	
958	chr6:57464682-57465177	1	95	NA	
959	chr6:59114808-59115208	2	NA	NA	
960	chr6:59355663-59356091	1	108	NA	
961	chr6:65494239-65494600	3	147	178	
962	chr6:66966819-66967167	2	NA	NA	
963	chr6:67462585-67463087	1	131	NA	
964	chr6:71892212-71892664	1	55	NA	
965	chr6:72441846-72442312	1	-96	NA	
966	chr6:72531230-72531651	2	NA	NA	
967	chr6:72922840-72923270	1	82	NA	
968	chr6:82887463-82887942	1	72	NA	
969	chr6:83043886-83044319	3	NA	-8	
970	chr6:83414636-83415110	3	NA	30	
971	chr6:83535003-83535474	1	72	NA	
972	chr6:84622229-84622671	1	107	NA	
973	chr6:86564908-86565132	2	NA	NA	
974	chr6:86813402-86813832	1	-112	NA	
975	chr6:87006604-87006996	1	138	NA	
976	chr6:87507513-87508130	3	59	-84	
977	chr6:91090361-91090848	1	79	NA	
978	chr6:94792242-94792505	3	NA	67	
979	chr6:97488532-97488988	1	-42	NA	
980	chr6:98958120-98958586	2	NA	NA	
981	chr6:99238777-99239249	1	-66	NA	
982	chr6:108275786-108276055	1	71	NA	
983	chr6:108304198-108304682	2	NA	NA	
984	chr6:108572507-108573026	1	-127	NA	
985	chr6:108798772-108799216	1	-101	NA	
986	chr6:112827717-112828077	3	NA	-119	
987	chr6:113604004-113604439	2	NA	NA	
988	chr6:113614800-113615221	1	131	NA	
989	chr6:115466890-115467408	1	84	NA	
990	chr6:115493956-115494458	3	-154	85	
991	chr6:122235841-122236061	1	-73	NA	
992	chr6:122707983-122708441	1	-129	NA	
993	chr6:124649398-124649805	1	72	NA	
994	chr6:124715919-124716440	1	153	NA	
995	chr6:125230932-125231306	1	68	NA	
996	chr6:125318731-125319296	1	-132	NA	
997	chr6:125391773-125392352	1	51	NA	
998	chr6:126814568-126815066	1	138	NA	
999	chr6:126961146-126961409	1	-109	NA	
1000	chr6:129250110-129250446	1	-109	NA	
1001	chr6:129574019-129574548	3	NA	65	
1002	chr6:131229595-131229843	1	-42	NA	
1003	chr6:134606377-134606776	1	-42	NA	
1004	chr6:140560955-140561361	1	-87	NA	
1005	chr6:140582849-140583348	2	NA	NA	
1006	chr6:142346306-142346703	1	44	NA	
1007	chr6:142529208-142529543	1	122	NA	
1008	chr6:142780283-142780647	1	75	NA	
1009	chr6:142816755-142817039	3	-46	26	
1010	chr6:144627611-144628053	3	-31	-15	
1011	chr6:146391342-146391830	1	68	NA	
1012	chr6:146473079-146473488	1	-121	NA	
1013	chr6:148645223-148645473	2	NA	NA	
1014	chr6:149323648-149323944	2	NA	NA	
1015	chr7:11810301-11810786	1	-92	NA	
1016	chr7:15107677-15108139	3	NA	-91	
1017	chr7:15161589-15161988	2	NA	NA	
1018	chr7:18662092-18662406	3	NA	121	
1019	chr7:27642114-27642525	1	134	NA	
1020	chr7:27877326-27877996	1	-108	NA	
1021	chr7:28091634-28092464	1	-166	NA	
1022	chr7:28450239-28450766	1	106	NA	
1023	chr7:28843350-28843706	3	129	-111	
1024	chr7:29207797-29208254	1	120	NA	
1025	chr7:29928525-29928832	1	-123	NA	
1026	chr7:30082326-30082698	3	-61	-91	
1027	chr7:30128844-30129310	2	NA	NA	
1028	chr7:30198982-30199376	1	127	NA	
1029	chr7:35451047-35451426	2	NA	NA	
1030	chr7:43787968-43788413	1	-64	NA	
1031	chr7:45003403-45003903	1	116	NA	
1032	chr7:45378318-45378843	1	-64	NA	
1033	chr7:45441953-45442368	1	-137	NA	
1034	chr7:45460043-45460585	1	-96	NA	
1035	chr7:45734550-45734958	2	NA	NA	
1036	chr7:46876216-46876604	1	138	NA	
1037	chr7:46899561-46899847	2	NA	NA	
1038	chr7:51624260-51624619	3	NA	-67	
1039	chr7:58593852-58594197	1	143	NA	
1040	chr7:66112070-66112593	1	58	NA	
1041	chr7:68145220-68145728	1	101	NA	
1042	chr7:72149008-72149348	3	-143	-38	
1043	chr7:72181713-72182034	1	81	NA	
1044	chr7:73411272-73411588	3	NA	-11	
1045	chr7:75328649-75329080	2	NA	NA	
1046	chr7:75446347-75446613	1	118	NA	
1047	chr7:80051754-80052133	1	-97	NA	
1048	chr7:80077150-80077567	1	79	NA	
1049	chr7:80248901-80249521	2	NA	NA	
1050	chr7:82524533-82524837	2	NA	NA	
1051	chr7:89047003-89047422	1	18	NA	
1052	chr7:89882367-89882920	1	29	NA	
1053	chr7:90220062-90220608	1	-161	NA	
1054	chr7:98438048-98438649	1	58	NA	
1055	chr7:98456985-98457329	2	NA	NA	
1056	chr7:99302778-99303185	1	145	NA	
1057	chr7:101175965-101176413	2	NA	NA	
1058	chr7:110223451-110223772	1	-75	NA	
1059	chr7:113304835-113305187	2	NA	NA	
1060	chr7:113952237-113952820	3	NA	20	
1061	chr7:114004714-114005149	1	-49	NA	
1062	chr7:114270993-114271452	1	67	NA	
1063	chr7:115285722-115286218	1	-84	NA	
1064	chr7:116275262-116275762	1	102	NA	
1065	chr7:125263252-125263840	1	-139	NA	
1066	chr7:125303055-125303441	1	87	NA	
1067	chr7:127023709-127024169	1	-129	NA	
1068	chr7:127710384-127710858	1	185	NA	
1069	chr7:132240873-132241462	2	NA	NA	
1070	chr7:132494918-132495332	1	-69	NA	
1071	chr7:140058067-140058724	1	-156	NA	
1072	chr7:140225632-140226252	1	-98	NA	
1073	chr7:140833107-140833535	1	-111	NA	
1074	chr7:142163244-142163653	1	56	NA	
1075	chr7:143437956-143438430	2	NA	NA	
1076	chr7:145052516-145052883	1	-123	NA	
1077	chr8:4324991-4325303	3	NA	160	
1078	chr8:13213356-13213663	1	-39	NA	
1079	chr8:13601166-13601681	2	NA	NA	
1080	chr8:15014125-15014724	1	159	NA	
1081	chr8:15019115-15019584	1	-0	NA	
1082	chr8:18863797-18864092	1	130	NA	
1083	chr8:23526020-23526512	2	NA	NA	
1084	chr8:26535887-26536316	2	NA	NA	
1085	chr8:27119388-27119892	2	NA	NA	
1086	chr8:28602879-28603428	1	-94	NA	
1087	chr8:35187966-35188318	3	100	20	
1088	chr8:36204709-36205287	3	NA	129	
1089	chr8:37065495-37065902	3	123	-40	
1090	chr8:37102353-37102806	3	NA	-99	
1091	chr8:37662601-37663047	3	NA	-53	
1092	chr8:48358130-48358511	1	-159	NA	
1093	chr8:72925094-72925498	2	NA	NA	
1094	chr8:73478780-73479254	2	NA	NA	
1095	chr8:73602273-73603239	2	NA	NA	
1096	chr8:75168524-75168822	1	64	NA	
1097	chr8:75350359-75350717	1	150	NA	
1098	chr8:77978341-77978848	2	NA	NA	
1099	chr8:82574970-82575481	3	NA	-61	
1100	chr8:84661562-84662188	1	152	NA	
1101	chr8:86862619-86863100	2	NA	NA	
1102	chr8:87593385-87593987	2	NA	NA	
1103	chr8:89728888-89729422	1	-101	NA	
1104	chr8:107332007-107332318	2	NA	NA	
1105	chr8:108155775-108156348	1	-35	NA	
1106	chr8:108455994-108456351	3	NA	-103	
1107	chr8:108519005-108519355	1	145	NA	
1108	chr8:108716238-108716518	2	NA	NA	
1109	chr8:109512214-109512641	1	121	NA	
1110	chr8:113826060-113826355	3	21	63	
1111	chr8:114452979-114453417	1	-93	NA	
1112	chr8:114482348-114482971	1	-105	NA	
1113	chr8:114863051-114863391	3	NA	-143	
1114	chr8:118064364-118064755	1	85	NA	
1115	chr8:119438162-119438631	1	62	NA	
1116	chr8:119476586-119476919	1	41	NA	
1117	chr8:119939207-119939484	2	NA	NA	
1118	chr8:124488868-124489237	1	-155	NA	
1119	chr8:124734386-124734933	1	-93	NA	
1120	chr8:124794397-124794933	3	40	-146	
1121	chr8:125168734-125169252	1	-175	NA	
1122	chr8:125169804-125171206	2	NA	NA	
1123	chr8:126731253-126731521	3	-83	126	
1124	chr8:127161735-127162246	1	171	NA	
1125	chr8:127608022-127608721	3	147	62	
1126	chr8:127953625-127954083	1	-106	NA	
1127	chr8:128535582-128536005	1	-169	NA	
1128	chr8:129753766-129754349	1	151	NA	
1129	chr9:14626546-14626759	3	NA	-140	
1130	chr9:14779456-14779784	1	37	NA	
1131	chr9:20402238-20402641	2	NA	NA	
1132	chr9:21015366-21015759	1	117	NA	
1133	chr9:22401187-22401481	3	NA	116	
1134	chr9:24292377-24292778	2	NA	NA	
1135	chr9:32252983-32253424	1	-84	NA	
1136	chr9:32271564-32272035	1	102	NA	
1137	chr9:32287355-32288171	1	-124	NA	
1138	chr9:32490639-32490966	1	65	NA	
1139	chr9:32660305-32660837	1	76	NA	
1140	chr9:32760860-32761139	1	-60	NA	
1141	chr9:32810419-32810978	1	-120	NA	
1142	chr9:36516696-36517060	1	-8	NA	
1143	chr9:39943330-39943690	1	-63	NA	
1144	chr9:39957028-39957420	1	57	NA	
1145	chr9:40200400-40200978	1	-139	NA	
1146	chr9:40869065-40869552	1	99	NA	
1147	chr9:43763229-43764082	2	NA	NA	
1148	chr9:43827771-43828147	1	189	NA	
1149	chr9:44129928-44130545	2	NA	NA	
1150	chr9:44288599-44289418	1	-99	NA	
1151	chr9:45900325-45900788	2	NA	NA	
1152	chr9:48807346-48807729	2	NA	NA	
1153	chr9:55591095-55591531	1	187	NA	
1154	chr9:56322429-56322670	1	100	NA	
1155	chr9:57138598-57138842	2	NA	NA	
1156	chr9:57441815-57442252	1	107	NA	
1157	chr9:58381548-58381978	1	117	NA	
1158	chr9:59089091-59089572	1	-66	NA	
1159	chr9:60796944-60797583	3	NA	-53	
1160	chr9:61175845-61176090	1	-79	NA	
1161	chr9:61467771-61468263	3	NA	184	
1162	chr9:61505796-61506341	2	NA	NA	
1163	chr9:62775157-62775508	1	-80	NA	
1164	chr9:63080099-63080382	1	55	NA	
1165	chr9:63400496-63400828	1	-59	NA	
1166	chr9:63518700-63519274	3	-136	-102	
1167	chr9:63536352-63536743	1	79	NA	
1168	chr9:65348618-65349073	2	NA	NA	
1169	chr9:68833418-68834278	1	-169	NA	
1170	chr9:70890560-70891071	1	97	NA	
1171	chr9:71896585-71897043	1	-46	NA	
1172	chr9:75195902-75196526	3	NA	-70	
1173	chr9:78233596-78234106	1	6	NA	
1174	chr9:85210659-85210955	1	-91	NA	
1175	chr9:88177971-88178281	1	-116	NA	
1176	chr9:95121103-95121558	1	62	NA	
1177	chr9:104064399-104064647	2	NA	NA	
1178	chr9:107136607-107137126	3	NA	66	
1179	chr9:107153716-107154245	1	-79	NA	
1180	chr9:107844477-107844835	1	139	NA	
1181	chr9:108916581-108917005	1	115	NA	
1182	chr9:109776587-109776930	3	NA	-44	
1183	chr9:110126395-110126714	2	NA	NA	
1184	chr9:110530369-110530796	3	NA	-148	
1185	chr9:113708058-113708492	3	-45	59	
1186	chr9:114270429-114270924	3	50	17	
1187	chr9:114289284-114289701	1	-101	NA	
1188	chr9:114300435-114300683	1	111	NA	
1189	chr9:114320460-114321086	1	121	NA	
1190	chr9:119592674-119593058	1	100	NA	
1191	chr9:119879069-119879555	2	NA	NA	
1192	chr9:119939824-119940325	2	NA	NA	
1193	chr9:119940336-119940889	1	-76	NA	
1194	chr9:120006879-120007228	2	NA	NA	
1195	chr9:120425751-120426192	1	-109	NA	
1196	chr9:122037291-122037774	2	NA	NA	
1197	chr9:123605483-123605833	1	-21	NA	
1198	chr9:123656449-123656782	1	-74	NA	
1199	chr9:123781852-123782576	1	15	NA	
1200	chr9:123973156-123973551	3	76	142	
1201	chrM:1732-4019	2	NA	NA	
1202	chrX:18323204-18323478	1	107	NA	
1203	chrX:32791198-32791607	1	60	NA	
1204	chrX:38588106-38588644	3	NA	-55	
1205	chrX:44683701-44684159	3	-86	61	
1206	chrX:67739843-67740234	1	53	NA	
1207	chrX:81826953-81827365	1	-108	NA	
1208	chrX:83491001-83491214	2	NA	NA	
1209	chrX:97969687-97970038	1	-84	NA	
1210	chrX:98234469-98234869	1	-110	NA	
1211	chrX:102907368-102907652	1	178	NA	
1212	chrX:108487751-108488205	2	NA	NA	
1213	chrX:129987494-129987799	1	62	NA	
1214	chrX:137635863-137636262	3	NA	-57	
1215	chrX:138729297-138729511	1	24	NA	
1216	chrX:152603348-152603658	2	NA	NA	
1217	chrX:161573860-161574199	2	NA	NA	
