Number of sequences: 1794
Number of programs: 4
Number of motifs: 9
Motif widths: 13 14 15 13 18 16 16 25 20 
Program 1: total 1255
 motif #1: 1255 of 1255 (0.999920 posterior)
 motif #2: 302 of 1255 (0.240679 posterior)
 motif #3: 167 of 1255 (0.133126 posterior)
 motif #5: 187 of 1255 (0.149060 posterior)
 motif #6: 40 of 1255 (0.031947 posterior)
 motif #7: 69 of 1255 (0.055051 posterior)
 motif #8: 40 of 1255 (0.031947 posterior)
 motif #9: 19 of 1255 (0.015217 posterior)

Program 2: total 232
 motif #2: 34 of 232 (0.146856 posterior)
 motif #3: 43 of 232 (0.185616 posterior)
 motif #4: 232 of 232 (0.999569 posterior)
 motif #5: 25 of 232 (0.108096 posterior)
 motif #7: 4 of 232 (0.017657 posterior)
 motif #8: 7 of 232 (0.030577 posterior)
 motif #9: 3 of 232 (0.013351 posterior)

Program 3: total 212

Program 4: total 95
 motif #2: 4 of 95 (0.043067 posterior)
 motif #3: 30 of 95 (0.316176 posterior)
 motif #5: 8 of 95 (0.085084 posterior)
 motif #6: 49 of 95 (0.515756 posterior)
 motif #7: 7 of 95 (0.074580 posterior)
 motif #8: 22 of 95 (0.232143 posterior)

Motif #1
total sequences 1255
A	[ 516.0	195.0	549.0	89.0	70.0	139.0	59.0	188.0	1013.0	0.0	-0.0	251.0	136.0	]
C	[ 176.0	258.0	206.0	213.0	382.0	518.0	292.0	116.0	67.0	77.0	1203.0	16.0	446.0	]
G	[ 178.0	600.0	172.0	135.0	258.0	336.0	51.0	1.0	81.0	0.0	4.0	4.0	321.0	]
T	[ 385.0	202.0	328.0	818.0	545.0	262.0	853.0	950.0	94.0	1178.0	48.0	984.0	352.0	]
Motif #2
total sequences 340
A	[ 0.0	17.0	46.0	58.0	0.0	4.0	0.0	17.0	0.0	79.0	0.0	-0.0	22.0	4.0	]
C	[ 202.0	199.0	179.0	157.0	283.0	136.0	135.0	285.0	340.0	83.0	125.0	233.0	200.0	209.0	]
G	[ 53.0	0.0	-0.0	56.0	0.0	11.0	33.0	38.0	0.0	0.0	71.0	43.0	0.0	12.0	]
T	[ 85.0	124.0	115.0	69.0	57.0	189.0	172.0	-0.0	-0.0	178.0	144.0	64.0	118.0	115.0	]
Motif #3
total sequences 240
A	[ 72.0	109.0	122.0	132.0	65.0	216.0	0.0	5.0	240.0	203.0	71.0	31.0	66.0	97.0	40.0	]
C	[ 23.0	45.0	36.0	27.0	113.0	19.0	0.0	2.0	0.0	4.0	3.0	34.0	27.0	-0.0	51.0	]
G	[ 96.0	66.0	35.0	79.0	62.0	0.0	222.0	233.0	0.0	23.0	166.0	-0.0	147.0	130.0	88.0	]
T	[ 49.0	20.0	47.0	2.0	-0.0	5.0	18.0	0.0	0.0	10.0	0.0	175.0	0.0	13.0	61.0	]
Motif #4
total sequences 232
A	[ 68.0	55.0	142.0	11.0	232.0	0.0	192.0	167.0	32.0	216.0	0.0	5.0	75.0	]
C	[ 46.0	83.0	10.0	0.0	0.0	4.0	0.0	19.0	79.0	0.0	10.0	216.0	2.0	]
G	[ 64.0	50.0	6.0	221.0	-0.0	0.0	23.0	46.0	94.0	16.0	1.0	10.0	17.0	]
T	[ 54.0	44.0	74.0	0.0	0.0	228.0	17.0	-0.0	27.0	0.0	221.0	1.0	138.0	]
Motif #5
total sequences 220
A	[ 55.0	1.0	48.0	21.0	25.0	110.0	66.0	-0.0	22.0	-0.0	5.0	133.0	26.0	-0.0	38.0	19.0	23.0	87.0	]
C	[ 100.0	164.0	150.0	166.0	161.0	85.0	107.0	203.0	186.0	220.0	183.0	24.0	181.0	207.0	165.0	160.0	145.0	71.0	]
G	[ 29.0	14.0	3.0	0.0	4.0	1.0	9.0	6.0	3.0	0.0	-0.0	27.0	9.0	-0.0	-0.0	11.0	25.0	24.0	]
T	[ 36.0	41.0	19.0	33.0	30.0	24.0	38.0	11.0	9.0	0.0	32.0	36.0	4.0	13.0	17.0	30.0	27.0	38.0	]
Motif #6
total sequences 89
A	[ 66.0	-0.0	89.0	1.0	0.0	22.0	19.0	32.0	18.0	54.0	0.0	89.0	0.0	73.0	65.0	19.0	]
C	[ -0.0	0.0	0.0	0.0	23.0	21.0	27.0	16.0	23.0	6.0	0.0	0.0	0.0	0.0	2.0	21.0	]
G	[ 0.0	89.0	0.0	0.0	60.0	21.0	24.0	33.0	34.0	2.0	89.0	0.0	0.0	0.0	16.0	40.0	]
T	[ 23.0	0.0	0.0	88.0	6.0	25.0	19.0	8.0	14.0	27.0	0.0	0.0	89.0	16.0	6.0	9.0	]
Motif #7
total sequences 80
A	[ 70.0	67.0	49.0	44.0	70.0	66.0	58.0	49.0	49.0	80.0	80.0	54.0	54.0	56.0	77.0	64.0	]
C	[ 9.0	-0.0	-0.0	25.0	-0.0	-0.0	0.0	17.0	15.0	0.0	-0.0	23.0	23.0	24.0	2.0	16.0	]
G	[ 1.0	13.0	27.0	-0.0	-0.0	10.0	7.0	0.0	10.0	-0.0	0.0	0.0	-0.0	-0.0	-0.0	0.0	]
T	[ 0.0	-0.0	4.0	11.0	10.0	4.0	15.0	14.0	6.0	-0.0	-0.0	3.0	3.0	-0.0	1.0	-0.0	]
Motif #8
total sequences 69
A	[ 20.0	5.0	7.0	14.0	28.0	28.0	4.0	23.0	0.0	0.0	6.0	2.0	2.0	21.0	0.0	0.0	0.0	22.0	0.0	4.0	0.0	1.0	12.0	14.0	47.0	]
C	[ 4.0	6.0	21.0	27.0	8.0	15.0	20.0	3.0	18.0	38.0	1.0	67.0	66.0	47.0	36.0	68.0	1.0	1.0	18.0	4.0	0.0	1.0	28.0	24.0	5.0	]
G	[ 23.0	37.0	24.0	13.0	11.0	17.0	19.0	28.0	44.0	0.0	57.0	0.0	0.0	1.0	0.0	1.0	0.0	35.0	51.0	0.0	69.0	60.0	-0.0	15.0	11.0	]
T	[ 22.0	21.0	17.0	15.0	22.0	9.0	26.0	15.0	7.0	31.0	5.0	0.0	1.0	0.0	33.0	0.0	68.0	11.0	0.0	61.0	0.0	7.0	29.0	16.0	6.0	]
Motif #9
total sequences 22
A	[ 3.0	0.0	-0.0	0.0	2.0	4.0	0.0	-0.0	0.0	3.0	0.0	0.0	0.0	0.0	1.0	2.0	2.0	2.0	0.0	7.0	]
C	[ 3.0	5.0	0.0	1.0	2.0	0.0	0.0	0.0	7.0	2.0	-0.0	0.0	0.0	0.0	1.0	0.0	6.0	0.0	5.0	0.0	]
G	[ 4.0	15.0	0.0	21.0	0.0	18.0	0.0	22.0	0.0	14.0	0.0	20.0	0.0	22.0	0.0	19.0	0.0	8.0	-0.0	5.0	]
T	[ 12.0	2.0	22.0	-0.0	18.0	-0.0	22.0	-0.0	15.0	3.0	22.0	2.0	22.0	0.0	20.0	1.0	14.0	12.0	17.0	10.0	]
Motif #1; total sequences 1255; NNNtNNttATCtN / NaGATaaNNaNNN
Motif #2; total sequences 340; cccNCttCCtNccc / gggNaGGaaGNggg
Motif #3; total sequences 240; NNaaNAGGAAgtggN / NccacTTCCTNttNN
Motif #4; total sequences 232; NNaGATAaNATCt / aGATNtTATCtNN
Motif #5; total sequences 220; NccccNNCCCCaCCcccN / NgggGGtGGGGNNggggN
Motif #6; total sequences 89; aGATgNNNNaGATAaN / NtTATCtNNNNcATCt
Motif #7; total sequences 80; AAaaAAaaaAAaaaAa / tTtttTTtttTTttTT
Motif #8; total sequences 69; NgNNNNNNgcGCCccCTggTGGNNa / tNNCCAccAGggGGCgcNNNNNNcN
Motif #9; total sequences 22; tgTGTGTGtgTGTGTGtttN / NaaaCACACAcaCACACAca

Full posterior for run 1 is 14700.777372
