Number of sequences: 1794
Number of programs: 5
Number of motifs: 11
Motif widths: 14 13 15 18 37 13 18 19 16 13 31 
Program 1: total 1252
 motif #1: 1252 of 1252 (0.999920 posterior)
 motif #2: 2 of 1252 (0.001677 posterior)
 motif #3: 218 of 1252 (0.174173 posterior)
 motif #4: 136 of 1252 (0.108689 posterior)
 motif #5: 79 of 1252 (0.063169 posterior)
 motif #6: 67 of 1252 (0.053586 posterior)
 motif #7: 65 of 1252 (0.051989 posterior)
 motif #8: 71 of 1252 (0.056780 posterior)
 motif #9: 26 of 1252 (0.020843 posterior)
 motif #10: 31 of 1252 (0.024836 posterior)
 motif #11: 14 of 1252 (0.011260 posterior)

Program 2: total 348
 motif #2: 348 of 348 (0.999713 posterior)
 motif #3: 109 of 348 (0.313326 posterior)
 motif #4: 37 of 348 (0.106548 posterior)
 motif #5: 20 of 348 (0.057725 posterior)
 motif #6: 1 of 348 (0.003159 posterior)
 motif #7: 17 of 348 (0.049110 posterior)
 motif #9: 40 of 348 (0.115164 posterior)
 motif #10: 15 of 348 (0.043366 posterior)
 motif #11: 11 of 348 (0.031878 posterior)

Program 3: total 136

Program 4: total 31
 motif #3: 3 of 31 (0.099359 posterior)
 motif #4: 4 of 31 (0.131410 posterior)
 motif #5: 3 of 31 (0.099359 posterior)
 motif #6: 31 of 31 (0.996795 posterior)
 motif #7: 2 of 31 (0.067308 posterior)
 motif #10: 7 of 31 (0.227564 posterior)

Program 5: total 27
 motif #1: 2 of 27 (0.077206 posterior)
 motif #2: 1 of 27 (0.040441 posterior)
 motif #3: 13 of 27 (0.481618 posterior)
 motif #4: 3 of 27 (0.113971 posterior)
 motif #5: 1 of 27 (0.040441 posterior)
 motif #6: 1 of 27 (0.040441 posterior)
 motif #7: 7 of 27 (0.261029 posterior)
 motif #8: 12 of 27 (0.444853 posterior)
 motif #9: 10 of 27 (0.371324 posterior)
 motif #10: 4 of 27 (0.150735 posterior)

Motif #1
total sequences 1254
A	[ 313.0	79.0	37.0	28.0	61.0	1081.0	0.0	1.0	234.0	129.0	257.0	355.0	384.0	304.0	]
C	[ 309.0	288.0	639.0	287.0	258.0	36.0	94.0	1157.0	0.0	449.0	399.0	309.0	294.0	434.0	]
G	[ 169.0	110.0	340.0	12.0	0.0	55.0	1.0	0.0	0.0	342.0	104.0	271.0	263.0	224.0	]
T	[ 463.0	777.0	238.0	927.0	935.0	82.0	1159.0	96.0	1020.0	334.0	494.0	319.0	313.0	292.0	]
Motif #2
total sequences 351
A	[ 87.0	246.0	0.0	351.0	2.0	268.0	254.0	90.0	102.0	351.0	-0.0	0.0	102.0	]
C	[ 104.0	5.0	0.0	0.0	16.0	-0.0	12.0	88.0	107.0	0.0	24.0	331.0	-0.0	]
G	[ 107.0	5.0	351.0	0.0	-0.0	1.0	76.0	134.0	131.0	-0.0	-0.0	16.0	24.0	]
T	[ 53.0	95.0	0.0	0.0	333.0	82.0	9.0	39.0	11.0	0.0	327.0	4.0	225.0	]
Motif #3
total sequences 343
A	[ 102.0	145.0	155.0	187.0	60.0	315.0	2.0	3.0	302.0	318.0	107.0	53.0	66.0	83.0	70.0	]
C	[ 36.0	67.0	61.0	23.0	195.0	17.0	0.0	-0.0	41.0	-0.0	0.0	28.0	27.0	10.0	65.0	]
G	[ 143.0	83.0	91.0	129.0	81.0	11.0	341.0	340.0	0.0	17.0	236.0	23.0	210.0	218.0	126.0	]
T	[ 62.0	48.0	36.0	4.0	7.0	0.0	0.0	0.0	0.0	8.0	-0.0	239.0	40.0	32.0	82.0	]
Motif #4
total sequences 180
A	[ 34.0	31.0	37.0	0.0	27.0	29.0	21.0	4.0	16.0	35.0	8.0	-0.0	-0.0	43.0	40.0	14.0	32.0	33.0	]
C	[ 28.0	39.0	3.0	-0.0	11.0	-0.0	0.0	10.0	39.0	0.0	-0.0	0.0	1.0	18.0	-0.0	0.0	-0.0	19.0	]
G	[ 100.0	70.0	63.0	180.0	124.0	136.0	159.0	135.0	23.0	145.0	170.0	180.0	178.0	74.0	87.0	153.0	129.0	107.0	]
T	[ 18.0	40.0	77.0	-0.0	18.0	15.0	-0.0	31.0	102.0	-0.0	2.0	-0.0	1.0	45.0	53.0	13.0	19.0	21.0	]
Motif #5
total sequences 103
A	[ 31.0	15.0	23.0	27.0	28.0	0.0	12.0	7.0	19.0	16.0	20.0	1.0	10.0	9.0	16.0	7.0	15.0	10.0	7.0	28.0	14.0	0.0	26.0	19.0	23.0	24.0	35.0	36.0	33.0	19.0	27.0	23.0	30.0	19.0	29.0	20.0	26.0	]
C	[ 17.0	16.0	26.0	27.0	11.0	1.0	0.0	0.0	0.0	17.0	0.0	2.0	2.0	3.0	3.0	5.0	7.0	0.0	1.0	10.0	0.0	20.0	14.0	12.0	13.0	0.0	4.0	20.0	5.0	9.0	18.0	32.0	23.0	21.0	27.0	8.0	15.0	]
G	[ 30.0	51.0	32.0	28.0	39.0	89.0	82.0	88.0	84.0	51.0	33.0	100.0	91.0	89.0	84.0	66.0	51.0	84.0	95.0	62.0	77.0	83.0	44.0	57.0	53.0	70.0	56.0	45.0	38.0	62.0	34.0	34.0	33.0	44.0	28.0	50.0	45.0	]
T	[ 25.0	21.0	22.0	21.0	25.0	13.0	9.0	8.0	0.0	19.0	50.0	0.0	0.0	2.0	0.0	25.0	30.0	9.0	0.0	3.0	12.0	0.0	19.0	15.0	14.0	9.0	8.0	2.0	27.0	13.0	24.0	14.0	17.0	19.0	19.0	25.0	17.0	]
Motif #6
total sequences 100
A	[ 30.0	17.0	68.0	0.0	100.0	-0.0	17.0	-0.0	16.0	100.0	-0.0	0.0	46.0	]
C	[ 12.0	34.0	2.0	0.0	-0.0	5.0	44.0	20.0	0.0	0.0	0.0	100.0	0.0	]
G	[ 31.0	25.0	-0.0	100.0	0.0	0.0	32.0	4.0	0.0	0.0	0.0	0.0	8.0	]
T	[ 27.0	24.0	30.0	0.0	-0.0	95.0	7.0	76.0	84.0	0.0	100.0	-0.0	46.0	]
Motif #7
total sequences 91
A	[ 14.0	22.0	29.0	11.0	0.0	75.0	0.0	13.0	91.0	0.0	36.0	0.0	0.0	0.0	10.0	37.0	14.0	16.0	]
C	[ 18.0	15.0	3.0	77.0	91.0	0.0	57.0	49.0	0.0	0.0	0.0	0.0	0.0	0.0	73.0	0.0	56.0	31.0	]
G	[ 8.0	35.0	41.0	2.0	0.0	6.0	34.0	4.0	0.0	91.0	55.0	69.0	91.0	91.0	0.0	54.0	21.0	9.0	]
T	[ 51.0	19.0	18.0	1.0	0.0	10.0	0.0	25.0	0.0	0.0	0.0	22.0	0.0	0.0	8.0	0.0	0.0	35.0	]
Motif #8
total sequences 83
A	[ 10.0	11.0	1.0	18.0	83.0	0.0	0.0	26.0	15.0	15.0	22.0	26.0	13.0	83.0	0.0	0.0	25.0	12.0	17.0	]
C	[ 33.0	30.0	16.0	-0.0	0.0	0.0	82.0	1.0	33.0	23.0	21.0	21.0	49.0	0.0	-0.0	83.0	0.0	27.0	28.0	]
G	[ 13.0	23.0	-0.0	0.0	0.0	0.0	1.0	3.0	15.0	13.0	25.0	17.0	21.0	0.0	0.0	0.0	1.0	21.0	10.0	]
T	[ 27.0	19.0	66.0	65.0	0.0	83.0	0.0	53.0	20.0	32.0	15.0	19.0	0.0	-0.0	83.0	0.0	57.0	23.0	28.0	]
Motif #9
total sequences 76
A	[ 9.0	1.0	0.0	5.0	1.0	2.0	0.0	-0.0	-0.0	0.0	8.0	-0.0	3.0	9.0	0.0	0.0	]
C	[ 25.0	37.0	19.0	60.0	21.0	56.0	0.0	44.0	73.0	55.0	0.0	24.0	61.0	39.0	31.0	48.0	]
G	[ 15.0	4.0	1.0	11.0	2.0	-0.0	9.0	-0.0	3.0	1.0	-0.0	5.0	12.0	0.0	0.0	4.0	]
T	[ 27.0	34.0	56.0	0.0	52.0	18.0	67.0	32.0	0.0	20.0	68.0	47.0	0.0	28.0	45.0	24.0	]
Motif #10
total sequences 57
A	[ -0.0	-0.0	7.0	23.0	9.0	0.0	0.0	11.0	21.0	-0.0	-0.0	2.0	-0.0	]
C	[ -0.0	0.0	0.0	3.0	4.0	0.0	0.0	1.0	-0.0	0.0	2.0	27.0	1.0	]
G	[ 4.0	10.0	10.0	20.0	0.0	9.0	0.0	-0.0	28.0	-0.0	0.0	0.0	0.0	]
T	[ 53.0	47.0	40.0	11.0	44.0	48.0	57.0	45.0	8.0	57.0	55.0	28.0	56.0	]
Motif #11
total sequences 25
A	[ 7.0	0.0	3.0	-0.0	1.0	0.0	2.0	0.0	-0.0	1.0	0.0	7.0	-0.0	5.0	0.0	0.0	0.0	0.0	7.0	0.0	-0.0	3.0	0.0	3.0	1.0	-0.0	3.0	2.0	0.0	-0.0	6.0	]
C	[ -0.0	5.0	0.0	-0.0	0.0	4.0	0.0	0.0	0.0	2.0	4.0	-0.0	0.0	1.0	2.0	1.0	0.0	1.0	0.0	3.0	5.0	-0.0	-0.0	0.0	-0.0	2.0	-0.0	-0.0	1.0	5.0	5.0	]
G	[ 3.0	13.0	3.0	9.0	5.0	5.0	1.0	13.0	4.0	6.0	4.0	18.0	3.0	-0.0	9.0	13.0	3.0	6.0	9.0	12.0	9.0	0.0	0.0	-0.0	6.0	0.0	0.0	2.0	0.0	2.0	3.0	]
T	[ 15.0	7.0	19.0	16.0	19.0	16.0	22.0	12.0	21.0	16.0	17.0	0.0	22.0	19.0	14.0	11.0	22.0	18.0	9.0	10.0	11.0	22.0	25.0	22.0	18.0	23.0	22.0	21.0	24.0	18.0	11.0	]
Motif #1; total sequences 1254; NtcttATCTNNNNN / NNNNNAGATaagaN
Motif #2; total sequences 351; NaGATaaNNATCt / aGATNNttATCtN
Motif #3; total sequences 343; NNNacAGGAAgtggN / NccacTTCCTgtNNN
Motif #4; total sequences 180; gNNGggGgtGGGGNNGgg / ccCNNCCCCacCccCNNc
Motif #5; total sequences 103; NNNNNGgGGNNGGGGgNGGggGNggggNNgNNNNNNN / NNNNNNNcNNccccNCccCCNcCCCCNNCCcCNNNNN
Motif #6; total sequences 100; NNaGATNtTATCW / WGATAaNATCtNN
Motif #7; total sequences 91; tNNCCAccAGggGGcgcN / NgcgCCccCTggTGGNNa
Motif #8; total sequences 83; NNttATCtNNNNcATCtNN / NNaGATgNNNNaGATaaNN
Motif #9; total sequences 76; NYtctcTcCcTtcctc / gaggaAgGgAgagaRN
Motif #10; total sequences 57; TTtNtTTtNTTYT / ARAANaAAaNaAA
Motif #11; total sequences 25; tgttttTgTttgTttgTtNNNTTTtTTTTtN / NaAAAAaAAANNNaAcaaAcaaAcAaaaaca

Full posterior for run 2 is 17291.513833
