Number of sequences: 1256
Number of programs: 5
Number of motifs: 11
Motif widths: 13 12 28 12 12 12 14 15 13 14 12 
Program 1: total 858
 motif #1: 745 of 858 (0.868213 posterior)
 motif #2: 357 of 858 (0.416103 posterior)
 motif #3: 151 of 858 (0.176066 posterior)
 motif #4: 199 of 858 (0.231997 posterior)
 motif #5: 182 of 858 (0.212188 posterior)
 motif #6: 156 of 858 (0.181892 posterior)
 motif #7: 120 of 858 (0.139944 posterior)
 motif #8: 90 of 858 (0.104987 posterior)
 motif #9: 29 of 858 (0.033908 posterior)
 motif #10: 27 of 858 (0.031578 posterior)
 motif #11: 11 of 858 (0.012934 posterior)

Program 2: total 247

Program 3: total 102
 motif #2: 68 of 102 (0.666341 posterior)
 motif #3: 102 of 102 (0.999022 posterior)
 motif #4: 34 of 102 (0.333659 posterior)
 motif #6: 14 of 102 (0.137965 posterior)
 motif #7: 25 of 102 (0.245597 posterior)
 motif #8: 7 of 102 (0.069472 posterior)
 motif #9: 6 of 102 (0.059687 posterior)

Program 4: total 39
 motif #1: 3 of 39 (0.079082 posterior)
 motif #2: 39 of 39 (0.997449 posterior)
 motif #5: 29 of 39 (0.742347 posterior)
 motif #10: 8 of 39 (0.206633 posterior)
 motif #11: 3 of 39 (0.079082 posterior)

Program 5: total 10
 motif #9: 2 of 10 (0.205882 posterior)
 motif #10: 1 of 10 (0.107843 posterior)
 motif #11: 7 of 10 (0.696078 posterior)

Motif #1
total sequences 748
A	[ 52.0	97.0	512.0	0.0	54.0	0.0	-0.0	9.0	-0.0	-0.0	51.0	61.0	52.0	]
C	[ 401.0	424.0	8.0	649.0	-0.0	-0.0	748.0	738.0	0.0	160.0	255.0	286.0	282.0	]
G	[ 145.0	127.0	207.0	0.0	-0.0	-0.0	0.0	-0.0	474.0	502.0	74.0	171.0	193.0	]
T	[ 150.0	100.0	21.0	99.0	694.0	748.0	0.0	1.0	274.0	86.0	368.0	230.0	221.0	]
Motif #2
total sequences 464
A	[ 124.0	124.0	39.0	63.0	-0.0	0.0	67.0	0.0	1.0	71.0	29.0	80.0	]
C	[ 118.0	57.0	23.0	0.0	0.0	15.0	288.0	0.0	-0.0	-0.0	0.0	237.0	]
G	[ 115.0	257.0	349.0	396.0	461.0	449.0	5.0	463.0	435.0	366.0	432.0	100.0	]
T	[ 107.0	26.0	53.0	5.0	3.0	0.0	104.0	1.0	28.0	27.0	3.0	47.0	]
Motif #3
total sequences 253
A	[ 68.0	28.0	35.0	187.0	170.0	21.0	236.0	6.0	5.0	-0.0	4.0	15.0	33.0	40.0	19.0	33.0	34.0	23.0	61.0	37.0	39.0	41.0	52.0	29.0	45.0	39.0	32.0	32.0	]
C	[ 53.0	87.0	143.0	-0.0	43.0	77.0	6.0	-0.0	-0.0	0.0	235.0	22.0	13.0	190.0	67.0	78.0	156.0	92.0	37.0	89.0	56.0	65.0	99.0	72.0	62.0	77.0	83.0	68.0	]
G	[ 96.0	95.0	58.0	66.0	26.0	146.0	5.0	-0.0	248.0	253.0	-0.0	186.0	190.0	11.0	140.0	126.0	42.0	113.0	126.0	90.0	129.0	118.0	61.0	116.0	113.0	91.0	114.0	119.0	]
T	[ 36.0	43.0	17.0	0.0	14.0	9.0	6.0	247.0	-0.0	-0.0	14.0	30.0	17.0	12.0	27.0	16.0	21.0	25.0	29.0	37.0	29.0	29.0	41.0	36.0	33.0	46.0	24.0	34.0	]
Motif #4
total sequences 233
A	[ 35.0	34.0	121.0	3.0	23.0	0.0	0.0	233.0	2.0	35.0	16.0	20.0	]
C	[ 39.0	57.0	32.0	199.0	0.0	-0.0	192.0	0.0	166.0	52.0	33.0	192.0	]
G	[ 29.0	106.0	63.0	31.0	199.0	-0.0	35.0	-0.0	19.0	23.0	45.0	21.0	]
T	[ 130.0	36.0	17.0	0.0	11.0	233.0	6.0	0.0	46.0	123.0	139.0	0.0	]
Motif #5
total sequences 211
A	[ 0.0	36.0	6.0	0.0	5.0	48.0	1.0	-0.0	0.0	37.0	0.0	0.0	]
C	[ 61.0	0.0	47.0	0.0	50.0	0.0	32.0	0.0	0.0	0.0	25.0	1.0	]
G	[ 27.0	26.0	61.0	92.0	41.0	0.0	48.0	65.0	121.0	111.0	26.0	0.0	]
T	[ 123.0	149.0	97.0	119.0	115.0	163.0	130.0	146.0	90.0	63.0	160.0	210.0	]
Motif #6
total sequences 170
A	[ 0.0	23.0	21.0	-0.0	15.0	14.0	0.0	-0.0	35.0	1.0	12.0	0.0	]
C	[ -0.0	136.0	-0.0	0.0	147.0	0.0	-0.0	150.0	25.0	12.0	123.0	-0.0	]
G	[ 170.0	-0.0	121.0	170.0	0.0	122.0	170.0	10.0	81.0	157.0	34.0	125.0	]
T	[ -0.0	11.0	28.0	-0.0	8.0	34.0	0.0	10.0	29.0	-0.0	1.0	45.0	]
Motif #7
total sequences 145
A	[ 15.0	10.0	31.0	0.0	4.0	36.0	-0.0	3.0	21.0	-0.0	0.0	41.0	-0.0	0.0	]
C	[ 95.0	88.0	30.0	132.0	113.0	0.0	120.0	133.0	13.0	145.0	142.0	2.0	103.0	138.0	]
G	[ 0.0	30.0	84.0	0.0	0.0	35.0	0.0	9.0	56.0	-0.0	-0.0	5.0	0.0	7.0	]
T	[ 35.0	17.0	0.0	13.0	28.0	74.0	25.0	0.0	55.0	0.0	3.0	97.0	42.0	0.0	]
Motif #8
total sequences 97
A	[ 3.0	49.0	11.0	9.0	13.0	-0.0	0.0	0.0	97.0	2.0	0.0	1.0	-0.0	0.0	46.0	]
C	[ 46.0	4.0	40.0	16.0	0.0	97.0	0.0	97.0	-0.0	32.0	-0.0	96.0	-0.0	86.0	20.0	]
G	[ 26.0	26.0	36.0	16.0	84.0	0.0	97.0	-0.0	-0.0	43.0	97.0	-0.0	97.0	1.0	29.0	]
T	[ 22.0	18.0	10.0	56.0	-0.0	-0.0	-0.0	0.0	-0.0	20.0	-0.0	-0.0	-0.0	10.0	2.0	]
Motif #9
total sequences 37
A	[ 13.0	6.0	0.0	0.0	37.0	37.0	2.0	0.0	29.0	7.0	16.0	3.0	3.0	]
C	[ 5.0	0.0	36.0	37.0	0.0	0.0	0.0	30.0	0.0	1.0	21.0	1.0	12.0	]
G	[ 19.0	31.0	1.0	0.0	0.0	0.0	0.0	6.0	8.0	29.0	0.0	33.0	11.0	]
T	[ 0.0	0.0	0.0	0.0	0.0	0.0	35.0	1.0	0.0	0.0	0.0	0.0	11.0	]
Motif #10
total sequences 36
A	[ 23.0	2.0	0.0	32.0	2.0	34.0	15.0	4.0	0.0	0.0	0.0	0.0	27.0	8.0	]
C	[ 6.0	34.0	1.0	2.0	34.0	2.0	1.0	19.0	7.0	36.0	36.0	36.0	0.0	6.0	]
G	[ 4.0	0.0	0.0	2.0	0.0	0.0	9.0	0.0	0.0	0.0	0.0	0.0	9.0	21.0	]
T	[ 3.0	0.0	35.0	0.0	0.0	0.0	11.0	13.0	29.0	0.0	0.0	0.0	0.0	1.0	]
Motif #11
total sequences 21
A	[ 15.0	-0.0	21.0	-0.0	21.0	21.0	-0.0	4.0	21.0	-0.0	-0.0	12.0	]
C	[ 2.0	-0.0	-0.0	-0.0	-0.0	0.0	6.0	10.0	0.0	-0.0	21.0	0.0	]
G	[ 0.0	21.0	-0.0	-0.0	-0.0	-0.0	15.0	7.0	-0.0	0.0	-0.0	0.0	]
T	[ 4.0	0.0	0.0	21.0	0.0	0.0	-0.0	0.0	-0.0	21.0	-0.0	9.0	]
Motif #1; total sequences 748; ccaCTTCCggNNN / NNNccGGAAGtgg
Motif #2; total sequences 464; NggGGGcGGgGc / gCcCCgCCCccN
Motif #3; total sequences 253; NNcaagATGGCggcgNcNNNgNNNNNNN / NNNNNNNcNNNgNcgccGCCATcttgNN
Motif #4; total sequences 233; tNaCGTCActtC / GaagTGACGtNa
Motif #5; total sequences 211; ttNtttttggtT / AaccaaaaaNaa
Motif #6; total sequences 170; GcgGCgGCNGcg / cgCNGCcGCcgC
Motif #7; total sequences 145; ccgCctCCNCCtcC / GgaGGNGGagGcgg
Motif #8; total sequences 97; NaNtGCGCANGCGCN / NGCGCNTGCGCaNtN
Motif #9; total sequences 37; gGCCAATCagcGN / NCgctGATTGGCc
Motif #10; total sequences 36; aCTACANctCCCag / ctGGGagNTGTAGt
Motif #11; total sequences 21; aGATAAgNATCa / tGATNcTTATCt

Full posterior for run 8 is 15765.491266
