Number of sequences: 6899
Number of programs: 7
Number of motifs: 11
Motif widths: 14 11 13 16 13 12 15 23 28 20 15 
Program 1: total 3738
 motif #1: 3738 of 3738 (0.999973 posterior)
 motif #2: 590 of 3738 (0.157857 posterior)
 motif #3: 802 of 3738 (0.214569 posterior)
 motif #4: 362 of 3738 (0.096865 posterior)
 motif #5: 366 of 3738 (0.097935 posterior)
 motif #6: 338 of 3738 (0.090445 posterior)
 motif #7: 196 of 3738 (0.052458 posterior)
 motif #8: 139 of 3738 (0.037210 posterior)
 motif #9: 100 of 3738 (0.026778 posterior)
 motif #10: 67 of 3738 (0.017950 posterior)
 motif #11: 16 of 3738 (0.004307 posterior)

Program 2: total 2013
 motif #2: 2013 of 2013 (0.999950 posterior)
 motif #3: 750 of 2013 (0.372591 posterior)
 motif #4: 206 of 2013 (0.102374 posterior)
 motif #5: 107 of 2013 (0.053199 posterior)
 motif #6: 53 of 2013 (0.026376 posterior)
 motif #7: 96 of 2013 (0.047735 posterior)
 motif #8: 120 of 2013 (0.059656 posterior)
 motif #9: 31 of 2013 (0.015448 posterior)
 motif #11: 15 of 2013 (0.007500 posterior)

Program 3: total 820

Program 4: total 130
 motif #3: 130 of 130 (0.999232 posterior)
 motif #4: 6 of 130 (0.046851 posterior)
 motif #5: 11 of 130 (0.085253 posterior)
 motif #6: 16 of 130 (0.123656 posterior)
 motif #7: 16 of 130 (0.123656 posterior)
 motif #10: 5 of 130 (0.039171 posterior)
 motif #11: 1 of 130 (0.008449 posterior)

Program 5: total 112
 motif #4: 112 of 112 (0.999109 posterior)
 motif #9: 2 of 112 (0.018717 posterior)
 motif #10: 1 of 112 (0.009804 posterior)

Program 6: total 48
 motif #2: 48 of 48 (0.997925 posterior)
 motif #5: 3 of 48 (0.064315 posterior)
 motif #10: 48 of 48 (0.997925 posterior)

Program 7: total 38
 motif #1: 34 of 38 (0.892670 posterior)
 motif #4: 38 of 38 (0.997382 posterior)
 motif #7: 38 of 38 (0.997382 posterior)
 motif #9: 3 of 38 (0.081152 posterior)

Motif #1
total sequences 3772
A	[ 750.0	681.0	647.0	748.0	694.0	607.0	28.0	7.0	2336.0	0.0	0.0	443.0	292.0	8.0	]
C	[ 1462.0	1230.0	1350.0	1392.0	1105.0	1382.0	1363.0	2106.0	1112.0	1438.0	1683.0	1.0	2711.0	3078.0	]
G	[ 284.0	145.0	452.0	249.0	232.0	698.0	0.0	93.0	143.0	0.0	0.0	88.0	292.0	0.0	]
T	[ 1276.0	1716.0	1323.0	1383.0	1741.0	1085.0	2381.0	1566.0	181.0	2334.0	2089.0	3240.0	477.0	686.0	]
Motif #2
total sequences 2651
A	[ 740.0	114.0	119.0	54.0	327.0	2610.0	-0.0	-0.0	828.0	368.0	835.0	]
C	[ 263.0	510.0	1354.0	304.0	14.0	-0.0	-0.0	2649.0	-0.0	695.0	576.0	]
G	[ 424.0	584.0	696.0	20.0	-0.0	41.0	0.0	-0.0	0.0	1095.0	370.0	]
T	[ 1224.0	1443.0	482.0	2273.0	2310.0	0.0	2651.0	2.0	1823.0	493.0	870.0	]
Motif #3
total sequences 1682
A	[ 847.0	587.0	1041.0	286.0	1682.0	-0.0	-0.0	1682.0	1497.0	482.0	206.0	403.0	584.0	]
C	[ 195.0	334.0	82.0	1059.0	-0.0	0.0	1.0	0.0	0.0	0.0	356.0	251.0	164.0	]
G	[ 292.0	567.0	465.0	337.0	-0.0	1682.0	1681.0	0.0	0.0	1200.0	126.0	748.0	716.0	]
T	[ 348.0	194.0	94.0	0.0	0.0	0.0	0.0	0.0	185.0	0.0	994.0	280.0	218.0	]
Motif #4
total sequences 724
A	[ 268.0	287.0	263.0	215.0	219.0	559.0	701.0	576.0	0.0	6.0	693.0	83.0	699.0	199.0	240.0	205.0	]
C	[ 162.0	214.0	173.0	157.0	232.0	77.0	0.0	12.0	703.0	718.0	16.0	641.0	9.0	59.0	221.0	279.0	]
G	[ 127.0	102.0	119.0	204.0	232.0	0.0	23.0	136.0	21.0	-0.0	15.0	-0.0	2.0	300.0	161.0	127.0	]
T	[ 167.0	121.0	169.0	148.0	41.0	88.0	0.0	0.0	-0.0	0.0	0.0	-0.0	14.0	166.0	102.0	113.0	]
Motif #5
total sequences 487
A	[ 297.0	0.0	487.0	0.0	358.0	249.0	138.0	93.0	487.0	1.0	0.0	202.0	109.0	]
C	[ 21.0	0.0	0.0	11.0	0.0	49.0	82.0	154.0	0.0	5.0	487.0	0.0	108.0	]
G	[ 0.0	487.0	0.0	0.0	2.0	148.0	128.0	192.0	0.0	0.0	-0.0	1.0	178.0	]
T	[ 169.0	0.0	0.0	476.0	127.0	41.0	139.0	48.0	0.0	481.0	0.0	284.0	92.0	]
Motif #6
total sequences 407
A	[ 57.0	225.0	-0.0	407.0	0.0	36.0	22.0	59.0	398.0	0.0	0.0	175.0	]
C	[ 166.0	12.0	-0.0	0.0	-0.0	52.0	129.0	22.0	5.0	-0.0	407.0	-0.0	]
G	[ 100.0	3.0	407.0	0.0	0.0	231.0	93.0	0.0	4.0	-0.0	0.0	18.0	]
T	[ 84.0	167.0	0.0	0.0	407.0	88.0	163.0	326.0	0.0	407.0	-0.0	214.0	]
Motif #7
total sequences 346
A	[ 154.0	85.0	144.0	4.0	0.0	345.0	0.0	0.0	0.0	346.0	34.0	176.0	49.0	107.0	60.0	]
C	[ 34.0	16.0	71.0	0.0	0.0	0.0	172.0	3.0	346.0	0.0	112.0	22.0	65.0	109.0	101.0	]
G	[ 63.0	181.0	131.0	0.0	307.0	0.0	169.0	0.0	-0.0	0.0	128.0	50.0	169.0	62.0	54.0	]
T	[ 95.0	64.0	0.0	342.0	39.0	1.0	5.0	343.0	0.0	-0.0	72.0	98.0	63.0	68.0	131.0	]
Motif #8
total sequences 259
A	[ 25.0	36.0	40.0	35.0	49.0	49.0	8.0	18.0	8.0	19.0	151.0	0.0	4.0	-0.0	-0.0	71.0	129.0	70.0	15.0	18.0	11.0	72.0	71.0	]
C	[ 119.0	137.0	133.0	118.0	138.0	119.0	231.0	225.0	236.0	213.0	30.0	245.0	240.0	246.0	243.0	188.0	101.0	188.0	210.0	208.0	200.0	142.0	77.0	]
G	[ 26.0	27.0	11.0	29.0	33.0	42.0	0.0	0.0	2.0	0.0	33.0	2.0	-0.0	13.0	0.0	0.0	16.0	1.0	6.0	12.0	10.0	20.0	60.0	]
T	[ 89.0	59.0	75.0	77.0	39.0	49.0	20.0	16.0	13.0	27.0	45.0	12.0	15.0	-0.0	16.0	-0.0	13.0	0.0	28.0	21.0	38.0	25.0	51.0	]
Motif #9
total sequences 136
A	[ 81.0	105.0	99.0	93.0	116.0	108.0	73.0	88.0	135.0	105.0	98.0	58.0	120.0	129.0	108.0	55.0	86.0	129.0	101.0	64.0	96.0	85.0	82.0	65.0	81.0	87.0	63.0	70.0	]
C	[ 21.0	24.0	19.0	38.0	-0.0	11.0	50.0	45.0	0.0	20.0	29.0	78.0	16.0	-0.0	17.0	66.0	46.0	3.0	20.0	54.0	32.0	51.0	35.0	34.0	38.0	2.0	39.0	38.0	]
G	[ 16.0	0.0	0.0	0.0	14.0	17.0	4.0	0.0	0.0	11.0	9.0	0.0	0.0	0.0	7.0	0.0	3.0	0.0	15.0	8.0	-0.0	0.0	0.0	19.0	8.0	12.0	26.0	11.0	]
T	[ 18.0	7.0	18.0	5.0	6.0	0.0	9.0	3.0	1.0	0.0	-0.0	0.0	0.0	7.0	4.0	15.0	1.0	4.0	0.0	10.0	8.0	0.0	19.0	18.0	9.0	35.0	8.0	17.0	]
Motif #10
total sequences 121
A	[ 52.0	9.0	54.0	0.0	-0.0	11.0	8.0	2.0	43.0	0.0	0.0	1.0	48.0	3.0	10.0	0.0	0.0	20.0	26.0	74.0	]
C	[ 22.0	32.0	5.0	40.0	67.0	0.0	113.0	119.0	78.0	57.0	121.0	1.0	1.0	26.0	3.0	0.0	0.0	43.0	52.0	14.0	]
G	[ 23.0	28.0	34.0	76.0	0.0	99.0	0.0	0.0	0.0	0.0	0.0	0.0	57.0	90.0	0.0	121.0	102.0	10.0	25.0	18.0	]
T	[ 24.0	52.0	28.0	5.0	54.0	11.0	0.0	0.0	0.0	64.0	0.0	119.0	15.0	2.0	108.0	0.0	19.0	48.0	18.0	15.0	]
Motif #11
total sequences 32
A	[ 12.0	-0.0	0.0	23.0	32.0	29.0	29.0	31.0	9.0	32.0	31.0	17.0	16.0	32.0	1.0	]
C	[ -0.0	0.0	0.0	0.0	0.0	3.0	3.0	0.0	2.0	0.0	0.0	0.0	4.0	0.0	11.0	]
G	[ 7.0	0.0	-0.0	0.0	0.0	0.0	0.0	1.0	0.0	0.0	1.0	0.0	0.0	-0.0	11.0	]
T	[ 13.0	32.0	32.0	9.0	0.0	0.0	0.0	0.0	21.0	0.0	0.0	15.0	12.0	0.0	9.0	]
Motif #1; total sequences 3772; NNNNNNtcattTcC / GgAaatgaNNNNNN
Motif #2; total sequences 2651; NtcTTATCtNN / NNaGATAAgaN
Motif #3; total sequences 1682; aNacAGGAAgtNN / NNacTTCCTgtNt
Motif #4; total sequences 724; NNNNNaAaCCACANNN / NNNTGTGGtTtNNNNN
Motif #5; total sequences 487; aGATaaNNATCtN / NaGATNNttATCt
Motif #6; total sequences 407; NaGATgNTATCt / aGATANcATCtN
Motif #7; total sequences 346; NgNTGASTCANaNNN / NNNtNTGASTCANcN
Motif #8; total sequences 259; NccNcNCCCCaCCCCcNcCCccN / NggGGgNgGGGGtGGGGNgNggN
Motif #9; total sequences 136; aaaaAaaaAaacAAaNaAaNaaaNaaNa / tNttNtttNtTtNtTTgttTtttTtttt
Motif #10; total sequences 121; NNNgcGCCctCTNgTGGNNa / tNNCCAcNAGagGGCgcNNN
Motif #11; total sequences 32; NTTaAAAAtAAaNAN / NTNtTTaTTTTtAAN

Full posterior for run 1 is 58553.034453
