Number of sequences: 6192
Number of programs: 5
Number of motifs: 7
Motif widths: 12 9 12 14 14 31 29 
Program 1: total 2174
 motif #1: 22 of 2174 (0.010165 posterior)
 motif #2: 2174 of 2174 (0.999954 posterior)
 motif #3: 4 of 2174 (0.001886 posterior)
 motif #4: 55 of 2174 (0.025343 posterior)
 motif #5: 15 of 2174 (0.006945 posterior)
 motif #6: 23 of 2174 (0.010625 posterior)
 motif #7: 11 of 2174 (0.005105 posterior)

Program 2: total 2151
 motif #1: 2151 of 2151 (0.999954 posterior)
 motif #3: 134 of 2151 (0.062337 posterior)
 motif #4: 54 of 2151 (0.025149 posterior)
 motif #6: 12 of 2151 (0.005625 posterior)
 motif #7: 15 of 2151 (0.007019 posterior)

Program 3: total 1744

Program 4: total 86
 motif #1: 86 of 86 (0.998840 posterior)
 motif #4: 3 of 86 (0.035963 posterior)
 motif #5: 86 of 86 (0.998840 posterior)
 motif #6: 2 of 86 (0.024362 posterior)

Program 5: total 37
 motif #3: 2 of 37 (0.056452 posterior)
 motif #4: 1 of 37 (0.029570 posterior)
 motif #5: 1 of 37 (0.029570 posterior)
 motif #6: 34 of 37 (0.916667 posterior)

Motif #1
total sequences 2259
A	[ 260.0	375.0	1096.0	-0.0	268.0	15.0	-0.0	14.0	0.0	82.0	213.0	272.0	]
C	[ 981.0	940.0	295.0	1479.0	150.0	0.0	2169.0	2245.0	150.0	511.0	677.0	819.0	]
G	[ 288.0	420.0	541.0	60.0	2.0	140.0	67.0	-0.0	151.0	1128.0	203.0	436.0	]
T	[ 730.0	524.0	327.0	720.0	1839.0	2104.0	23.0	-0.0	1958.0	538.0	1166.0	732.0	]
Motif #2
total sequences 2174
A	[ 525.0	108.0	197.0	5.0	216.0	2173.0	-0.0	-0.0	577.0	]
C	[ 387.0	584.0	985.0	310.0	129.0	0.0	-0.0	2174.0	-0.0	]
G	[ 288.0	424.0	486.0	84.0	0.0	0.0	-0.0	-0.0	67.0	]
T	[ 974.0	1058.0	506.0	1775.0	1829.0	1.0	2174.0	0.0	1530.0	]
Motif #3
total sequences 140
A	[ 99.0	0.0	140.0	0.0	18.0	30.0	20.0	43.0	140.0	-0.0	0.0	48.0	]
C	[ -0.0	-0.0	-0.0	-0.0	36.0	62.0	51.0	0.0	-0.0	0.0	140.0	-0.0	]
G	[ 0.0	140.0	-0.0	-0.0	53.0	34.0	-0.0	-0.0	-0.0	1.0	-0.0	8.0	]
T	[ 41.0	-0.0	-0.0	140.0	33.0	14.0	69.0	97.0	-0.0	139.0	-0.0	84.0	]
Motif #4
total sequences 113
A	[ 23.0	52.0	1.0	22.0	24.0	-0.0	0.0	22.0	1.0	0.0	-0.0	-0.0	-0.0	23.0	]
C	[ 19.0	17.0	0.0	6.0	0.0	0.0	0.0	74.0	0.0	0.0	0.0	0.0	91.0	21.0	]
G	[ 54.0	22.0	109.0	65.0	89.0	113.0	113.0	0.0	112.0	97.0	113.0	113.0	3.0	16.0	]
T	[ 17.0	22.0	3.0	20.0	0.0	0.0	0.0	17.0	0.0	16.0	0.0	0.0	19.0	53.0	]
Motif #5
total sequences 102
A	[ 10.0	25.0	59.0	-0.0	102.0	0.0	10.0	0.0	14.0	101.0	0.0	0.0	50.0	27.0	]
C	[ 9.0	47.0	0.0	-0.0	-0.0	0.0	-0.0	29.0	0.0	0.0	0.0	102.0	0.0	25.0	]
G	[ 46.0	24.0	0.0	102.0	0.0	1.0	76.0	34.0	0.0	0.0	-0.0	0.0	-0.0	28.0	]
T	[ 37.0	6.0	43.0	0.0	0.0	101.0	16.0	39.0	88.0	1.0	102.0	0.0	52.0	22.0	]
Motif #6
total sequences 71
A	[ 29.0	19.0	17.0	6.0	10.0	27.0	8.0	0.0	71.0	0.0	11.0	69.0	0.0	28.0	1.0	0.0	0.0	0.0	37.0	4.0	10.0	32.0	10.0	26.0	22.0	13.0	22.0	11.0	20.0	30.0	14.0	]
C	[ 17.0	11.0	20.0	13.0	17.0	0.0	56.0	71.0	0.0	48.0	44.0	0.0	0.0	0.0	1.0	0.0	0.0	68.0	0.0	40.0	26.0	13.0	18.0	11.0	13.0	22.0	30.0	31.0	16.0	6.0	28.0	]
G	[ 12.0	10.0	20.0	4.0	30.0	35.0	0.0	0.0	0.0	23.0	0.0	2.0	71.0	43.0	31.0	69.0	70.0	0.0	34.0	27.0	0.0	24.0	8.0	21.0	30.0	29.0	11.0	9.0	7.0	22.0	11.0	]
T	[ 13.0	31.0	14.0	48.0	14.0	9.0	7.0	0.0	0.0	0.0	16.0	0.0	0.0	0.0	38.0	2.0	1.0	3.0	0.0	0.0	35.0	2.0	35.0	13.0	6.0	7.0	8.0	20.0	28.0	13.0	18.0	]
Motif #7
total sequences 26
A	[ 10.0	11.0	17.0	26.0	0.0	0.0	23.0	0.0	25.0	18.0	2.0	0.0	0.0	0.0	0.0	19.0	6.0	10.0	16.0	3.0	3.0	0.0	10.0	2.0	2.0	5.0	3.0	13.0	10.0	]
C	[ 5.0	0.0	1.0	0.0	26.0	0.0	1.0	26.0	0.0	1.0	15.0	0.0	25.0	26.0	26.0	0.0	0.0	11.0	2.0	0.0	3.0	25.0	14.0	11.0	13.0	0.0	20.0	0.0	9.0	]
G	[ 6.0	13.0	8.0	0.0	0.0	0.0	0.0	0.0	0.0	3.0	3.0	0.0	0.0	0.0	0.0	6.0	18.0	3.0	8.0	13.0	20.0	0.0	0.0	4.0	0.0	20.0	2.0	11.0	7.0	]
T	[ 5.0	2.0	0.0	0.0	0.0	26.0	2.0	0.0	1.0	4.0	6.0	26.0	1.0	0.0	0.0	1.0	2.0	2.0	0.0	10.0	0.0	1.0	2.0	9.0	11.0	1.0	1.0	2.0	0.0	]
Motif #1; total sequences 2259; NNNcTTCCTNtN / NaNAGGAAgNNN
Motif #2; total sequences 2174; NNNTTATCt / aGATAANNN
Motif #3; total sequences 140; aGATNNNtATCt / aGATaNNNATCt
Motif #4; total sequences 113; NNGggGGcGGGGCN / NGCCCCgCCccCNN
Motif #5; total sequences 102; NNaGATgNTATCtN / NaGATANcATCtNN
Motif #6; total sequences 71; NNNtNNcCAccAGgtGGCacNNNNNNNNNNN / NNNNNNNNNNNgtGCCacCTggTGgNNaNNN
Motif #7; total sequences 26; NRaACTACAacTCCCagNaNgCcNYgcRN / NYgcRNgGcNtNctGGGAgtTGTAGTtYN

Full posterior for run 9 is 24354.420660
