1	chr1:20897671-20898254	2	-203	560	-76	NA	NA	
2	chr1:23487160-23488639	1	NA	NA	NA	NA	NA	
3	chr1:24566603-24569405	1	NA	NA	NA	NA	NA	
4	chr1:36864939-36865549	3	-11	NA	NA	55	NA	
5	chr1:40419842-40420980	4	849	NA	NA	NA	NA	
6	chr1:51393030-51393679	4	NA	NA	NA	NA	540	
7	chr1:51538255-51538850	3	318	NA	NA	387	NA	
8	chr1:63599505-63600306	1	NA	NA	NA	NA	NA	
9	chr1:80092639-80093456	4	-595	NA	NA	NA	NA	
10	chr1:81169061-81169940	6	NA	480	NA	NA	NA	
11	chr1:90306610-90307201	4	503	NA	NA	NA	NA	
12	chr1:120138586-120139086	3	360	NA	-429	-42	NA	
13	chr1:132907236-132907871	2	NA	NA	385	NA	NA	
14	chr1:133031701-133032548	6	NA	-192	NA	NA	NA	
15	chr1:134692915-134693672	3	295	NA	NA	343	NA	
16	chr1:138416585-138417422	3	-116	NA	NA	506	NA	
17	chr1:145768540-145769187	4	553	NA	NA	NA	NA	
18	chr1:155141987-155142749	3	-706	NA	NA	436	NA	
19	chr1:163507438-163508304	5	224	-690	NA	NA	NA	
20	chr1:167681556-167682229	4	NA	NA	NA	NA	553	
21	chr1:175877427-175878443	6	NA	-209	NA	NA	350	
22	chr1:186554726-186555192	5	-207	270	NA	NA	NA	
23	chr1:192894188-192894901	3	436	NA	NA	-377	NA	
24	chr10:13688877-13689651	5	344	127	NA	NA	NA	
25	chr10:19628484-19629258	2	NA	NA	-403	NA	NA	
26	chr10:26048076-26048757	3	299	NA	NA	9	NA	
27	chr10:39680230-39680917	3	-430	NA	NA	-517	NA	
28	chr10:79836617-79837582	2	508	681	-41	NA	NA	
29	chr10:80201629-80202126	1	NA	NA	NA	NA	NA	
30	chr10:80509162-80509451	1	NA	NA	NA	NA	NA	
31	chr10:80913080-80914050	2	NA	NA	415	NA	NA	
32	chr10:92765660-92766028	4	221	NA	NA	NA	NA	
33	chr10:95507165-95507559	3	NA	NA	NA	181	NA	
34	chr10:117575269-117576136	3	-426	NA	NA	351	NA	
35	chr10:127907437-127908080	5	291	450	NA	NA	NA	
36	chr11:11463847-11464873	2	-519	-445	-917	NA	NA	
37	chr11:20148735-20149275	5	174	-147	NA	NA	NA	
38	chr11:21002515-21003402	2	-733	NA	248	NA	NA	
39	chr11:22592459-22593403	1	NA	NA	NA	NA	NA	
40	chr11:31570379-31571478	3	NA	NA	NA	125	NA	
41	chr11:33838628-33839502	1	NA	NA	NA	NA	NA	
42	chr11:34011946-34012343	4	NA	NA	NA	NA	-323	
43	chr11:46232528-46233371	2	-431	-120	-527	NA	NA	
44	chr11:52157518-52158138	2	438	NA	-533	NA	NA	
45	chr11:54710065-54710643	1	NA	NA	NA	NA	NA	
46	chr11:54975394-54975873	1	NA	NA	NA	NA	NA	
47	chr11:65610863-65611587	3	525	NA	NA	-599	NA	
48	chr11:66907517-66907837	1	NA	NA	NA	NA	NA	
49	chr11:69182625-69183167	2	NA	260	422	NA	NA	
50	chr11:78352158-78353054	3	-515	NA	NA	656	NA	
51	chr11:82856905-82857744	5	-581	550	NA	NA	NA	
52	chr11:87567616-87568360	5	-381	470	NA	NA	NA	
53	chr11:87575311-87576385	2	-718	1029	572	NA	NA	
54	chr11:94407912-94408440	6	NA	-488	NA	NA	NA	
55	chr11:98285951-98286753	6	NA	-326	NA	NA	NA	
56	chr11:98303628-98304127	4	248	NA	NA	NA	NA	
57	chr11:99016186-99016820	6	NA	168	NA	NA	NA	
58	chr11:108726757-108727516	2	NA	182	287	NA	NA	
59	chr11:108827597-108828258	1	NA	NA	NA	NA	NA	
60	chr11:110214719-110215313	4	-329	NA	NA	NA	NA	
61	chr12:3109876-3110267	1	NA	NA	NA	NA	NA	
62	chr12:21697626-21698281	4	NA	NA	NA	NA	-539	
63	chr12:74516842-74517755	2	4	748	-96	NA	NA	
64	chr12:74611051-74611820	3	324	NA	NA	-245	NA	
65	chr12:85110891-85111217	1	NA	NA	NA	NA	NA	
66	chr12:85662394-85663104	1	NA	NA	NA	NA	NA	
67	chr12:87833977-87834760	6	NA	-670	NA	NA	-588	
68	chr12:101395027-101395767	3	-362	NA	NA	29	NA	
69	chr12:103732184-103733079	6	NA	-346	NA	NA	NA	
70	chr12:111185530-111186215	2	NA	-322	-209	NA	NA	
71	chr12:116670716-116671691	1	NA	NA	NA	NA	NA	
72	chr12:116696429-116697160	3	379	NA	NA	-432	NA	
73	chr13:6452426-6453172	5	-371	-628	NA	NA	NA	
74	chr13:34871906-34872409	1	NA	NA	NA	NA	NA	
75	chr13:36815339-36816442	2	NA	NA	-29	NA	NA	
76	chr13:42311565-42312103	2	NA	115	-454	NA	NA	
77	chr13:51779697-51780541	6	NA	-190	NA	NA	-133	
78	chr13:51982514-51983079	3	-350	NA	-452	-311	NA	
79	chr13:63334054-63334722	2	NA	NA	-645	NA	NA	
80	chr13:85599706-85600597	3	215	NA	NA	-276	NA	
81	chr13:98291101-98291428	1	NA	NA	NA	NA	NA	
82	chr13:114700773-114701501	6	NA	5	NA	NA	NA	
83	chr14:39187378-39187979	1	NA	NA	NA	NA	NA	
84	chr14:53185159-53186012	6	NA	-415	NA	NA	-394	
85	chr14:54557679-54558308	1	NA	NA	NA	NA	NA	
86	chr14:61072465-61073256	1	NA	NA	NA	NA	NA	
87	chr14:61881997-61882684	4	307	NA	NA	NA	NA	
88	chr14:64284388-64285040	1	NA	NA	NA	NA	NA	
89	chr14:85972789-85973327	4	500	NA	NA	NA	NA	
90	chr15:5393222-5393977	3	NA	NA	NA	-570	NA	
91	chr15:9605852-9606768	3	351	NA	NA	336	NA	
92	chr15:62592966-62593637	5	-282	178	NA	NA	NA	
93	chr15:63993065-63993580	4	-293	NA	NA	NA	-271	
94	chr15:66337449-66338120	3	523	NA	NA	379	NA	
95	chr15:74913207-74914442	5	878	-696	NA	NA	NA	
96	chr15:77798192-77798626	2	-235	NA	167	NA	NA	
97	chr15:78321935-78322773	2	494	NA	616	NA	NA	
98	chr15:85217626-85218190	2	310	NA	-197	NA	NA	
99	chr15:97200981-97201852	4	-413	NA	NA	NA	NA	
100	chr15:98820398-98820814	4	229	NA	NA	NA	NA	
101	chr16:4498946-4499528	1	NA	NA	NA	NA	NA	
102	chr16:5308541-5309404	2	-375	195	-716	NA	NA	
103	chr16:22346867-22347825	1	NA	NA	NA	NA	NA	
104	chr16:36396194-36396562	4	NA	NA	NA	NA	16	
105	chr16:44611240-44611788	1	NA	NA	NA	NA	NA	
106	chr16:48705868-48706443	5	-557	283	NA	NA	-126	
107	chr16:52000683-52001866	3	681	NA	NA	334	NA	
108	chr16:76237355-76237591	1	NA	NA	NA	NA	NA	
109	chr16:76431954-76432667	2	NA	454	384	NA	NA	
110	chr16:84595380-84596017	5	-566	617	NA	NA	NA	
111	chr16:89724342-89725127	5	348	-271	NA	NA	NA	
112	chr16:89861897-89862591	3	NA	NA	-159	-279	NA	
113	chr17:7013440-7014049	5	-308	-116	NA	NA	NA	
114	chr17:8089621-8090408	3	-65	NA	NA	-454	NA	
115	chr17:24911700-24912500	4	NA	NA	NA	NA	-598	
116	chr17:28339999-28340883	6	NA	-221	NA	NA	-387	
117	chr17:28463477-28463989	1	NA	NA	NA	NA	NA	
118	chr17:35631650-35632237	4	NA	NA	NA	NA	-265	
119	chr17:35839180-35839776	2	NA	526	-149	NA	NA	
120	chr17:39450927-39457022	1	NA	NA	NA	NA	NA	
121	chr17:50873139-50873988	2	437	455	-589	NA	NA	
122	chr17:51627199-51628395	4	64	NA	NA	NA	-885	
123	chr17:56745210-56746144	5	500	-640	NA	NA	NA	
124	chr17:70877881-70878757	2	-408	113	381	NA	NA	
125	chr17:83220692-83221326	1	NA	NA	NA	NA	NA	
126	chr17:84024265-84024986	3	455	NA	NA	493	NA	
127	chr18:3005202-3006082	2	NA	682	15	NA	NA	
128	chr18:39208843-39209539	6	NA	-5	NA	NA	-74	
129	chr18:40433910-40434388	1	NA	NA	NA	NA	NA	
130	chr18:75447304-75448028	2	-412	374	264	NA	NA	
131	chr18:75502743-75503477	2	283	NA	489	NA	NA	
132	chr18:82355522-82355995	4	NA	NA	NA	NA	260	
133	chr18:89340229-89341162	1	NA	NA	NA	NA	NA	
134	chr19:4119455-4120306	5	377	601	NA	NA	NA	
135	chr19:4878447-4879352	5	840	-858	NA	NA	NA	
136	chr19:33432275-33433175	4	-619	NA	NA	NA	NA	
137	chr19:59455157-59455890	1	NA	NA	NA	NA	NA	
138	chr2:11534585-11535092	1	NA	NA	NA	NA	NA	
139	chr2:26575280-26576001	5	263	-234	NA	NA	-376	
140	chr2:30416593-30417348	6	NA	-371	NA	NA	NA	
141	chr2:32317221-32317640	4	185	NA	NA	NA	NA	
142	chr2:32516115-32516586	2	-145	NA	-237	NA	NA	
143	chr2:35803851-35804358	4	NA	NA	NA	NA	-303	
144	chr2:37593767-37594274	1	NA	NA	NA	NA	NA	
145	chr2:38293709-38294207	1	NA	NA	NA	NA	NA	
146	chr2:65845877-65846273	1	NA	NA	NA	NA	NA	
147	chr2:70675780-70676704	5	-356	369	NA	NA	NA	
148	chr2:80262489-80263065	2	349	NA	146	NA	NA	
149	chr2:84579863-84580784	1	NA	NA	NA	NA	NA	
150	chr2:98462929-98463961	1	NA	NA	NA	NA	NA	
151	chr2:98466950-98468313	1	NA	NA	NA	NA	NA	
152	chr2:104326422-104326932	1	NA	NA	NA	NA	NA	
153	chr2:117034052-117034623	4	-333	NA	NA	NA	NA	
154	chr2:118942201-118942891	4	-270	NA	NA	NA	NA	
155	chr2:118979737-118980443	1	NA	NA	NA	NA	NA	
156	chr2:153217149-153217865	2	NA	NA	-629	NA	NA	
157	chr2:157258762-157259369	3	65	NA	NA	83	NA	
158	chr2:158100548-158101312	1	NA	NA	NA	NA	NA	
159	chr2:167578972-167579448	5	276	357	NA	NA	NA	
160	chr2:170194522-170195043	3	-278	NA	NA	-262	NA	
161	chr2:181846625-181847434	5	670	590	NA	NA	NA	
162	chr3:52966229-52966809	3	-240	NA	NA	-294	NA	
163	chr3:56663271-56663681	1	NA	NA	NA	NA	NA	
164	chr3:89958063-89958718	1	NA	NA	NA	NA	NA	
165	chr3:96665260-96666201	2	-411	NA	-725	NA	NA	
166	chr3:107924572-107925196	1	NA	NA	NA	NA	NA	
167	chr3:109324309-109324904	5	270	178	NA	NA	NA	
168	chr3:126826614-126827447	5	414	-757	NA	NA	-242	
169	chr3:127755015-127755843	2	-753	NA	305	NA	NA	
170	chr3:136680046-136680862	5	-792	437	NA	NA	NA	
171	chr4:16090973-16091493	1	NA	NA	NA	NA	NA	
172	chr4:32616412-32617225	5	336	251	NA	NA	NA	
173	chr4:63984012-63984382	1	NA	NA	NA	NA	NA	
174	chr4:69864482-69864755	1	NA	NA	NA	NA	NA	
175	chr4:87505686-87506215	5	127	339	NA	NA	-179	
176	chr4:100665417-100666293	1	NA	NA	NA	NA	NA	
177	chr4:102209371-102210241	6	NA	-10	NA	NA	335	
178	chr4:116975974-116976664	1	NA	NA	NA	NA	NA	
179	chr4:120483941-120484702	1	NA	NA	NA	NA	NA	
180	chr4:125605762-125606487	3	-388	NA	NA	-487	NA	
181	chr4:135332186-135332481	4	141	NA	NA	NA	NA	
182	chr5:2999879-3002720	1	NA	NA	NA	NA	NA	
183	chr5:20922938-20923479	1	NA	NA	NA	NA	NA	
184	chr5:65614599-65614890	1	NA	NA	NA	NA	NA	
185	chr5:72451736-72452199	6	NA	-326	NA	NA	NA	
186	chr5:99739819-99740642	2	NA	26	777	NA	NA	
187	chr5:105925213-105925733	3	211	NA	NA	41	NA	
188	chr5:107535406-107536158	1	NA	NA	NA	NA	NA	
189	chr5:111080072-111080554	1	NA	NA	NA	NA	NA	
190	chr5:113931504-113932117	1	NA	NA	NA	NA	NA	
191	chr5:114900498-114900854	1	NA	NA	NA	NA	NA	
192	chr5:138017044-138017774	2	358	NA	-116	NA	NA	
193	chr5:138887064-138887932	5	-411	-519	NA	NA	-651	
194	chr5:139635703-139636371	3	282	NA	NA	-7	NA	
195	chr5:146564914-146565732	1	NA	NA	NA	NA	NA	
196	chr6:22299145-22300111	3	589	NA	NA	-578	NA	
197	chr6:41483560-41484175	6	NA	-296	NA	NA	NA	
198	chr6:50346312-50347226	6	NA	634	NA	NA	349	
199	chr6:82887059-82887868	4	612	NA	NA	NA	NA	
200	chr6:87507541-87508280	2	NA	625	-348	NA	NA	
201	chr6:98957869-98958615	3	-461	NA	NA	476	NA	
202	chr6:103614677-103615208	4	NA	NA	NA	NA	-424	
203	chr6:124715721-124716488	4	508	NA	NA	NA	NA	
204	chr6:140582661-140583333	4	NA	NA	NA	NA	-341	
205	chr6:142874566-142875347	3	NA	NA	-741	-720	NA	
206	chr6:143448247-143448538	1	NA	NA	NA	NA	NA	
207	chr6:144627485-144628192	1	NA	NA	NA	NA	NA	
208	chr7:15107437-15108187	6	NA	471	NA	NA	NA	
209	chr7:27642021-27642590	1	NA	NA	NA	NA	NA	
210	chr7:28091616-28092165	1	NA	NA	NA	NA	NA	
211	chr7:28843157-28843775	1	NA	NA	NA	NA	NA	
212	chr7:45378170-45378868	1	NA	NA	NA	NA	NA	
213	chr7:45459955-45460620	1	NA	NA	NA	NA	NA	
214	chr7:67944245-67944875	1	NA	NA	NA	NA	NA	
215	chr7:89882241-89882812	2	NA	NA	282	NA	NA	
216	chr7:110223126-110223883	6	NA	484	NA	NA	NA	
217	chr7:114270709-114271789	3	-582	NA	NA	-764	NA	
218	chr7:125263193-125263754	4	342	NA	NA	NA	NA	
219	chr8:18863700-18864409	1	NA	NA	NA	NA	NA	
220	chr8:24560844-24561472	1	NA	NA	NA	NA	NA	
221	chr8:26739623-26740148	1	NA	NA	NA	NA	NA	
222	chr8:27119284-27120036	2	NA	NA	451	NA	NA	
223	chr8:37662390-37663098	1	NA	NA	NA	NA	NA	
224	chr8:73602383-73603191	5	-323	442	NA	NA	NA	
225	chr8:108155588-108156379	1	NA	NA	NA	NA	NA	
226	chr8:114482228-114482870	4	-435	NA	NA	NA	NA	
227	chr8:118271658-118272375	1	NA	NA	NA	NA	NA	
228	chr8:125169965-125171088	5	-956	724	NA	NA	NA	
229	chr8:127608056-127608718	4	359	NA	NA	NA	NA	
230	chr8:130848661-130849522	6	NA	675	NA	NA	NA	
231	chr9:21199954-21200829	5	-679	-843	NA	NA	NA	
232	chr9:24292320-24292667	1	NA	NA	NA	NA	NA	
233	chr9:32810190-32811196	2	-527	630	-42	NA	NA	
234	chr9:35054745-35055295	1	NA	NA	NA	NA	NA	
235	chr9:44288655-44289439	4	-351	NA	NA	NA	NA	
236	chr9:57664560-57665271	3	-390	NA	NA	230	NA	
237	chr9:60796844-60797427	4	-101	NA	NA	NA	NA	
238	chr9:63518829-63519421	2	NA	195	290	NA	NA	
239	chr9:63536164-63536742	1	NA	NA	NA	NA	NA	
240	chr9:66718328-66718862	4	423	NA	NA	NA	NA	
241	chr9:68833530-68834353	5	-212	647	NA	NA	NA	
242	chr9:72264394-72264682	5	153	191	NA	NA	NA	
243	chr9:75195785-75196662	3	441	NA	NA	535	NA	
244	chr9:85210246-85211249	3	-551	NA	NA	458	NA	
245	chr9:100331404-100331968	2	217	520	-121	NA	NA	
246	chr9:107136568-107137167	1	NA	NA	NA	NA	NA	
247	chr9:107147611-107148252	5	-496	535	NA	NA	NA	
248	chr9:110530301-110530814	4	-231	NA	NA	NA	NA	
249	chr9:119592533-119593099	1	NA	NA	NA	NA	NA	
250	chr9:119879098-119879479	4	NA	NA	NA	NA	-293	
251	chr9:119923130-119923715	3	-225	NA	NA	-1	NA	
252	chr9:119940332-119941120	5	-255	-771	NA	NA	NA	
253	chr9:120006807-120007177	5	-190	229	NA	NA	NA	
254	chrX:38587943-38588780	2	-426	-760	-724	NA	NA	
255	chrX:73676122-73676707	6	NA	316	NA	NA	-382	
256	chrX:98234436-98235044	5	-242	554	NA	NA	NA	
257	chrX:138729250-138729574	6	NA	11	NA	NA	NA	
