Number of sequences: 2908
Number of programs: 6
Number of motifs: 16
Motif widths: 12 12 25 13 12 16 13 12 12 14 28 17 12 12 17 12 
Program 1: total 1689
 motif #1: 1689 of 1689 (0.999941 posterior)
 motif #2: 643 of 1689 (0.380713 posterior)
 motif #3: 276 of 1689 (0.163450 posterior)
 motif #4: 51 of 1689 (0.030251 posterior)
 motif #5: 138 of 1689 (0.081755 posterior)
 motif #6: 21 of 1689 (0.012491 posterior)
 motif #7: 116 of 1689 (0.068731 posterior)
 motif #8: 93 of 1689 (0.055115 posterior)
 motif #9: 78 of 1689 (0.046235 posterior)
 motif #10: 14 of 1689 (0.008347 posterior)
 motif #11: 55 of 1689 (0.032619 posterior)
 motif #12: 47 of 1689 (0.027883 posterior)
 motif #13: 43 of 1689 (0.025515 posterior)
 motif #14: 32 of 1689 (0.019003 posterior)
 motif #15: 45 of 1689 (0.026699 posterior)
 motif #16: 2 of 1689 (0.001243 posterior)

Program 2: total 583

Program 3: total 407
 motif #2: 314 of 407 (0.771365 posterior)
 motif #3: 156 of 407 (0.383350 posterior)
 motif #4: 218 of 407 (0.535609 posterior)
 motif #5: 19 of 407 (0.046906 posterior)
 motif #6: 4 of 407 (0.010069 posterior)
 motif #7: 5 of 407 (0.012525 posterior)
 motif #8: 31 of 407 (0.076375 posterior)
 motif #9: 30 of 407 (0.073919 posterior)
 motif #11: 32 of 407 (0.078831 posterior)
 motif #12: 42 of 407 (0.103389 posterior)
 motif #13: 39 of 407 (0.096022 posterior)
 motif #14: 32 of 407 (0.078831 posterior)
 motif #15: 2 of 407 (0.005157 posterior)
 motif #16: 13 of 407 (0.032171 posterior)

Program 4: total 120
 motif #2: 41 of 120 (0.341930 posterior)
 motif #3: 24 of 120 (0.200499 posterior)
 motif #5: 7 of 120 (0.059068 posterior)
 motif #6: 120 of 120 (0.999168 posterior)
 motif #8: 1 of 120 (0.009151 posterior)
 motif #10: 12 of 120 (0.100666 posterior)
 motif #11: 10 of 120 (0.084027 posterior)
 motif #13: 1 of 120 (0.009151 posterior)
 motif #14: 7 of 120 (0.059068 posterior)
 motif #15: 3 of 120 (0.025790 posterior)
 motif #16: 2 of 120 (0.017471 posterior)

Program 5: total 84
 motif #1: 52 of 84 (0.618765 posterior)
 motif #7: 4 of 84 (0.048694 posterior)
 motif #8: 1 of 84 (0.013064 posterior)
 motif #10: 84 of 84 (0.998812 posterior)
 motif #11: 3 of 84 (0.036817 posterior)
 motif #13: 2 of 84 (0.024941 posterior)
 motif #14: 3 of 84 (0.036817 posterior)
 motif #16: 5 of 84 (0.060570 posterior)

Program 6: total 25
 motif #5: 10 of 25 (0.400794 posterior)
 motif #7: 3 of 25 (0.123016 posterior)
 motif #9: 2 of 25 (0.083333 posterior)
 motif #11: 6 of 25 (0.242063 posterior)
 motif #16: 6 of 25 (0.242063 posterior)

Motif #1
total sequences 1741
A	[ 1235.0	46.0	1741.0	15.0	1440.0	1414.0	405.0	736.0	1063.0	350.0	362.0	585.0	]
C	[ 29.0	-0.0	0.0	0.0	0.0	60.0	404.0	354.0	189.0	283.0	779.0	228.0	]
G	[ 3.0	1695.0	0.0	0.0	152.0	242.0	806.0	540.0	260.0	338.0	318.0	267.0	]
T	[ 474.0	-0.0	0.0	1726.0	149.0	25.0	126.0	111.0	229.0	770.0	282.0	661.0	]
Motif #2
total sequences 998
A	[ 503.0	-0.0	12.0	-0.0	-0.0	0.0	-0.0	13.0	46.0	98.0	160.0	146.0	]
C	[ 95.0	627.0	0.0	-0.0	992.0	998.0	-0.0	234.0	300.0	370.0	246.0	347.0	]
G	[ 305.0	10.0	-0.0	37.0	6.0	-0.0	0.0	513.0	97.0	170.0	103.0	222.0	]
T	[ 95.0	361.0	986.0	961.0	0.0	-0.0	998.0	238.0	555.0	360.0	489.0	283.0	]
Motif #3
total sequences 456
A	[ 93.0	74.0	57.0	91.0	34.0	25.0	24.0	89.0	96.0	46.0	-0.0	36.0	19.0	43.0	263.0	-0.0	-0.0	36.0	28.0	83.0	171.0	70.0	30.0	78.0	89.0	]
C	[ 195.0	203.0	199.0	208.0	292.0	359.0	326.0	235.0	227.0	298.0	363.0	319.0	400.0	338.0	12.0	392.0	417.0	316.0	376.0	303.0	116.0	251.0	275.0	191.0	213.0	]
G	[ 77.0	81.0	56.0	40.0	17.0	19.0	-0.0	37.0	47.0	11.0	4.0	-0.0	-0.0	-0.0	77.0	44.0	-0.0	9.0	2.0	44.0	57.0	69.0	46.0	51.0	59.0	]
T	[ 91.0	98.0	144.0	117.0	113.0	53.0	106.0	95.0	86.0	101.0	89.0	101.0	37.0	75.0	104.0	20.0	39.0	95.0	50.0	26.0	112.0	66.0	105.0	136.0	95.0	]
Motif #4
total sequences 269
A	[ 25.0	167.0	7.0	263.0	-0.0	24.0	8.0	39.0	247.0	0.0	0.0	96.0	35.0	]
C	[ 104.0	10.0	-0.0	-0.0	-0.0	81.0	58.0	0.0	0.0	-0.0	269.0	1.0	84.0	]
G	[ 90.0	0.0	262.0	6.0	0.0	128.0	27.0	1.0	22.0	0.0	-0.0	17.0	97.0	]
T	[ 50.0	92.0	0.0	-0.0	269.0	36.0	176.0	229.0	0.0	269.0	-0.0	155.0	53.0	]
Motif #5
total sequences 174
A	[ 36.0	86.0	146.0	144.0	121.0	-0.0	-0.0	165.0	0.0	163.0	103.0	65.0	]
C	[ 54.0	65.0	0.0	-0.0	20.0	174.0	148.0	9.0	174.0	8.0	0.0	29.0	]
G	[ 61.0	23.0	0.0	30.0	31.0	-0.0	-0.0	-0.0	-0.0	3.0	71.0	41.0	]
T	[ 23.0	0.0	28.0	-0.0	2.0	-0.0	26.0	-0.0	-0.0	-0.0	0.0	39.0	]
Motif #6
total sequences 145
A	[ 98.0	-0.0	141.0	0.0	8.0	47.0	26.0	45.0	26.0	111.0	-0.0	144.0	1.0	112.0	96.0	27.0	]
C	[ -0.0	0.0	4.0	-0.0	37.0	24.0	33.0	18.0	36.0	8.0	0.0	1.0	0.0	0.0	6.0	29.0	]
G	[ 0.0	145.0	0.0	0.0	74.0	38.0	49.0	68.0	66.0	2.0	144.0	0.0	0.0	2.0	31.0	61.0	]
T	[ 47.0	0.0	0.0	145.0	26.0	36.0	37.0	14.0	17.0	24.0	1.0	0.0	144.0	31.0	12.0	28.0	]
Motif #7
total sequences 128
A	[ 23.0	8.0	-0.0	2.0	128.0	-0.0	2.0	11.0	13.0	23.0	95.0	50.0	62.0	]
C	[ 4.0	11.0	28.0	81.0	-0.0	3.0	12.0	0.0	70.0	44.0	9.0	36.0	37.0	]
G	[ 27.0	58.0	0.0	-0.0	0.0	0.0	-0.0	6.0	13.0	-0.0	3.0	30.0	5.0	]
T	[ 74.0	51.0	100.0	45.0	0.0	125.0	114.0	111.0	32.0	61.0	21.0	12.0	24.0	]
Motif #8
total sequences 126
A	[ 49.0	0.0	0.0	57.0	70.0	18.0	2.0	35.0	68.0	39.0	1.0	10.0	]
C	[ 1.0	1.0	40.0	15.0	0.0	0.0	-0.0	0.0	42.0	0.0	4.0	0.0	]
G	[ 76.0	125.0	86.0	10.0	56.0	108.0	124.0	91.0	2.0	52.0	117.0	111.0	]
T	[ 0.0	0.0	0.0	44.0	0.0	-0.0	0.0	0.0	14.0	35.0	4.0	5.0	]
Motif #9
total sequences 110
A	[ 11.0	13.0	-0.0	-0.0	0.0	0.0	0.0	53.0	12.0	-0.0	16.0	0.0	]
C	[ 17.0	-0.0	0.0	0.0	0.0	-0.0	0.0	20.0	1.0	-0.0	-0.0	-0.0	]
G	[ 54.0	14.0	101.0	105.0	108.0	107.0	110.0	-0.0	97.0	110.0	88.0	110.0	]
T	[ 28.0	83.0	9.0	5.0	2.0	3.0	-0.0	37.0	-0.0	0.0	6.0	0.0	]
Motif #10
total sequences 110
A	[ 7.0	5.0	2.0	0.0	35.0	0.0	0.0	0.0	23.0	0.0	11.0	0.0	0.0	18.0	]
C	[ 54.0	0.0	108.0	109.0	67.0	71.0	110.0	0.0	5.0	39.0	10.0	0.0	0.0	48.0	]
G	[ 3.0	98.0	0.0	0.0	0.0	0.0	0.0	0.0	71.0	71.0	0.0	109.0	97.0	10.0	]
T	[ 46.0	7.0	0.0	1.0	8.0	39.0	0.0	110.0	11.0	0.0	89.0	1.0	13.0	34.0	]
Motif #11
total sequences 106
A	[ 39.0	0.0	-0.0	0.0	8.0	11.0	8.0	14.0	-0.0	8.0	4.0	6.0	7.0	-0.0	2.0	10.0	-0.0	5.0	-0.0	-0.0	10.0	-0.0	10.0	6.0	-0.0	9.0	19.0	27.0	]
C	[ 13.0	-0.0	17.0	13.0	-0.0	0.0	8.0	4.0	1.0	9.0	9.0	-0.0	0.0	-0.0	-0.0	4.0	14.0	2.0	-0.0	18.0	8.0	13.0	13.0	-0.0	-0.0	23.0	16.0	21.0	]
G	[ 17.0	40.0	28.0	31.0	38.0	52.0	28.0	18.0	36.0	45.0	35.0	0.0	31.0	6.0	44.0	46.0	17.0	-0.0	34.0	9.0	10.0	33.0	22.0	0.0	10.0	-0.0	24.0	13.0	]
T	[ 37.0	66.0	61.0	62.0	60.0	43.0	62.0	70.0	69.0	44.0	58.0	100.0	68.0	100.0	60.0	46.0	75.0	99.0	72.0	79.0	78.0	60.0	61.0	100.0	96.0	74.0	47.0	45.0	]
Motif #12
total sequences 89
A	[ 41.0	36.0	15.0	75.0	11.0	-0.0	85.0	17.0	1.0	3.0	1.0	8.0	-0.0	19.0	35.0	24.0	49.0	]
C	[ 15.0	-0.0	33.0	14.0	0.0	2.0	0.0	0.0	0.0	0.0	-0.0	-0.0	6.0	22.0	2.0	14.0	11.0	]
G	[ 24.0	27.0	33.0	-0.0	78.0	87.0	0.0	3.0	88.0	-0.0	88.0	81.0	35.0	1.0	18.0	33.0	19.0	]
T	[ 9.0	26.0	8.0	-0.0	-0.0	-0.0	4.0	69.0	0.0	86.0	-0.0	-0.0	48.0	47.0	34.0	18.0	10.0	]
Motif #13
total sequences 85
A	[ 10.0	15.0	1.0	15.0	44.0	-0.0	-0.0	-0.0	35.0	-0.0	15.0	11.0	]
C	[ 25.0	3.0	3.0	-0.0	3.0	-0.0	-0.0	-0.0	49.0	12.0	0.0	-0.0	]
G	[ 3.0	3.0	4.0	-0.0	26.0	32.0	-0.0	18.0	-0.0	-0.0	-0.0	-0.0	]
T	[ 47.0	64.0	77.0	70.0	12.0	53.0	85.0	67.0	1.0	73.0	70.0	74.0	]
Motif #14
total sequences 74
A	[ 17.0	-0.0	-0.0	21.0	-0.0	7.0	-0.0	-0.0	-0.0	19.0	1.0	8.0	]
C	[ 0.0	59.0	74.0	53.0	62.0	-0.0	74.0	74.0	56.0	23.0	62.0	27.0	]
G	[ 56.0	-0.0	-0.0	-0.0	2.0	39.0	-0.0	-0.0	-0.0	-0.0	-0.0	0.0	]
T	[ 1.0	15.0	0.0	-0.0	10.0	28.0	0.0	-0.0	18.0	32.0	11.0	39.0	]
Motif #15
total sequences 50
A	[ 36.0	35.0	10.0	18.0	43.0	43.0	27.0	11.0	18.0	47.0	50.0	31.0	0.0	21.0	50.0	47.0	16.0	]
C	[ 0.0	-0.0	12.0	17.0	7.0	-0.0	2.0	31.0	22.0	3.0	-0.0	12.0	40.0	29.0	-0.0	0.0	31.0	]
G	[ 12.0	15.0	28.0	9.0	-0.0	-0.0	21.0	0.0	10.0	-0.0	-0.0	7.0	3.0	0.0	0.0	1.0	2.0	]
T	[ 2.0	0.0	0.0	6.0	-0.0	7.0	-0.0	8.0	-0.0	-0.0	-0.0	-0.0	7.0	-0.0	-0.0	2.0	1.0	]
Motif #16
total sequences 28
A	[ -0.0	17.0	-0.0	-0.0	-0.0	12.0	-0.0	-0.0	21.0	-0.0	5.0	2.0	]
C	[ 28.0	7.0	-0.0	0.0	12.0	0.0	28.0	0.0	5.0	2.0	3.0	6.0	]
G	[ -0.0	0.0	28.0	2.0	-0.0	16.0	-0.0	-0.0	2.0	8.0	20.0	15.0	]
T	[ 0.0	4.0	-0.0	26.0	16.0	-0.0	-0.0	28.0	-0.0	18.0	-0.0	5.0	]
Motif #1; total sequences 1741; aGATAANNaNNN / NNNtNNTTATCt
Motif #2; total sequences 998; acTTCCTgtNNN / NNNacAGGAAgt
Motif #3; total sequences 456; NNNNccccNcccCcaCCcCcNccNN / NNggNgGgGGtgGgggNggggNNNN
Motif #4; total sequences 269; NaGATNtTATCtN / NaGATAaNATCtN
Motif #5; total sequences 174; NNAAaCCACAaN / NtTGTGGtTTNN
Motif #6; total sequences 145; aGATgNNNNaGATaaN / NttATCtNNNNcATCt
Motif #7; total sequences 128; tNtcATTTcNaNN / NNtNgAAATgaNa
Motif #8; total sequences 126; gGgNaGGgaNGG / CCNtcCCtNcCc
Motif #9; total sequences 110; NtGGGGGNGGgG / CcCCNCCCCCaN
Motif #10; total sequences 110; YGCCccCTggTGGN / NCCAccAGggGGCR
Motif #11; total sequences 106; NttttNtttNtTtTtNtTtttttTTtNN / NNaAAaaaaaAaNaAaAaNaaaNaaaaN
Motif #12; total sequences 89; NNNAGGAtGTGGttNNa / tNNaaCCACaTCCTNNN
Motif #13; total sequences 85; ttTTatTtcTTT / AAAgaAatAAaa
Motif #14; total sequences 74; gcCcCgCCcNCt / aGNgGGcGgGgc
Motif #15; total sequences 50; aagNAAacNAAaccAAc / gTTggtTTNgtTTNctt
Motif #16; total sequences 28; CaGTtgCTatgg / ccatAGcaACtG

Full posterior for run 3 is 28859.589241
