Number of sequences: 6899
Number of programs: 4
Number of motifs: 19
Motif widths: 15 17 16 16 17 13 13 12 15 12 18 13 16 12 12 12 14 12 12 
Program 1: total 4416
 motif #1: 2463 of 4416 (0.557742 posterior)
 motif #2: 1420 of 4416 (0.321566 posterior)
 motif #3: 1022 of 4416 (0.231443 posterior)
 motif #4: 564 of 4416 (0.127734 posterior)
 motif #5: 537 of 4416 (0.121620 posterior)
 motif #6: 520 of 4416 (0.117771 posterior)
 motif #7: 389 of 4416 (0.088107 posterior)
 motif #8: 337 of 4416 (0.076333 posterior)
 motif #9: 243 of 4416 (0.055047 posterior)
 motif #10: 215 of 4416 (0.048707 posterior)
 motif #11: 116 of 4416 (0.026290 posterior)
 motif #12: 201 of 4416 (0.045537 posterior)
 motif #13: 205 of 4416 (0.046443 posterior)
 motif #14: 204 of 4416 (0.046216 posterior)
 motif #15: 114 of 4416 (0.025837 posterior)
 motif #16: 88 of 4416 (0.019949 posterior)
 motif #17: 55 of 4416 (0.012477 posterior)
 motif #18: 45 of 4416 (0.010212 posterior)
 motif #19: 34 of 4416 (0.007722 posterior)

Program 2: total 2345

Program 3: total 135
 motif #2: 1 of 135 (0.008136 posterior)
 motif #3: 2 of 135 (0.015533 posterior)
 motif #4: 1 of 135 (0.008136 posterior)
 motif #5: 19 of 135 (0.141272 posterior)
 motif #6: 5 of 135 (0.037722 posterior)
 motif #7: 1 of 135 (0.008136 posterior)
 motif #8: 2 of 135 (0.015533 posterior)
 motif #11: 95 of 135 (0.703402 posterior)
 motif #12: 10 of 135 (0.074704 posterior)
 motif #15: 2 of 135 (0.015533 posterior)
 motif #16: 1 of 135 (0.008136 posterior)
 motif #17: 35 of 135 (0.259615 posterior)
 motif #19: 1 of 135 (0.008136 posterior)

Program 4: total 3
 motif #6: 3 of 3 (0.968750 posterior)
 motif #7: 1 of 3 (0.343750 posterior)
 motif #16: 3 of 3 (0.968750 posterior)

Motif #1
total sequences 2463
A	[ 689.0	508.0	236.0	364.0	1382.0	0.0	246.0	0.0	0.0	0.0	0.0	80.0	191.0	270.0	409.0	]
C	[ 652.0	859.0	1179.0	1209.0	328.0	1686.0	62.0	0.0	2426.0	2461.0	76.0	602.0	657.0	902.0	654.0	]
G	[ 340.0	405.0	49.0	281.0	340.0	11.0	0.0	65.0	18.0	2.0	9.0	1224.0	163.0	433.0	286.0	]
T	[ 782.0	691.0	999.0	609.0	413.0	766.0	2155.0	2398.0	19.0	0.0	2378.0	557.0	1452.0	858.0	1114.0	]
Motif #2
total sequences 1421
A	[ 47.0	73.0	0.0	40.0	1392.0	-0.0	0.0	386.0	206.0	384.0	403.0	414.0	359.0	508.0	268.0	389.0	413.0	]
C	[ 283.0	695.0	147.0	0.0	4.0	0.0	1421.0	0.0	456.0	371.0	286.0	381.0	494.0	359.0	417.0	469.0	270.0	]
G	[ 228.0	373.0	0.0	1.0	25.0	0.0	-0.0	5.0	491.0	133.0	385.0	214.0	228.0	144.0	191.0	201.0	220.0	]
T	[ 863.0	280.0	1274.0	1380.0	-0.0	1421.0	0.0	1030.0	268.0	533.0	347.0	412.0	340.0	410.0	545.0	362.0	518.0	]
Motif #3
total sequences 1024
A	[ 44.0	0.0	0.0	0.0	119.0	0.0	0.0	62.0	38.0	172.0	231.0	121.0	73.0	112.0	92.0	201.0	]
C	[ 100.0	18.0	4.0	0.0	114.0	209.0	6.0	0.0	239.0	175.0	146.0	29.0	136.0	154.0	266.0	245.0	]
G	[ 73.0	509.0	57.0	771.0	791.0	77.0	0.0	135.0	282.0	256.0	214.0	197.0	252.0	149.0	125.0	95.0	]
T	[ 807.0	497.0	963.0	253.0	-0.0	738.0	1018.0	827.0	465.0	421.0	433.0	677.0	563.0	609.0	541.0	483.0	]
Motif #4
total sequences 565
A	[ 78.0	71.0	59.0	100.0	31.0	50.0	36.0	20.0	0.0	177.0	79.0	14.0	88.0	67.0	154.0	129.0	]
C	[ -0.0	29.0	37.0	23.0	0.0	16.0	0.0	-0.0	0.0	72.0	-0.0	3.0	0.0	0.0	61.0	53.0	]
G	[ 429.0	437.0	365.0	195.0	432.0	453.0	499.0	545.0	551.0	19.0	451.0	533.0	470.0	477.0	259.0	286.0	]
T	[ 58.0	28.0	104.0	247.0	102.0	46.0	30.0	0.0	14.0	297.0	35.0	15.0	7.0	21.0	91.0	97.0	]
Motif #5
total sequences 556
A	[ 159.0	174.0	117.0	141.0	107.0	337.0	4.0	529.0	0.0	45.0	110.0	22.0	122.0	556.0	0.0	0.0	207.0	]
C	[ 141.0	121.0	174.0	117.0	196.0	6.0	23.0	0.0	0.0	162.0	187.0	151.0	0.0	0.0	0.0	554.0	0.0	]
G	[ 110.0	103.0	111.0	142.0	112.0	6.0	529.0	4.0	0.0	172.0	129.0	41.0	3.0	0.0	0.0	2.0	20.0	]
T	[ 146.0	158.0	154.0	156.0	141.0	207.0	0.0	23.0	556.0	177.0	130.0	342.0	431.0	0.0	556.0	0.0	329.0	]
Motif #6
total sequences 528
A	[ 81.0	302.0	24.0	484.0	0.0	52.0	0.0	91.0	528.0	-0.0	-0.0	233.0	93.0	]
C	[ 221.0	18.0	14.0	26.0	21.0	93.0	164.0	36.0	-0.0	-0.0	526.0	-0.0	158.0	]
G	[ 117.0	8.0	490.0	0.0	-0.0	289.0	80.0	5.0	-0.0	-0.0	-0.0	15.0	176.0	]
T	[ 109.0	200.0	-0.0	18.0	507.0	94.0	284.0	396.0	-0.0	528.0	2.0	280.0	101.0	]
Motif #7
total sequences 391
A	[ 115.0	74.0	0.0	0.0	391.0	-0.0	0.0	0.0	388.0	0.0	114.0	61.0	62.0	]
C	[ 41.0	207.0	0.0	0.0	-0.0	82.0	18.0	391.0	1.0	210.0	165.0	96.0	132.0	]
G	[ 97.0	83.0	-0.0	347.0	0.0	309.0	-0.0	-0.0	2.0	7.0	4.0	81.0	81.0	]
T	[ 138.0	27.0	391.0	44.0	0.0	-0.0	373.0	0.0	0.0	174.0	108.0	153.0	116.0	]
Motif #8
total sequences 339
A	[ 123.0	0.0	328.0	280.0	339.0	7.0	58.0	234.0	89.0	233.0	58.0	96.0	]
C	[ 0.0	10.0	8.0	0.0	0.0	-0.0	0.0	7.0	189.0	13.0	74.0	131.0	]
G	[ 188.0	235.0	3.0	59.0	0.0	0.0	275.0	46.0	18.0	0.0	154.0	1.0	]
T	[ 28.0	94.0	0.0	0.0	0.0	332.0	6.0	52.0	43.0	93.0	53.0	111.0	]
Motif #9
total sequences 243
A	[ 53.0	15.0	57.0	-0.0	-0.0	-0.0	0.0	0.0	5.0	0.0	23.0	27.0	43.0	-0.0	69.0	]
C	[ -0.0	12.0	60.0	65.0	-0.0	-0.0	202.0	243.0	-0.0	17.0	0.0	27.0	-0.0	73.0	46.0	]
G	[ 71.0	97.0	126.0	0.0	-0.0	-0.0	36.0	0.0	5.0	184.0	23.0	115.0	56.0	84.0	19.0	]
T	[ 119.0	119.0	-0.0	178.0	243.0	243.0	5.0	-0.0	233.0	42.0	197.0	74.0	144.0	86.0	109.0	]
Motif #10
total sequences 215
A	[ 58.0	123.0	215.0	180.0	-0.0	0.0	192.0	0.0	210.0	26.0	49.0	120.0	]
C	[ 111.0	63.0	-0.0	35.0	215.0	215.0	21.0	209.0	-0.0	0.0	97.0	55.0	]
G	[ 9.0	-0.0	0.0	0.0	0.0	-0.0	2.0	-0.0	-0.0	148.0	48.0	21.0	]
T	[ 37.0	29.0	-0.0	-0.0	-0.0	-0.0	0.0	6.0	5.0	41.0	21.0	19.0	]
Motif #11
total sequences 211
A	[ 18.0	19.0	21.0	21.0	202.0	0.0	-0.0	53.0	17.0	30.0	68.0	30.0	211.0	1.0	-0.0	72.0	28.0	69.0	]
C	[ 65.0	91.0	43.0	3.0	-0.0	-0.0	211.0	5.0	62.0	70.0	20.0	98.0	0.0	6.0	210.0	0.0	82.0	60.0	]
G	[ 47.0	50.0	0.0	0.0	9.0	1.0	0.0	5.0	47.0	43.0	17.0	60.0	-0.0	13.0	-0.0	-0.0	88.0	25.0	]
T	[ 81.0	51.0	147.0	187.0	-0.0	210.0	-0.0	148.0	85.0	68.0	106.0	23.0	0.0	191.0	1.0	139.0	13.0	57.0	]
Motif #12
total sequences 211
A	[ 46.0	46.0	35.0	4.0	1.0	2.0	0.0	9.0	211.0	-0.0	0.0	29.0	-0.0	]
C	[ 68.0	57.0	23.0	0.0	40.0	163.0	-0.0	2.0	0.0	-0.0	211.0	-0.0	80.0	]
G	[ 55.0	35.0	67.0	20.0	122.0	18.0	0.0	-0.0	0.0	-0.0	0.0	0.0	78.0	]
T	[ 42.0	73.0	86.0	187.0	48.0	28.0	211.0	200.0	0.0	211.0	-0.0	182.0	53.0	]
Motif #13
total sequences 205
A	[ 55.0	50.0	38.0	3.0	18.0	0.0	-0.0	-0.0	-0.0	9.0	-0.0	-0.0	12.0	44.0	0.0	38.0	]
C	[ 36.0	41.0	21.0	109.0	46.0	88.0	-0.0	31.0	4.0	13.0	1.0	14.0	9.0	3.0	140.0	89.0	]
G	[ 25.0	41.0	52.0	59.0	0.0	57.0	0.0	174.0	0.0	183.0	204.0	0.0	0.0	15.0	50.0	0.0	]
T	[ 89.0	73.0	94.0	34.0	141.0	60.0	205.0	0.0	201.0	0.0	0.0	191.0	184.0	143.0	15.0	78.0	]
Motif #14
total sequences 204
A	[ 52.0	168.0	0.0	3.0	170.0	61.0	6.0	1.0	2.0	11.0	-0.0	29.0	]
C	[ 94.0	16.0	0.0	10.0	24.0	-0.0	-0.0	1.0	-0.0	-0.0	46.0	53.0	]
G	[ 52.0	0.0	204.0	191.0	10.0	0.0	198.0	0.0	202.0	185.0	33.0	21.0	]
T	[ 6.0	20.0	0.0	0.0	0.0	143.0	-0.0	202.0	-0.0	8.0	125.0	101.0	]
Motif #15
total sequences 116
A	[ 36.0	60.0	16.0	-0.0	0.0	-0.0	6.0	6.0	97.0	-0.0	-0.0	-0.0	]
C	[ -0.0	34.0	0.0	116.0	-0.0	3.0	37.0	94.0	18.0	1.0	106.0	-0.0	]
G	[ -0.0	-0.0	16.0	-0.0	-0.0	64.0	-0.0	0.0	-0.0	-0.0	8.0	-0.0	]
T	[ 80.0	22.0	84.0	-0.0	116.0	49.0	73.0	16.0	1.0	115.0	2.0	116.0	]
Motif #16
total sequences 92
A	[ 91.0	82.0	76.0	0.0	91.0	92.0	77.0	0.0	92.0	92.0	87.0	43.0	]
C	[ 0.0	0.0	14.0	67.0	0.0	0.0	0.0	71.0	0.0	0.0	5.0	49.0	]
G	[ 1.0	10.0	0.0	0.0	1.0	0.0	15.0	0.0	0.0	0.0	0.0	0.0	]
T	[ 0.0	0.0	2.0	25.0	0.0	0.0	0.0	21.0	0.0	0.0	0.0	0.0	]
Motif #17
total sequences 90
A	[ 11.0	0.0	0.0	1.0	0.0	37.0	0.0	0.0	0.0	28.0	0.0	0.0	3.0	7.0	]
C	[ 29.0	43.0	0.0	89.0	90.0	53.0	38.0	90.0	0.0	0.0	23.0	4.0	0.0	9.0	]
G	[ 43.0	0.0	90.0	0.0	0.0	0.0	0.0	0.0	0.0	48.0	67.0	0.0	87.0	54.0	]
T	[ 7.0	47.0	0.0	0.0	0.0	0.0	52.0	0.0	90.0	14.0	0.0	86.0	0.0	20.0	]
Motif #18
total sequences 45
A	[ 11.0	22.0	45.0	35.0	20.0	40.0	-0.0	44.0	45.0	45.0	1.0	41.0	]
C	[ 23.0	0.0	-0.0	-0.0	-0.0	-0.0	27.0	-0.0	-0.0	-0.0	19.0	-0.0	]
G	[ 2.0	-0.0	-0.0	10.0	17.0	5.0	-0.0	-0.0	-0.0	-0.0	21.0	4.0	]
T	[ 9.0	23.0	-0.0	-0.0	8.0	-0.0	18.0	1.0	-0.0	-0.0	4.0	-0.0	]
Motif #19
total sequences 35
A	[ 35.0	35.0	4.0	18.0	34.0	35.0	0.0	25.0	32.0	10.0	0.0	35.0	]
C	[ -0.0	-0.0	-0.0	15.0	-0.0	-0.0	12.0	10.0	-0.0	-0.0	-0.0	-0.0	]
G	[ -0.0	-0.0	21.0	2.0	-0.0	-0.0	-0.0	-0.0	1.0	8.0	34.0	0.0	]
T	[ -0.0	-0.0	10.0	-0.0	1.0	-0.0	23.0	-0.0	2.0	17.0	1.0	-0.0	]
Motif #1; total sequences 2463; NNNNacTTCCTNtNN / NNaNAGGAAgtNNNN
Motif #2; total sequences 1421; tNTTATCtNNNNNNNNN / NNNNNNNNNaGATAANa
Motif #3; total sequences 1024; tKTggtTTNNNttttN / NaaaaNNNAAaccAMa
Motif #4; total sequences 565; gggNgGGGGtgGGGNg / cNCCCcaCCCCcNccc
Motif #5; total sequences 556; NNNNNaGATNNttATCt / aGATaaNNATCtNNNNN
Motif #6; total sequences 528; NaGATgttATCtN / NaGATaacATCtN
Motif #7; total sequences 391; NcTGAgTCAcNNN / NNNgTGAcTCAgN
Motif #8; total sequences 339; ggAAATGacaNN / NNtgtCATTTcc
Motif #9; total sequences 243; NNgtTTCCTgTNtNN / NNaNAcAGGAAacNN
Motif #10; total sequences 215; caAACCACAgNa / tNcTGTGGTTtg
Motif #11; total sequences 211; NNtTATCtNNtNATCtNN / NNaGATNaNNaGATAaNN
Motif #12; total sequences 211; NNNTgcTTATCTN / NAGATAAgcANNN
Motif #13; total sequences 205; NNNctNTGTGGTTtcN / NgaAACCACANagNNN
Motif #14; total sequences 204; NAGGAtGTGGtN / NaCCACaTCCTN
Motif #15; total sequences 116; tatCTgtCATCT / AGATGacAGata
Motif #16; total sequences 92; AAAcAAAcAAAc / gTTTgTTTgTTT
Motif #17; total sequences 90; NtGCCctCTggTGg / cCAccAGagGGCaN
Motif #18; total sequences 45; ctAaNAcAAANA / TNTTTgTNtTag
Motif #19; total sequences 35; AAgaAAtaANGA / TCNTtaTTtcTT

Full posterior for run 2 is 49049.077305
