Number of sequences: 2054
Number of programs: 6
Number of motifs: 10
Motif widths: 12 17 13 23 12 19 25 30 16 15 
Program 1: total 1450
 motif #1: 1450 of 1450 (0.999931 posterior)
 motif #2: 190 of 1450 (0.131085 posterior)
 motif #3: 148 of 1450 (0.102124 posterior)
 motif #4: 14 of 1450 (0.009723 posterior)
 motif #5: 71 of 1450 (0.049028 posterior)
 motif #6: 92 of 1450 (0.063508 posterior)
 motif #7: 119 of 1450 (0.082127 posterior)
 motif #8: 53 of 1450 (0.036616 posterior)
 motif #9: 50 of 1450 (0.034547 posterior)
 motif #10: 24 of 1450 (0.016618 posterior)

Program 2: total 277

Program 3: total 183
 motif #3: 24 of 183 (0.131550 posterior)
 motif #4: 183 of 183 (0.999454 posterior)
 motif #6: 27 of 183 (0.147926 posterior)
 motif #7: 2 of 183 (0.011463 posterior)
 motif #8: 5 of 183 (0.027838 posterior)
 motif #10: 6 of 183 (0.033297 posterior)

Program 4: total 106
 motif #2: 16 of 106 (0.151601 posterior)
 motif #3: 22 of 106 (0.208098 posterior)
 motif #4: 8 of 106 (0.076271 posterior)
 motif #5: 106 of 106 (0.999058 posterior)
 motif #8: 2 of 106 (0.019774 posterior)

Program 5: total 29
 motif #2: 3 of 29 (0.106164 posterior)
 motif #3: 10 of 29 (0.345890 posterior)
 motif #6: 29 of 29 (0.996575 posterior)
 motif #7: 3 of 29 (0.106164 posterior)
 motif #10: 3 of 29 (0.106164 posterior)

Program 6: total 9
 motif #3: 4 of 9 (0.445652 posterior)
 motif #9: 5 of 9 (0.554348 posterior)
 motif #10: 1 of 9 (0.119565 posterior)

Motif #1
total sequences 1450
A	[ 612.0	252.0	714.0	202.0	72.0	148.0	83.0	195.0	1442.0	0.0	0.0	363.0	]
C	[ 175.0	247.0	176.0	188.0	335.0	540.0	254.0	63.0	-0.0	25.0	1296.0	11.0	]
G	[ 151.0	685.0	215.0	99.0	277.0	339.0	25.0	-0.0	8.0	0.0	0.0	0.0	]
T	[ 512.0	266.0	345.0	961.0	766.0	423.0	1088.0	1192.0	-0.0	1425.0	154.0	1076.0	]
Motif #2
total sequences 209
A	[ 33.0	67.0	51.0	73.0	51.0	54.0	19.0	48.0	154.0	0.0	0.0	-0.0	-0.0	0.0	-0.0	-0.0	22.0	]
C	[ 59.0	38.0	65.0	59.0	48.0	69.0	107.0	108.0	15.0	134.0	-0.0	0.0	207.0	209.0	-0.0	59.0	34.0	]
G	[ 35.0	48.0	41.0	10.0	42.0	26.0	2.0	13.0	26.0	0.0	0.0	3.0	2.0	0.0	0.0	147.0	13.0	]
T	[ 82.0	56.0	52.0	67.0	68.0	60.0	81.0	40.0	14.0	75.0	209.0	206.0	0.0	0.0	209.0	3.0	140.0	]
Motif #3
total sequences 208
A	[ 44.0	74.0	99.0	151.0	190.0	174.0	0.0	0.0	204.0	0.0	207.0	77.0	72.0	]
C	[ 43.0	51.0	50.0	30.0	3.0	34.0	208.0	208.0	0.0	208.0	0.0	13.0	74.0	]
G	[ 32.0	37.0	43.0	0.0	15.0	0.0	0.0	0.0	0.0	0.0	0.0	88.0	41.0	]
T	[ 89.0	46.0	16.0	27.0	0.0	0.0	0.0	0.0	4.0	0.0	1.0	30.0	21.0	]
Motif #4
total sequences 205
A	[ 97.0	80.0	62.0	109.0	93.0	141.0	46.0	176.0	27.0	20.0	170.0	152.0	48.0	59.0	50.0	66.0	70.0	60.0	69.0	47.0	71.0	62.0	59.0	]
C	[ 22.0	29.0	0.0	4.0	17.0	-0.0	70.0	-0.0	-0.0	3.0	20.0	-0.0	-0.0	-0.0	20.0	13.0	11.0	0.0	-0.0	13.0	-0.0	8.0	35.0	]
G	[ 41.0	72.0	101.0	74.0	85.0	64.0	74.0	29.0	177.0	182.0	15.0	27.0	157.0	63.0	130.0	107.0	91.0	115.0	103.0	106.0	102.0	118.0	94.0	]
T	[ 45.0	24.0	42.0	18.0	10.0	-0.0	15.0	-0.0	1.0	-0.0	-0.0	26.0	-0.0	83.0	5.0	19.0	33.0	30.0	33.0	39.0	32.0	17.0	17.0	]
Motif #5
total sequences 177
A	[ 134.0	1.0	168.0	0.0	0.0	1.0	4.0	177.0	1.0	0.0	65.0	21.0	]
C	[ 5.0	0.0	0.0	0.0	85.0	32.0	4.0	0.0	0.0	175.0	0.0	52.0	]
G	[ 0.0	176.0	9.0	0.0	67.0	10.0	0.0	0.0	0.0	0.0	6.0	61.0	]
T	[ 38.0	0.0	0.0	177.0	25.0	134.0	169.0	0.0	176.0	2.0	106.0	43.0	]
Motif #6
total sequences 148
A	[ 26.0	23.0	4.0	16.0	148.0	0.0	0.0	27.0	20.0	17.0	43.0	50.0	31.0	148.0	2.0	0.0	54.0	28.0	34.0	]
C	[ 34.0	56.0	31.0	0.0	0.0	0.0	148.0	0.0	51.0	55.0	46.0	23.0	67.0	0.0	0.0	148.0	0.0	36.0	47.0	]
G	[ 24.0	36.0	4.0	0.0	0.0	0.0	0.0	4.0	36.0	13.0	30.0	30.0	47.0	0.0	4.0	0.0	0.0	43.0	28.0	]
T	[ 64.0	33.0	109.0	132.0	0.0	148.0	0.0	117.0	41.0	63.0	29.0	45.0	3.0	0.0	142.0	0.0	94.0	41.0	39.0	]
Motif #7
total sequences 124
A	[ 26.0	28.0	23.0	15.0	14.0	9.0	11.0	13.0	3.0	29.0	34.0	10.0	1.0	12.0	0.0	42.0	36.0	16.0	19.0	30.0	17.0	85.0	3.0	11.0	39.0	]
C	[ 54.0	48.0	49.0	42.0	64.0	90.0	97.0	75.0	94.0	59.0	56.0	91.0	123.0	108.0	106.0	55.0	67.0	108.0	99.0	91.0	107.0	20.0	45.0	81.0	54.0	]
G	[ 22.0	17.0	19.0	-0.0	14.0	-0.0	0.0	6.0	8.0	15.0	2.0	5.0	0.0	0.0	0.0	8.0	8.0	0.0	0.0	0.0	0.0	-0.0	51.0	14.0	-0.0	]
T	[ 22.0	31.0	33.0	67.0	32.0	25.0	16.0	30.0	19.0	21.0	32.0	18.0	0.0	4.0	18.0	19.0	13.0	0.0	6.0	3.0	0.0	19.0	25.0	18.0	31.0	]
Motif #8
total sequences 60
A	[ 17.0	11.0	7.0	2.0	7.0	7.0	0.0	5.0	4.0	4.0	0.0	5.0	0.0	0.0	7.0	0.0	4.0	0.0	0.0	0.0	0.0	2.0	0.0	0.0	0.0	-0.0	-0.0	0.0	10.0	10.0	]
C	[ 7.0	0.0	8.0	2.0	6.0	0.0	3.0	0.0	5.0	-0.0	0.0	0.0	0.0	2.0	0.0	0.0	0.0	2.0	2.0	0.0	0.0	1.0	3.0	-0.0	0.0	0.0	0.0	8.0	6.0	10.0	]
G	[ 23.0	21.0	12.0	20.0	11.0	21.0	17.0	18.0	19.0	24.0	9.0	5.0	28.0	12.0	7.0	11.0	31.0	31.0	1.0	0.0	11.0	22.0	24.0	8.0	1.0	6.0	11.0	3.0	7.0	9.0	]
T	[ 13.0	28.0	33.0	36.0	36.0	32.0	40.0	37.0	32.0	32.0	51.0	50.0	32.0	46.0	46.0	49.0	25.0	27.0	57.0	60.0	49.0	35.0	33.0	52.0	59.0	54.0	49.0	49.0	37.0	31.0	]
Motif #9
total sequences 55
A	[ 24.0	32.0	21.0	7.0	55.0	12.0	42.0	38.0	48.0	1.0	11.0	55.0	42.0	18.0	4.0	14.0	]
C	[ 13.0	1.0	7.0	21.0	0.0	0.0	13.0	17.0	7.0	54.0	44.0	0.0	2.0	9.0	0.0	19.0	]
G	[ 5.0	6.0	15.0	0.0	0.0	43.0	0.0	0.0	0.0	0.0	0.0	0.0	11.0	28.0	37.0	14.0	]
T	[ 13.0	16.0	12.0	27.0	0.0	0.0	0.0	0.0	0.0	0.0	0.0	0.0	0.0	0.0	14.0	8.0	]
Motif #10
total sequences 34
A	[ 8.0	-0.0	34.0	28.0	20.0	6.0	0.0	25.0	13.0	34.0	19.0	5.0	6.0	2.0	15.0	]
C	[ 10.0	32.0	0.0	0.0	0.0	25.0	34.0	9.0	21.0	0.0	0.0	-0.0	12.0	25.0	0.0	]
G	[ -0.0	2.0	0.0	0.0	14.0	1.0	0.0	0.0	0.0	-0.0	15.0	20.0	16.0	6.0	-0.0	]
T	[ 16.0	0.0	0.0	6.0	0.0	2.0	0.0	0.0	0.0	-0.0	-0.0	9.0	-0.0	1.0	19.0	]
Motif #1; total sequences 1450; NNNttNtTATCt / aGATAaNaaNNN
Motif #2; total sequences 209; NNNNNNccacTTCCTgt / acAGGAAgtggNNNNNN
Motif #3; total sequences 208; NNNaAACCACANN / NNTGTGGTTtNNN
Motif #4; total sequences 205; NNNaNaNAGGAagNggNgggNgN / NcNcccNccNctTCCTNtNtNNN
Motif #5; total sequences 177; aGATNtTATCtN / NaGATAaNATCt
Motif #6; total sequences 148; NNtTATCtNNNNNATCtNN / NNaGATNNNNNaGATAaNN
Motif #7; total sequences 124; NNNtcccccNNcCCCNcCccCaNcN / NgNtGggGgNGGGgNNgggggaNNN
Motif #8; total sequences 60; NNttttttttTTtttTggTTTttTTTTTtt / aaAAAAAaaAAAccAaaaAAaaaaaaaaNN
Motif #9; total sequences 55; NaNNAgaaACcAaggN / NcctTgGTttcTNNtN
Motif #10; total sequences 34; NCAAacCacAagNct / agNctTgtGgtTTGN

Full posterior for run 3 is 16819.315714
