Number of sequences: 1039
Number of programs: 5
Number of motifs: 10
Motif widths: 12 23 13 12 13 27 19 12 12 12 
Program 1: total 431
 motif #1: 136 of 431 (0.315631 posterior)
 motif #2: 269 of 431 (0.624072 posterior)
 motif #4: 1 of 431 (0.002551 posterior)
 motif #5: 69 of 431 (0.160250 posterior)
 motif #6: 100 of 431 (0.232143 posterior)
 motif #7: 38 of 431 (0.088358 posterior)
 motif #9: 9 of 431 (0.021104 posterior)
 motif #10: 17 of 431 (0.039657 posterior)

Program 2: total 207

Program 3: total 180
 motif #1: 63 of 180 (0.350166 posterior)
 motif #2: 7 of 180 (0.039401 posterior)
 motif #3: 180 of 180 (0.999445 posterior)
 motif #4: 2 of 180 (0.011654 posterior)
 motif #5: 55 of 180 (0.305771 posterior)
 motif #6: 37 of 180 (0.205882 posterior)
 motif #7: 25 of 180 (0.139290 posterior)
 motif #9: 2 of 180 (0.011654 posterior)

Program 4: total 159
 motif #1: 63 of 159 (0.396357 posterior)
 motif #4: 159 of 159 (0.999372 posterior)
 motif #5: 19 of 159 (0.119975 posterior)
 motif #6: 6 of 159 (0.038317 posterior)
 motif #7: 3 of 159 (0.019472 posterior)
 motif #9: 8 of 159 (0.050879 posterior)
 motif #10: 3 of 159 (0.019472 posterior)

Program 5: total 62
 motif #1: 20 of 62 (0.323151 posterior)
 motif #2: 6 of 62 (0.098071 posterior)
 motif #5: 15 of 62 (0.242765 posterior)
 motif #6: 9 of 62 (0.146302 posterior)
 motif #7: 1 of 62 (0.017685 posterior)
 motif #8: 62 of 62 (0.998392 posterior)
 motif #9: 5 of 62 (0.081994 posterior)
 motif #10: 1 of 62 (0.017685 posterior)

Motif #1
total sequences 282
A	[ 65.0	52.0	12.0	61.0	141.0	5.0	0.0	0.0	-0.0	1.0	-0.0	0.0	]
C	[ 83.0	113.0	170.0	135.0	44.0	164.0	18.0	2.0	276.0	280.0	0.0	81.0	]
G	[ 54.0	42.0	10.0	18.0	60.0	-0.0	-0.0	29.0	6.0	0.0	0.0	139.0	]
T	[ 80.0	75.0	90.0	68.0	37.0	113.0	264.0	251.0	-0.0	1.0	282.0	62.0	]
Motif #2
total sequences 282
A	[ 86.0	72.0	156.0	70.0	148.0	75.0	0.0	141.0	70.0	49.0	74.0	68.0	111.0	50.0	212.0	0.0	277.0	13.0	231.0	199.0	69.0	117.0	133.0	]
C	[ 44.0	61.0	30.0	11.0	35.0	16.0	51.0	30.0	48.0	52.0	50.0	60.0	15.0	73.0	-0.0	3.0	-0.0	32.0	-0.0	-0.0	72.0	49.0	38.0	]
G	[ 111.0	136.0	42.0	163.0	62.0	10.0	173.0	78.0	54.0	116.0	107.0	68.0	114.0	117.0	5.0	279.0	-0.0	-0.0	7.0	73.0	115.0	91.0	74.0	]
T	[ 41.0	13.0	54.0	38.0	37.0	181.0	58.0	33.0	110.0	65.0	51.0	86.0	42.0	42.0	65.0	-0.0	5.0	237.0	44.0	10.0	26.0	25.0	37.0	]
Motif #3
total sequences 180
A	[ 113.0	-0.0	173.0	0.0	2.0	22.0	3.0	30.0	178.0	-0.0	0.0	40.0	20.0	]
C	[ 15.0	8.0	2.0	0.0	69.0	79.0	37.0	2.0	0.0	-0.0	180.0	0.0	59.0	]
G	[ 0.0	172.0	2.0	0.0	58.0	44.0	6.0	0.0	2.0	0.0	0.0	3.0	62.0	]
T	[ 52.0	0.0	3.0	180.0	51.0	35.0	134.0	148.0	-0.0	180.0	-0.0	137.0	39.0	]
Motif #4
total sequences 162
A	[ 92.0	-0.0	150.0	0.0	129.0	110.0	11.0	151.0	17.0	-0.0	56.0	20.0	]
C	[ 5.0	0.0	1.0	0.0	-0.0	3.0	69.0	0.0	-0.0	144.0	0.0	43.0	]
G	[ 3.0	162.0	0.0	3.0	21.0	38.0	82.0	11.0	7.0	6.0	5.0	64.0	]
T	[ 62.0	0.0	11.0	159.0	12.0	11.0	-0.0	0.0	138.0	12.0	101.0	35.0	]
Motif #5
total sequences 158
A	[ 6.0	9.0	5.0	49.0	34.0	0.0	33.0	-0.0	0.0	62.0	34.0	13.0	29.0	]
C	[ 152.0	149.0	153.0	80.0	49.0	149.0	122.0	127.0	125.0	63.0	83.0	134.0	93.0	]
G	[ 0.0	0.0	0.0	7.0	32.0	9.0	0.0	0.0	2.0	1.0	17.0	-0.0	-0.0	]
T	[ 0.0	-0.0	-0.0	22.0	43.0	-0.0	3.0	31.0	31.0	32.0	24.0	11.0	36.0	]
Motif #6
total sequences 152
A	[ 31.0	41.0	15.0	35.0	18.0	14.0	26.0	17.0	33.0	32.0	24.0	0.0	40.0	2.0	4.0	54.0	9.0	-0.0	17.0	-0.0	18.0	42.0	31.0	0.0	38.0	32.0	30.0	]
C	[ 77.0	63.0	77.0	59.0	72.0	81.0	82.0	90.0	68.0	80.0	109.0	134.0	100.0	119.0	130.0	26.0	105.0	149.0	101.0	135.0	93.0	61.0	77.0	120.0	100.0	119.0	92.0	]
G	[ 16.0	13.0	29.0	19.0	18.0	1.0	0.0	24.0	7.0	25.0	0.0	2.0	12.0	5.0	0.0	21.0	11.0	-0.0	6.0	0.0	18.0	5.0	29.0	8.0	-0.0	1.0	5.0	]
T	[ 28.0	35.0	31.0	39.0	44.0	56.0	44.0	21.0	44.0	15.0	19.0	16.0	0.0	26.0	18.0	51.0	27.0	3.0	28.0	17.0	23.0	44.0	15.0	24.0	14.0	0.0	25.0	]
Motif #7
total sequences 67
A	[ 11.0	8.0	4.0	1.0	12.0	5.0	0.0	-0.0	0.0	0.0	1.0	0.0	0.0	-0.0	17.0	11.0	0.0	1.0	12.0	]
C	[ 9.0	-0.0	0.0	12.0	7.0	7.0	0.0	3.0	20.0	3.0	15.0	7.0	7.0	14.0	15.0	9.0	0.0	0.0	9.0	]
G	[ 7.0	0.0	0.0	24.0	11.0	1.0	0.0	11.0	2.0	-0.0	19.0	-0.0	-0.0	0.0	2.0	5.0	5.0	0.0	1.0	]
T	[ 40.0	59.0	63.0	30.0	37.0	54.0	67.0	53.0	45.0	64.0	32.0	60.0	60.0	53.0	33.0	42.0	62.0	66.0	45.0	]
Motif #8
total sequences 62
A	[ 0.0	61.0	2.0	0.0	13.0	3.0	15.0	21.0	13.0	62.0	-0.0	0.0	]
C	[ -0.0	1.0	0.0	59.0	2.0	26.0	20.0	9.0	26.0	-0.0	-0.0	62.0	]
G	[ 0.0	0.0	-0.0	0.0	1.0	12.0	7.0	10.0	23.0	-0.0	0.0	0.0	]
T	[ 62.0	-0.0	60.0	3.0	46.0	21.0	20.0	22.0	-0.0	0.0	62.0	0.0	]
Motif #9
total sequences 24
A	[ 24.0	-0.0	24.0	-0.0	24.0	-0.0	20.0	3.0	21.0	-0.0	24.0	-0.0	]
C	[ -0.0	24.0	-0.0	24.0	-0.0	19.0	4.0	19.0	-0.0	24.0	-0.0	24.0	]
G	[ -0.0	-0.0	-0.0	-0.0	-0.0	2.0	-0.0	-0.0	3.0	-0.0	-0.0	-0.0	]
T	[ -0.0	-0.0	-0.0	-0.0	-0.0	3.0	-0.0	2.0	-0.0	-0.0	-0.0	-0.0	]
Motif #10
total sequences 21
A	[ -0.0	14.0	-0.0	-0.0	10.0	11.0	-0.0	3.0	17.0	-0.0	0.0	5.0	]
C	[ -0.0	1.0	-0.0	5.0	6.0	-0.0	-0.0	-0.0	-0.0	-0.0	2.0	3.0	]
G	[ 6.0	6.0	-0.0	16.0	-0.0	10.0	21.0	0.0	4.0	21.0	19.0	0.0	]
T	[ 15.0	0.0	21.0	-0.0	5.0	0.0	0.0	18.0	0.0	0.0	0.0	13.0	]
Motif #1; total sequences 282; NNcNNcTTCCTN / NAGGAAgNNgNN
Motif #2; total sequences 282; NNagatgNNNNNNNaGATAaNNN / NNNtTATCtNNNNNNNcatctNN
Motif #3; total sequences 180; aGATNNtTATCtN / NaGATAaNNATCt
Motif #4; total sequences 162; aGATaagATCtN / NaGATcttATCt
Motif #5; total sequences 158; CCCcNCcCcNcCc / gGgNgGgGNgGGG
Motif #6; total sequences 152; cNcNNcccNccCccCNcCcCcNccccc / gggggNgGgGgNGggGggNgggNNgNg
Motif #7; total sequences 67; tTTNtTTttTNTTtNtTTt / aAAaNaAANAaaAAaNAAa
Motif #8; total sequences 62; TATCtNNNNATC / GATNNNNaGATA
Motif #9; total sequences 24; ACACAcAcACAC / GTGTgTgTGTGT
Motif #10; total sequences 21; taTgNaGTaGGt / aCCtACtNcAta

Full posterior for run 7 is 9144.723222
