1	chr1:20897671-20898254	3	-227	NA	NA	NA	324	NA	NA	
2	chr1:23487160-23488639	1	NA	NA	NA	NA	NA	NA	193	
3	chr1:24566603-24569405	1	NA	NA	1934	NA	NA	NA	420	
4	chr1:36864939-36865549	1	NA	357	-34	-278	NA	NA	NA	
5	chr1:40419842-40420980	3	-536	NA	NA	-904	NA	NA	NA	
6	chr1:51393030-51393679	2	NA	NA	NA	NA	NA	NA	NA	
7	chr1:51538255-51538850	2	NA	NA	NA	NA	NA	NA	NA	
8	chr1:63599505-63600306	1	NA	-346	NA	NA	NA	NA	NA	
9	chr1:80092639-80093456	3	449	NA	NA	-425	NA	NA	NA	
10	chr1:81169061-81169940	1	NA	NA	764	NA	NA	NA	NA	
11	chr1:90306610-90307201	1	NA	NA	NA	556	NA	-450	NA	
12	chr1:120138586-120139086	3	398	NA	NA	NA	NA	NA	NA	
13	chr1:132907236-132907871	2	NA	NA	NA	NA	NA	NA	NA	
14	chr1:133031701-133032548	3	515	NA	NA	329	-673	NA	NA	
15	chr1:134692915-134693672	1	NA	NA	NA	NA	NA	NA	79	
16	chr1:138416585-138417422	1	NA	-599	NA	NA	NA	NA	-299	
17	chr1:145768540-145769187	1	NA	NA	NA	NA	-210	NA	-248	
18	chr1:155141987-155142749	1	NA	NA	-50	NA	NA	NA	NA	
19	chr1:163507438-163508304	3	226	NA	NA	-585	NA	NA	NA	
20	chr1:167681556-167682229	2	NA	NA	NA	NA	NA	NA	NA	
21	chr1:175877427-175878443	1	NA	NA	-115	NA	888	NA	NA	
22	chr1:186554726-186555192	3	-205	NA	NA	NA	376	NA	NA	
23	chr1:192894188-192894901	3	438	NA	NA	NA	523	NA	NA	
24	chr10:13688877-13689651	3	346	NA	563	-738	NA	NA	NA	
25	chr10:19628484-19629258	3	-351	NA	NA	NA	-543	NA	NA	
26	chr10:26048076-26048757	2	NA	NA	NA	NA	NA	NA	NA	
27	chr10:39680230-39680917	2	NA	NA	NA	NA	NA	NA	NA	
28	chr10:79836617-79837582	3	510	NA	NA	120	NA	NA	NA	
29	chr10:80201629-80202126	1	NA	NA	NA	NA	-88	NA	NA	
30	chr10:80509162-80509451	2	NA	NA	NA	NA	NA	NA	NA	
31	chr10:80913080-80914050	3	489	NA	NA	NA	NA	NA	230	
32	chr10:92765660-92766028	3	223	NA	NA	NA	-40	NA	NA	
33	chr10:95507165-95507559	2	NA	NA	NA	NA	NA	NA	NA	
34	chr10:117575269-117576136	1	NA	425	NA	NA	NA	NA	NA	
35	chr10:127907437-127908080	3	293	NA	-386	NA	NA	NA	NA	
36	chr11:11463847-11464873	3	111	NA	NA	323	NA	NA	NA	
37	chr11:20148735-20149275	2	NA	NA	NA	NA	NA	NA	NA	
38	chr11:21002515-21003402	1	NA	NA	-162	NA	NA	NA	NA	
39	chr11:22592459-22593403	2	NA	NA	NA	NA	NA	NA	NA	
40	chr11:31570379-31571478	2	NA	NA	NA	NA	NA	NA	NA	
41	chr11:33838628-33839502	1	NA	-383	-843	358	27	NA	NA	
42	chr11:34011946-34012343	3	111	NA	NA	14	NA	NA	NA	
43	chr11:46232528-46233371	1	NA	NA	-502	NA	NA	NA	-125	
44	chr11:52157518-52158138	2	NA	NA	NA	NA	NA	NA	NA	
45	chr11:54710065-54710643	1	NA	NA	NA	352	-223	76	-417	
46	chr11:54975394-54975873	2	NA	NA	NA	NA	NA	NA	NA	
47	chr11:65610863-65611587	2	NA	NA	NA	NA	NA	NA	NA	
48	chr11:66907517-66907837	2	NA	NA	NA	NA	NA	NA	NA	
49	chr11:69182625-69183167	1	NA	NA	-128	NA	NA	NA	NA	
50	chr11:78352158-78353054	1	NA	NA	-216	NA	-9	NA	800	
51	chr11:82856905-82857744	2	NA	NA	NA	NA	NA	NA	NA	
52	chr11:87567616-87568360	3	-466	NA	-329	396	NA	NA	NA	
53	chr11:87575311-87576385	3	-716	NA	NA	NA	625	NA	NA	
54	chr11:94407912-94408440	2	NA	NA	NA	NA	NA	NA	NA	
55	chr11:98285951-98286753	3	-499	NA	NA	464	NA	NA	NA	
56	chr11:98303628-98304127	1	NA	-250	NA	NA	NA	383	NA	
57	chr11:99016186-99016820	1	NA	NA	264	NA	NA	NA	NA	
58	chr11:108726757-108727516	1	NA	NA	NA	387	-292	174	NA	
59	chr11:108827597-108828258	2	NA	NA	NA	NA	NA	NA	NA	
60	chr11:110214719-110215313	3	-327	NA	NA	NA	NA	NA	NA	
61	chr12:3109876-3110267	2	NA	NA	NA	NA	NA	NA	NA	
62	chr12:21697626-21698281	3	377	NA	NA	571	-157	NA	NA	
63	chr12:74516842-74517755	1	NA	-405	NA	-99	-878	-519	NA	
64	chr12:74611051-74611820	1	NA	NA	-489	580	-178	NA	NA	
65	chr12:85110891-85111217	2	NA	NA	NA	NA	NA	NA	NA	
66	chr12:85662394-85663104	2	NA	NA	NA	NA	NA	NA	NA	
67	chr12:87833977-87834760	2	NA	NA	NA	NA	NA	NA	NA	
68	chr12:101395027-101395767	1	NA	361	340	NA	297	NA	NA	
69	chr12:103732184-103733079	1	NA	95	NA	NA	NA	NA	NA	
70	chr12:111185530-111186215	2	NA	NA	NA	NA	NA	NA	NA	
71	chr12:116670716-116671691	2	NA	NA	NA	NA	NA	NA	NA	
72	chr12:116696429-116697160	1	NA	NA	NA	NA	NA	NA	96	
73	chr13:6452426-6453172	3	-434	NA	526	NA	NA	NA	NA	
74	chr13:34871906-34872409	1	NA	-144	NA	NA	NA	NA	NA	
75	chr13:36815339-36816442	1	NA	-447	NA	NA	NA	NA	93	
76	chr13:42311565-42312103	1	NA	NA	NA	NA	462	-345	NA	
77	chr13:51779697-51780541	2	NA	NA	NA	NA	NA	NA	NA	
78	chr13:51982514-51983079	3	-348	NA	NA	NA	452	NA	NA	
79	chr13:63334054-63334722	1	NA	524	NA	NA	NA	NA	NA	
80	chr13:85599706-85600597	2	NA	NA	NA	NA	NA	NA	NA	
81	chr13:98291101-98291428	2	NA	NA	NA	NA	NA	NA	NA	
82	chr13:114700773-114701501	3	220	NA	185	NA	575	NA	NA	
83	chr14:39187378-39187979	2	NA	NA	NA	NA	NA	NA	NA	
84	chr14:53185159-53186012	1	NA	-422	257	780	NA	NA	NA	
85	chr14:54557679-54558308	2	NA	NA	NA	NA	NA	NA	NA	
86	chr14:61072465-61073256	3	722	NA	NA	NA	NA	NA	NA	
87	chr14:61881997-61882684	3	309	NA	-247	NA	-624	NA	NA	
88	chr14:64284388-64285040	2	NA	NA	NA	NA	NA	NA	NA	
89	chr14:85972789-85973327	2	NA	NA	NA	NA	NA	NA	NA	
90	chr15:5393222-5393977	3	514	NA	-301	NA	NA	NA	NA	
91	chr15:9605852-9606768	1	NA	-353	NA	NA	NA	NA	NA	
92	chr15:62592966-62593637	2	NA	NA	NA	NA	NA	NA	NA	
93	chr15:63993065-63993580	1	NA	292	NA	NA	332	65	NA	
94	chr15:66337449-66338120	2	NA	NA	NA	NA	NA	NA	NA	
95	chr15:74913207-74914442	1	NA	NA	950	NA	-451	-804	NA	
96	chr15:77798192-77798626	3	-233	NA	NA	169	NA	NA	NA	
97	chr15:78321935-78322773	1	NA	-496	NA	NA	NA	NA	59	
98	chr15:85217626-85218190	3	312	NA	-159	NA	NA	NA	NA	
99	chr15:97200981-97201852	2	NA	NA	NA	NA	NA	NA	NA	
100	chr15:98820398-98820814	3	231	NA	NA	-384	NA	NA	NA	
101	chr16:4498946-4499528	1	NA	215	NA	NA	NA	-304	NA	
102	chr16:5308541-5309404	1	NA	-275	NA	NA	NA	NA	198	
103	chr16:22346867-22347825	1	NA	NA	-757	NA	NA	NA	813	
104	chr16:36396194-36396562	2	NA	NA	NA	NA	NA	NA	NA	
105	chr16:44611240-44611788	2	NA	NA	NA	NA	NA	NA	NA	
106	chr16:48705868-48706443	2	NA	NA	NA	NA	NA	NA	NA	
107	chr16:52000683-52001866	3	683	NA	NA	NA	NA	NA	NA	
108	chr16:76237355-76237591	2	NA	NA	NA	NA	NA	NA	NA	
109	chr16:76431954-76432667	3	-368	NA	-386	244	NA	NA	NA	
110	chr16:84595380-84596017	2	NA	NA	NA	NA	NA	NA	NA	
111	chr16:89724342-89725127	3	350	NA	280	NA	-392	NA	NA	
112	chr16:89861897-89862591	1	NA	NA	NA	NA	NA	-646	NA	
113	chr17:7013440-7014049	3	213	NA	NA	NA	-140	NA	NA	
114	chr17:8089621-8090408	3	-63	NA	NA	NA	NA	NA	NA	
115	chr17:24911700-24912500	3	327	NA	NA	NA	568	NA	NA	
116	chr17:28339999-28340883	1	NA	-590	NA	NA	NA	NA	89	
117	chr17:28463477-28463989	1	NA	NA	NA	NA	NA	471	NA	
118	chr17:35631650-35632237	2	NA	NA	NA	NA	NA	NA	NA	
119	chr17:35839180-35839776	1	NA	NA	-577	NA	-227	523	NA	
120	chr17:39450927-39457022	1	NA	NA	NA	NA	NA	NA	2	
121	chr17:50873139-50873988	3	439	NA	NA	NA	609	NA	NA	
122	chr17:51627199-51628395	3	491	NA	NA	1007	NA	NA	NA	
123	chr17:56745210-56746144	3	502	NA	NA	369	NA	NA	NA	
124	chr17:70877881-70878757	3	762	NA	NA	NA	-383	NA	NA	
125	chr17:83220692-83221326	3	289	NA	-373	120	NA	NA	NA	
126	chr17:84024265-84024986	1	NA	-457	NA	NA	NA	NA	NA	
127	chr18:3005202-3006082	1	NA	-445	515	NA	-24	NA	NA	
128	chr18:39208843-39209539	2	NA	NA	NA	NA	NA	NA	NA	
129	chr18:40433910-40434388	1	NA	NA	NA	196	NA	NA	69	
130	chr18:75447304-75448028	1	NA	394	NA	NA	636	NA	NA	
131	chr18:75502743-75503477	1	NA	-285	NA	NA	-478	-129	NA	
132	chr18:82355522-82355995	2	NA	NA	NA	NA	NA	NA	NA	
133	chr18:89340229-89341162	1	NA	-452	NA	NA	NA	NA	NA	
134	chr19:4119455-4120306	1	NA	-379	436	-349	396	NA	NA	
135	chr19:4878447-4879352	2	NA	NA	NA	NA	NA	NA	NA	
136	chr19:33432275-33433175	3	-617	NA	NA	NA	NA	-215	NA	
137	chr19:59455157-59455890	1	NA	344	NA	549	NA	NA	NA	
138	chr2:11534585-11535092	2	NA	NA	NA	NA	NA	NA	NA	
139	chr2:26575280-26576001	2	NA	NA	NA	NA	NA	NA	NA	
140	chr2:30416593-30417348	2	NA	NA	NA	NA	NA	NA	NA	
141	chr2:32317221-32317640	1	NA	210	NA	242	NA	-145	NA	
142	chr2:32516115-32516586	2	NA	NA	NA	NA	NA	NA	NA	
143	chr2:35803851-35804358	2	NA	NA	NA	NA	NA	NA	NA	
144	chr2:37593767-37594274	1	NA	NA	-432	NA	NA	NA	NA	
145	chr2:38293709-38294207	2	NA	NA	NA	NA	NA	NA	NA	
146	chr2:65845877-65846273	2	NA	NA	NA	NA	NA	NA	NA	
147	chr2:70675780-70676704	1	NA	NA	391	NA	NA	NA	NA	
148	chr2:80262489-80263065	1	NA	-351	NA	-132	NA	NA	NA	
149	chr2:84579863-84580784	1	NA	NA	NA	NA	NA	-411	-688	
150	chr2:98462929-98463961	2	NA	NA	NA	NA	NA	NA	NA	
151	chr2:98466950-98468313	2	NA	NA	NA	NA	NA	NA	NA	
152	chr2:104326422-104326932	2	NA	NA	NA	NA	NA	NA	NA	
153	chr2:117034052-117034623	1	NA	332	NA	NA	NA	NA	NA	
154	chr2:118942201-118942891	3	-268	NA	NA	NA	NA	NA	NA	
155	chr2:118979737-118980443	2	NA	NA	NA	NA	NA	NA	NA	
156	chr2:153217149-153217865	1	NA	248	NA	324	NA	NA	NA	
157	chr2:157258762-157259369	1	NA	119	NA	-30	NA	NA	NA	
158	chr2:158100548-158101312	2	NA	NA	NA	NA	NA	NA	NA	
159	chr2:167578972-167579448	1	NA	-278	NA	NA	NA	NA	NA	
160	chr2:170194522-170195043	3	-276	NA	NA	NA	NA	NA	NA	
161	chr2:181846625-181847434	3	672	NA	NA	-765	NA	NA	NA	
162	chr3:52966229-52966809	3	-238	NA	166	NA	NA	NA	NA	
163	chr3:56663271-56663681	2	NA	NA	NA	NA	NA	NA	NA	
164	chr3:89958063-89958718	3	270	NA	NA	NA	-166	NA	NA	
165	chr3:96665260-96666201	3	-134	NA	NA	426	NA	NA	NA	
166	chr3:107924572-107925196	3	-257	NA	NA	NA	NA	NA	NA	
167	chr3:109324309-109324904	1	NA	NA	NA	NA	NA	NA	228	
168	chr3:126826614-126827447	1	NA	NA	377	NA	NA	473	NA	
169	chr3:127755015-127755843	2	NA	NA	NA	NA	NA	NA	NA	
170	chr3:136680046-136680862	2	NA	NA	NA	NA	NA	NA	NA	
171	chr4:16090973-16091493	1	NA	NA	NA	NA	430	NA	NA	
172	chr4:32616412-32617225	3	338	NA	NA	NA	NA	NA	NA	
173	chr4:63984012-63984382	2	NA	NA	NA	NA	NA	NA	NA	
174	chr4:69864482-69864755	2	NA	NA	NA	NA	NA	NA	NA	
175	chr4:87505686-87506215	1	NA	-151	NA	NA	NA	NA	NA	
176	chr4:100665417-100666293	1	NA	NA	NA	NA	NA	NA	-662	
177	chr4:102209371-102210241	1	NA	NA	NA	NA	NA	NA	-264	
178	chr4:116975974-116976664	1	NA	NA	480	612	NA	NA	NA	
179	chr4:120483941-120484702	3	-336	NA	NA	NA	NA	NA	NA	
180	chr4:125605762-125606487	1	NA	387	NA	NA	532	26	NA	
181	chr4:135332186-135332481	3	143	NA	NA	NA	NA	NA	NA	
182	chr5:2999879-3002720	2	NA	NA	NA	NA	NA	NA	NA	
183	chr5:20922938-20923479	2	NA	NA	NA	NA	NA	NA	NA	
184	chr5:65614599-65614890	2	NA	NA	NA	NA	NA	NA	NA	
185	chr5:72451736-72452199	2	NA	NA	NA	NA	NA	NA	NA	
186	chr5:99739819-99740642	2	NA	NA	NA	NA	NA	NA	NA	
187	chr5:105925213-105925733	1	NA	-213	187	NA	NA	NA	NA	
188	chr5:107535406-107536158	1	NA	NA	NA	NA	NA	NA	500	
189	chr5:111080072-111080554	3	-417	NA	NA	NA	189	NA	NA	
190	chr5:113931504-113932117	2	NA	NA	NA	NA	NA	NA	NA	
191	chr5:114900498-114900854	2	NA	NA	NA	NA	NA	NA	NA	
192	chr5:138017044-138017774	3	360	NA	389	-337	401	NA	NA	
193	chr5:138887064-138887932	1	NA	NA	-614	NA	NA	NA	NA	
194	chr5:139635703-139636371	1	NA	-284	NA	NA	NA	NA	NA	
195	chr5:146564914-146565732	2	NA	NA	NA	NA	NA	NA	NA	
196	chr6:22299145-22300111	1	NA	-591	NA	NA	NA	NA	220	
197	chr6:41483560-41484175	1	NA	NA	-602	NA	NA	507	NA	
198	chr6:50346312-50347226	1	NA	680	NA	-475	NA	-180	NA	
199	chr6:82887059-82887868	1	NA	-614	267	NA	NA	NA	NA	
200	chr6:87507541-87508280	2	NA	NA	NA	NA	NA	NA	NA	
201	chr6:98957869-98958615	1	NA	NA	NA	NA	-681	-562	352	
202	chr6:103614677-103615208	2	NA	NA	NA	NA	NA	NA	NA	
203	chr6:124715721-124716488	3	510	NA	NA	NA	NA	NA	NA	
204	chr6:140582661-140583333	1	NA	263	NA	NA	NA	NA	NA	
205	chr6:142874566-142875347	2	NA	NA	NA	NA	NA	NA	NA	
206	chr6:143448247-143448538	1	NA	-162	NA	NA	NA	NA	NA	
207	chr6:144627485-144628192	1	NA	-638	261	NA	NA	-588	NA	
208	chr7:15107437-15108187	1	NA	NA	461	NA	NA	NA	NA	
209	chr7:27642021-27642590	3	331	NA	NA	NA	NA	NA	NA	
210	chr7:28091616-28092165	2	NA	NA	NA	NA	NA	NA	NA	
211	chr7:28843157-28843775	3	399	NA	NA	-385	517	NA	NA	
212	chr7:45378170-45378868	2	NA	NA	NA	NA	NA	NA	NA	
213	chr7:45459955-45460620	1	NA	NA	-401	NA	NA	418	NA	
214	chr7:67944245-67944875	2	NA	NA	NA	NA	NA	NA	NA	
215	chr7:89882241-89882812	3	-318	NA	NA	284	NA	NA	NA	
216	chr7:110223126-110223883	2	NA	NA	NA	NA	NA	NA	NA	
217	chr7:114270709-114271789	1	NA	-479	NA	74	NA	513	-675	
218	chr7:125263193-125263754	3	-389	NA	NA	424	NA	NA	NA	
219	chr8:18863700-18864409	3	365	NA	NA	NA	NA	NA	NA	
220	chr8:24560844-24561472	2	NA	NA	NA	NA	NA	NA	NA	
221	chr8:26739623-26740148	2	NA	NA	NA	NA	NA	NA	NA	
222	chr8:27119284-27120036	1	NA	NA	NA	-68	NA	NA	614	
223	chr8:37662390-37663098	1	NA	443	386	NA	NA	483	NA	
224	chr8:73602383-73603191	3	-321	NA	272	NA	NA	NA	NA	
225	chr8:108155588-108156379	1	NA	NA	NA	NA	NA	-418	NA	
226	chr8:114482228-114482870	3	-433	NA	NA	NA	NA	NA	NA	
227	chr8:118271658-118272375	3	349	NA	NA	NA	NA	NA	NA	
228	chr8:125169965-125171088	1	NA	NA	NA	NA	1065	-256	NA	
229	chr8:127608056-127608718	3	361	NA	NA	-491	NA	NA	NA	
230	chr8:130848661-130849522	1	NA	NA	-846	NA	NA	NA	NA	
231	chr9:21199954-21200829	2	NA	NA	NA	NA	NA	NA	NA	
232	chr9:24292320-24292667	2	NA	NA	NA	NA	NA	NA	NA	
233	chr9:32810190-32811196	3	-525	NA	NA	NA	44	NA	NA	
234	chr9:35054745-35055295	2	NA	NA	NA	NA	NA	NA	NA	
235	chr9:44288655-44289439	2	NA	NA	NA	NA	NA	NA	NA	
236	chr9:57664560-57665271	1	NA	NA	NA	NA	219	NA	NA	
237	chr9:60796844-60797427	1	NA	NA	NA	NA	540	-215	NA	
238	chr9:63518829-63519421	1	NA	192	531	-160	NA	NA	NA	
239	chr9:63536164-63536742	2	NA	NA	NA	NA	NA	NA	NA	
240	chr9:66718328-66718862	2	NA	NA	NA	NA	NA	NA	NA	
241	chr9:68833530-68834353	1	NA	448	NA	172	NA	NA	NA	
242	chr9:72264394-72264682	1	NA	NA	140	NA	NA	NA	NA	
243	chr9:75195785-75196662	1	NA	-443	527	NA	398	NA	NA	
244	chr9:85210246-85211249	1	NA	NA	981	NA	NA	NA	NA	
245	chr9:100331404-100331968	3	219	NA	NA	-118	NA	NA	NA	
246	chr9:107136568-107137167	1	NA	-298	NA	267	NA	NA	NA	
247	chr9:107147611-107148252	2	NA	NA	NA	NA	NA	NA	NA	
248	chr9:110530301-110530814	1	NA	230	NA	NA	NA	NA	NA	
249	chr9:119592533-119593099	2	NA	NA	NA	NA	NA	NA	NA	
250	chr9:119879098-119879479	2	NA	NA	NA	NA	NA	NA	NA	
251	chr9:119923130-119923715	2	NA	NA	NA	NA	NA	NA	NA	
252	chr9:119940332-119941120	1	NA	-708	NA	NA	NA	NA	-767	
253	chr9:120006807-120007177	2	NA	NA	NA	NA	NA	NA	NA	
254	chrX:38587943-38588780	3	-424	NA	NA	NA	-121	NA	NA	
255	chrX:73676122-73676707	2	NA	NA	NA	NA	NA	NA	NA	
256	chrX:98234436-98235044	1	NA	-443	NA	-500	NA	NA	NA	
257	chrX:138729250-138729574	2	NA	NA	NA	NA	NA	NA	NA	
