Number of sequences: 1286
Number of programs: 3
Number of motifs: 11
Motif widths: 14 12 12 12 12 12 13 16 13 12 12 
Program 1: total 734
 motif #1: 539 of 734 (0.734269 posterior)
 motif #3: 107 of 734 (0.145873 posterior)
 motif #4: 151 of 734 (0.205802 posterior)
 motif #5: 58 of 734 (0.079134 posterior)
 motif #6: 62 of 734 (0.084582 posterior)
 motif #7: 54 of 734 (0.073686 posterior)
 motif #8: 39 of 734 (0.053255 posterior)
 motif #9: 36 of 734 (0.049169 posterior)
 motif #10: 32 of 734 (0.043721 posterior)
 motif #11: 19 of 734 (0.026015 posterior)

Program 2: total 366

Program 3: total 186
 motif #1: 5 of 186 (0.027390 posterior)
 motif #2: 186 of 186 (0.999463 posterior)
 motif #3: 62 of 186 (0.333512 posterior)
 motif #5: 17 of 186 (0.091837 posterior)
 motif #6: 12 of 186 (0.064984 posterior)
 motif #7: 17 of 186 (0.091837 posterior)
 motif #10: 3 of 186 (0.016649 posterior)
 motif #11: 9 of 186 (0.048872 posterior)

Motif #1
total sequences 544
A	[ 202.0	154.0	224.0	138.0	198.0	110.0	348.0	219.0	345.0	-0.0	280.0	398.0	148.0	256.0	]
C	[ 46.0	52.0	1.0	33.0	-0.0	147.0	52.0	3.0	-0.0	10.0	-0.0	-0.0	114.0	84.0	]
G	[ 165.0	243.0	206.0	300.0	346.0	227.0	43.0	322.0	172.0	262.0	264.0	146.0	281.0	170.0	]
T	[ 131.0	95.0	113.0	73.0	-0.0	60.0	101.0	-0.0	27.0	272.0	-0.0	-0.0	1.0	34.0	]
Motif #2
total sequences 186
A	[ 116.0	1.0	185.0	0.0	163.0	139.0	21.0	47.0	178.0	4.0	0.0	68.0	]
C	[ 8.0	0.0	0.0	0.0	-0.0	6.0	61.0	57.0	1.0	0.0	186.0	5.0	]
G	[ 1.0	185.0	0.0	0.0	0.0	33.0	82.0	72.0	2.0	0.0	-0.0	7.0	]
T	[ 61.0	0.0	1.0	186.0	23.0	8.0	22.0	10.0	5.0	182.0	0.0	106.0	]
Motif #3
total sequences 169
A	[ 31.0	25.0	24.0	113.0	-0.0	15.0	-0.0	0.0	-0.0	-0.0	-0.0	-0.0	]
C	[ 63.0	83.0	90.0	22.0	132.0	-0.0	1.0	166.0	169.0	-0.0	20.0	57.0	]
G	[ 35.0	-0.0	29.0	18.0	-0.0	0.0	-0.0	3.0	-0.0	10.0	105.0	14.0	]
T	[ 40.0	61.0	26.0	16.0	37.0	154.0	168.0	0.0	-0.0	159.0	44.0	98.0	]
Motif #4
total sequences 151
A	[ 33.0	81.0	-0.0	133.0	-0.0	3.0	-0.0	20.0	151.0	-0.0	-0.0	66.0	]
C	[ 50.0	11.0	0.0	5.0	-0.0	50.0	25.0	-0.0	-0.0	-0.0	151.0	0.0	]
G	[ 40.0	-0.0	150.0	0.0	2.0	65.0	17.0	0.0	-0.0	0.0	-0.0	5.0	]
T	[ 28.0	59.0	1.0	13.0	149.0	33.0	109.0	131.0	-0.0	151.0	0.0	80.0	]
Motif #5
total sequences 75
A	[ 40.0	8.0	13.0	51.0	75.0	75.0	0.0	6.0	63.0	24.0	68.0	16.0	]
C	[ -0.0	6.0	12.0	17.0	-0.0	0.0	75.0	69.0	3.0	51.0	7.0	0.0	]
G	[ 21.0	47.0	50.0	3.0	-0.0	0.0	0.0	0.0	9.0	0.0	0.0	43.0	]
T	[ 14.0	14.0	0.0	4.0	-0.0	-0.0	-0.0	-0.0	-0.0	-0.0	-0.0	16.0	]
Motif #6
total sequences 74
A	[ 17.0	20.0	19.0	-0.0	3.0	-0.0	-0.0	56.0	-0.0	-0.0	1.0	4.0	]
C	[ 55.0	28.0	26.0	74.0	71.0	68.0	74.0	3.0	71.0	72.0	72.0	70.0	]
G	[ 2.0	-0.0	19.0	-0.0	-0.0	-0.0	-0.0	0.0	3.0	-0.0	-0.0	-0.0	]
T	[ -0.0	26.0	10.0	-0.0	-0.0	6.0	0.0	15.0	-0.0	2.0	1.0	-0.0	]
Motif #7
total sequences 71
A	[ 15.0	26.0	8.0	37.0	2.0	-0.0	65.0	2.0	2.0	7.0	62.0	16.0	22.0	]
C	[ 15.0	16.0	-0.0	-0.0	0.0	-0.0	-0.0	69.0	0.0	64.0	0.0	16.0	23.0	]
G	[ 41.0	14.0	35.0	31.0	-0.0	71.0	6.0	0.0	-0.0	-0.0	6.0	26.0	6.0	]
T	[ -0.0	15.0	28.0	3.0	69.0	-0.0	0.0	-0.0	69.0	-0.0	3.0	13.0	20.0	]
Motif #8
total sequences 39
A	[ 37.0	2.0	34.0	0.0	0.0	15.0	15.0	16.0	30.0	0.0	39.0	0.0	38.0	29.0	8.0	8.0	]
C	[ 0.0	-0.0	2.0	0.0	13.0	15.0	7.0	8.0	4.0	0.0	0.0	1.0	0.0	-0.0	9.0	6.0	]
G	[ 1.0	36.0	0.0	-0.0	22.0	6.0	4.0	13.0	0.0	39.0	0.0	0.0	0.0	10.0	22.0	22.0	]
T	[ 1.0	1.0	3.0	39.0	4.0	3.0	13.0	2.0	5.0	0.0	0.0	38.0	1.0	0.0	0.0	3.0	]
Motif #9
total sequences 36
A	[ 7.0	35.0	-0.0	0.0	22.0	0.0	30.0	0.0	33.0	34.0	0.0	11.0	8.0	]
C	[ 9.0	-0.0	-0.0	32.0	0.0	0.0	6.0	-0.0	0.0	0.0	13.0	10.0	16.0	]
G	[ 17.0	-0.0	-0.0	0.0	0.0	36.0	0.0	-0.0	-0.0	2.0	23.0	14.0	12.0	]
T	[ 3.0	1.0	36.0	4.0	14.0	0.0	0.0	36.0	3.0	0.0	-0.0	1.0	-0.0	]
Motif #10
total sequences 35
A	[ 35.0	32.0	35.0	34.0	10.0	19.0	35.0	34.0	35.0	-0.0	13.0	34.0	]
C	[ -0.0	3.0	-0.0	-0.0	16.0	9.0	-0.0	-0.0	-0.0	28.0	6.0	1.0	]
G	[ 0.0	0.0	-0.0	1.0	-0.0	7.0	-0.0	-0.0	-0.0	6.0	3.0	0.0	]
T	[ -0.0	-0.0	0.0	-0.0	9.0	-0.0	0.0	1.0	-0.0	1.0	13.0	0.0	]
Motif #11
total sequences 28
A	[ -0.0	28.0	-0.0	10.0	-0.0	-0.0	-0.0	-0.0	1.0	3.0	4.0	-0.0	]
C	[ 28.0	-0.0	28.0	-0.0	0.0	28.0	28.0	-0.0	20.0	8.0	3.0	28.0	]
G	[ -0.0	-0.0	-0.0	-0.0	5.0	-0.0	-0.0	-0.0	-0.0	-0.0	2.0	-0.0	]
T	[ -0.0	-0.0	-0.0	18.0	23.0	-0.0	-0.0	28.0	7.0	17.0	19.0	-0.0	]
Motif #1; total sequences 544; NNNggNagaKaagN / NcttMtctNccNNN
Motif #2; total sequences 186; aGATAaNNATCt / aGATNNtTATCt
Motif #3; total sequences 169; NNcacTTCCTgt / acAGGAAgtgNN
Motif #4; total sequences 151; NaGATNtTATCt / aGATAaNATCtN
Motif #5; total sequences 75; aggaAACCAcAg / cTgTGGTTtcct
Motif #6; total sequences 74; cNNCCCCaCCCC / GGGGtGGGGNNg
Motif #7; total sequences 71; gNNaTGACTCANN / NNTGAGTCAtNNc
Motif #8; total sequences 39; AGATgNNNaGATAagg / cctTATCtNNNcATCT
Motif #9; total sequences 36; NATCaGATAAgNN / NNcTTATCtGATN
Motif #10; total sequences 35; AAAANaAAAcNA / TNgTTTtNTTTT
Motif #11; total sequences 28; CACtTCCTcttC / GaagAGGAaGTG

Full posterior for run 0 is 7994.274502
