1	chr1:20897671-20898254	1	-12	NA	
2	chr1:24566603-24569405	2	NA	NA	
3	chr1:36864939-36865549	2	NA	NA	
4	chr1:40419842-40420980	1	-69	NA	
5	chr1:51538255-51538850	2	NA	NA	
6	chr1:63599505-63600306	2	NA	NA	
7	chr1:80092639-80093456	1	141	NA	
8	chr1:81169061-81169940	2	NA	NA	
9	chr1:90306610-90307201	2	NA	NA	
10	chr1:120138586-120139086	2	NA	NA	
11	chr1:132907236-132907871	2	NA	NA	
12	chr1:133031701-133032548	1	-94	NA	
13	chr1:134692915-134693672	1	-85	NA	
14	chr1:138416585-138417422	3	NA	73	
15	chr1:145768540-145769187	2	NA	NA	
16	chr1:155141987-155142749	1	57	NA	
17	chr1:163507438-163508304	3	NA	-166	
18	chr1:167681556-167682229	1	5	NA	
19	chr1:175877427-175878443	1	54	NA	
20	chr1:186554726-186555192	1	-74	NA	
21	chr1:192894188-192894901	1	182	NA	
22	chr10:13688877-13689651	1	59	NA	
23	chr10:19628484-19629258	2	NA	NA	
24	chr10:26048076-26048757	1	135	NA	
25	chr10:39680230-39680917	1	-187	NA	
26	chr10:79836617-79837582	1	128	NA	
27	chr10:80201629-80202126	2	NA	NA	
28	chr10:80509162-80509451	2	NA	NA	
29	chr10:80913080-80914050	2	NA	NA	
30	chr10:92765660-92766028	1	139	NA	
31	chr10:95507165-95507559	2	NA	NA	
32	chr10:117575269-117576136	1	-93	NA	
33	chr10:127907437-127908080	1	72	NA	
34	chr11:11463847-11464873	1	-106	NA	
35	chr11:20148735-20149275	1	6	NA	
36	chr11:21002515-21003402	2	NA	NA	
37	chr11:22592459-22593403	3	NA	15	
38	chr11:31570379-31571478	2	NA	NA	
39	chr11:33838628-33839502	2	NA	NA	
40	chr11:34011946-34012343	1	13	NA	
41	chr11:46232528-46233371	1	-110	NA	
42	chr11:52157518-52158138	3	NA	-65	
43	chr11:54710065-54710643	1	-52	NA	
44	chr11:65610863-65611587	2	NA	NA	
45	chr11:69182625-69183167	1	-60	NA	
46	chr11:78352158-78353054	2	NA	NA	
47	chr11:82856905-82857744	2	NA	NA	
48	chr11:87567616-87568360	2	NA	NA	
49	chr11:87575311-87576385	2	NA	NA	
50	chr11:94407912-94408440	2	NA	NA	
51	chr11:98285951-98286753	3	NA	-86	
52	chr11:98303628-98304127	1	101	NA	
53	chr11:99016186-99016820	2	NA	NA	
54	chr11:108726757-108727516	1	-152	NA	
55	chr11:110214719-110215313	3	-132	47	
56	chr12:3109876-3110267	2	NA	NA	
57	chr12:21697626-21698281	1	150	NA	
58	chr12:74516842-74517755	3	NA	-162	
59	chr12:74611051-74611820	1	42	NA	
60	chr12:85110891-85111217	2	NA	NA	
61	chr12:85662394-85663104	1	19	NA	
62	chr12:87833977-87834760	2	NA	NA	
63	chr12:101395027-101395767	1	-92	NA	
64	chr12:103732184-103733079	1	-75	NA	
65	chr12:111185530-111186215	1	96	NA	
66	chr12:116670716-116671691	2	NA	NA	
67	chr12:116696429-116697160	1	116	NA	
68	chr13:6452426-6453172	1	-163	NA	
69	chr13:34871906-34872409	3	NA	4	
70	chr13:36815339-36816442	2	NA	NA	
71	chr13:42311565-42312103	1	156	NA	
72	chr13:51779697-51780541	2	NA	NA	
73	chr13:51982514-51983079	1	-168	NA	
74	chr13:63334054-63334722	1	107	NA	
75	chr13:85599706-85600597	2	NA	NA	
76	chr13:98291101-98291428	2	NA	NA	
77	chr13:114700773-114701501	2	NA	NA	
78	chr14:53185159-53186012	1	96	NA	
79	chr14:54557679-54558308	1	154	NA	
80	chr14:61072465-61073256	1	-111	NA	
81	chr14:61881997-61882684	1	66	NA	
82	chr14:64284388-64285040	1	-130	NA	
83	chr14:85972789-85973327	2	NA	NA	
84	chr15:5393222-5393977	2	NA	NA	
85	chr15:9605852-9606768	2	NA	NA	
86	chr15:62592966-62593637	1	-47	NA	
87	chr15:63993065-63993580	1	-136	NA	
88	chr15:66337449-66338120	2	NA	NA	
89	chr15:74913207-74914442	2	NA	NA	
90	chr15:77798192-77798626	1	-118	NA	
91	chr15:78321935-78322773	1	177	NA	
92	chr15:85217626-85218190	1	130	NA	
93	chr15:97200981-97201852	1	-78	NA	
94	chr15:98820398-98820814	1	123	NA	
95	chr16:4498946-4499528	2	NA	NA	
96	chr16:5308541-5309404	3	NA	-58	
97	chr16:22346867-22347825	1	-16	NA	
98	chr16:36396194-36396562	2	NA	NA	
99	chr16:44611240-44611788	2	NA	NA	
100	chr16:48705868-48706443	1	-98	NA	
101	chr16:52000683-52001866	2	NA	NA	
102	chr16:76237355-76237591	2	NA	NA	
103	chr16:76431954-76432667	1	-114	NA	
104	chr16:84595380-84596017	2	NA	NA	
105	chr16:89724342-89725127	1	58	NA	
106	chr16:89861897-89862591	3	NA	63	
107	chr17:7013440-7014049	1	-111	NA	
108	chr17:8089621-8090408	2	NA	NA	
109	chr17:24911700-24912500	3	27	-9	
110	chr17:28339999-28340883	1	-51	NA	
111	chr17:28463477-28463989	1	-125	NA	
112	chr17:35631650-35632237	2	NA	NA	
113	chr17:35839180-35839776	3	NA	-9	
114	chr17:39450927-39457022	2	NA	NA	
115	chr17:50873139-50873988	1	115	NA	
116	chr17:51627199-51628395	2	NA	NA	
117	chr17:56745210-56746144	1	135	NA	
118	chr17:70877881-70878757	1	-70	NA	
119	chr17:83220692-83221326	1	72	NA	
120	chr17:84024265-84024986	2	NA	NA	
121	chr18:3005202-3006082	2	NA	NA	
122	chr18:40433910-40434388	2	NA	NA	
123	chr18:75447304-75448028	1	-150	NA	
124	chr18:75502743-75503477	1	18	NA	
125	chr18:82355522-82355995	2	NA	NA	
126	chr18:89340229-89341162	1	86	NA	
127	chr19:4119455-4120306	1	54	NA	
128	chr19:4878447-4879352	2	NA	NA	
129	chr19:33432275-33433175	3	NA	-104	
130	chr19:59455157-59455890	2	NA	NA	
131	chr2:11534585-11535092	1	-179	NA	
132	chr2:26575280-26576001	1	5	NA	
133	chr2:30416593-30417348	2	NA	NA	
134	chr2:32317221-32317640	1	78	NA	
135	chr2:32516115-32516586	1	-10	NA	
136	chr2:35803851-35804358	3	76	-179	
137	chr2:37593767-37594274	2	NA	NA	
138	chr2:38293709-38294207	1	-118	NA	
139	chr2:65845877-65846273	1	-71	NA	
140	chr2:70675780-70676704	2	NA	NA	
141	chr2:80262489-80263065	3	NA	172	
142	chr2:84579863-84580784	3	NA	-50	
143	chr2:104326422-104326932	2	NA	NA	
144	chr2:117034052-117034623	1	-148	NA	
145	chr2:118942201-118942891	1	-25	NA	
146	chr2:118979737-118980443	2	NA	NA	
147	chr2:153217149-153217865	2	NA	NA	
148	chr2:157258762-157259369	2	NA	NA	
149	chr2:158100548-158101312	2	NA	NA	
150	chr2:167578972-167579448	1	140	NA	
151	chr2:170194522-170195043	1	-118	NA	
152	chr2:181846625-181847434	2	NA	NA	
153	chr3:52966229-52966809	1	-50	NA	
154	chr3:89958063-89958718	1	43	NA	
155	chr3:96665260-96666201	1	-41	NA	
156	chr3:107924572-107925196	3	NA	-36	
157	chr3:109324309-109324904	1	75	NA	
158	chr3:126826614-126827447	1	100	NA	
159	chr3:127755015-127755843	2	NA	NA	
160	chr3:136680046-136680862	3	NA	-24	
161	chr4:16090973-16091493	2	NA	NA	
162	chr4:32616412-32617225	1	32	NA	
163	chr4:69864482-69864755	2	NA	NA	
164	chr4:87505686-87506215	1	-64	NA	
165	chr4:102209371-102210241	1	108	NA	
166	chr4:116975974-116976664	3	NA	-60	
167	chr4:120483941-120484702	1	-58	NA	
168	chr4:125605762-125606487	1	-126	NA	
169	chr4:135332186-135332481	1	96	NA	
170	chr5:20922938-20923479	1	-150	NA	
171	chr5:65614599-65614890	1	-69	NA	
172	chr5:72451736-72452199	2	NA	NA	
173	chr5:99739819-99740642	2	NA	NA	
174	chr5:105925213-105925733	2	NA	NA	
175	chr5:107535406-107536158	1	-122	NA	
176	chr5:111080072-111080554	2	NA	NA	
177	chr5:114900498-114900854	1	48	NA	
178	chr5:138017044-138017774	1	95	NA	
179	chr5:138887064-138887932	1	-77	NA	
180	chr5:139635703-139636371	1	50	NA	
181	chr6:22299145-22300111	2	NA	NA	
182	chr6:41483560-41484175	1	92	NA	
183	chr6:50346312-50347226	3	NA	-174	
184	chr6:82887059-82887868	2	NA	NA	
185	chr6:87507541-87508280	2	NA	NA	
186	chr6:98957869-98958615	2	NA	NA	
187	chr6:124715721-124716488	2	NA	NA	
188	chr6:140582661-140583333	1	-151	NA	
189	chr6:143448247-143448538	2	NA	NA	
190	chr6:144627485-144628192	1	-24	NA	
191	chr7:15107437-15108187	1	65	NA	
192	chr7:27642021-27642590	1	147	NA	
193	chr7:28091616-28092165	1	-124	NA	
194	chr7:28843157-28843775	2	NA	NA	
195	chr7:45378170-45378868	1	-124	NA	
196	chr7:45459955-45460620	2	NA	NA	
197	chr7:89882241-89882812	1	145	NA	
198	chr7:110223126-110223883	1	-181	NA	
199	chr7:114270709-114271789	1	-142	NA	
200	chr7:125263193-125263754	3	NA	134	
201	chr8:18863700-18864409	1	111	NA	
202	chr8:27119284-27120036	2	NA	NA	
203	chr8:37662390-37663098	2	NA	NA	
204	chr8:73602383-73603191	1	-19	NA	
205	chr8:108155588-108156379	3	NA	-122	
206	chr8:114482228-114482870	2	NA	NA	
207	chr8:118271658-118272375	1	91	NA	
208	chr8:125169965-125171088	2	NA	NA	
209	chr8:127608056-127608718	1	130	NA	
210	chr8:130848661-130849522	2	NA	NA	
211	chr9:21199954-21200829	2	NA	NA	
212	chr9:24292320-24292667	2	NA	NA	
213	chr9:32810190-32811196	1	-124	NA	
214	chr9:44288655-44289439	2	NA	NA	
215	chr9:57664560-57665271	2	NA	NA	
216	chr9:60796844-60797427	2	NA	NA	
217	chr9:63518829-63519421	2	NA	NA	
218	chr9:63536164-63536742	2	NA	NA	
219	chr9:66718328-66718862	1	166	NA	
220	chr9:68833530-68834353	2	NA	NA	
221	chr9:72264394-72264682	1	111	NA	
222	chr9:75195785-75196662	1	105	NA	
223	chr9:85210246-85211249	1	-142	NA	
224	chr9:100331404-100331968	1	37	NA	
225	chr9:107136568-107137167	2	NA	NA	
226	chr9:107147611-107148252	2	NA	NA	
227	chr9:110530301-110530814	1	-75	NA	
228	chr9:119592533-119593099	2	NA	NA	
229	chr9:119879098-119879479	2	NA	NA	
230	chr9:119923130-119923715	1	-33	NA	
231	chr9:119940332-119941120	2	NA	NA	
232	chr9:120006807-120007177	1	-105	NA	
233	chrX:38587943-38588780	1	-108	NA	
234	chrX:73676122-73676707	1	87	NA	
235	chrX:98234436-98235044	3	NA	-67	
236	chrX:138729250-138729574	2	NA	NA	
