1	chr1:20897671-20898254	2	NA	-36	
2	chr1:24566603-24569405	1	NA	NA	
3	chr1:36864939-36865549	3	20	NA	
4	chr1:40419842-40420980	2	NA	-67	
5	chr1:51538255-51538850	1	NA	NA	
6	chr1:63599505-63600306	1	NA	NA	
7	chr1:80092639-80093456	2	96	141	
8	chr1:81169061-81169940	1	NA	NA	
9	chr1:90306610-90307201	3	33	NA	
10	chr1:120138586-120139086	1	NA	NA	
11	chr1:132907236-132907871	1	NA	NA	
12	chr1:133031701-133032548	3	-175	NA	
13	chr1:134692915-134693672	1	NA	NA	
14	chr1:138416585-138417422	1	NA	NA	
15	chr1:145768540-145769187	1	NA	NA	
16	chr1:155141987-155142749	1	NA	NA	
17	chr1:163507438-163508304	1	NA	NA	
18	chr1:167681556-167682229	3	36	NA	
19	chr1:175877427-175878443	1	NA	NA	
20	chr1:186554726-186555192	2	NA	-72	
21	chr1:192894188-192894901	2	NA	182	
22	chr10:13688877-13689651	2	85	59	
23	chr10:19628484-19629258	3	116	NA	
24	chr10:26048076-26048757	1	NA	NA	
25	chr10:39680230-39680917	1	NA	NA	
26	chr10:79836617-79837582	2	NA	128	
27	chr10:80201629-80202126	2	NA	69	
28	chr10:80509162-80509451	3	79	NA	
29	chr10:80913080-80914050	2	-69	104	
30	chr10:92765660-92766028	2	176	139	
31	chr10:95507165-95507559	1	NA	NA	
32	chr10:117575269-117576136	1	NA	NA	
33	chr10:127907437-127908080	2	-164	72	
34	chr11:11463847-11464873	1	NA	NA	
35	chr11:20148735-20149275	3	-26	NA	
36	chr11:21002515-21003402	1	NA	NA	
37	chr11:22592459-22593403	1	NA	NA	
38	chr11:31570379-31571478	1	NA	NA	
39	chr11:33838628-33839502	2	NA	-149	
40	chr11:34011946-34012343	2	NA	13	
41	chr11:46232528-46233371	3	61	NA	
42	chr11:52157518-52158138	1	NA	NA	
43	chr11:54710065-54710643	1	NA	NA	
44	chr11:65610863-65611587	1	NA	NA	
45	chr11:69182625-69183167	2	NA	-58	
46	chr11:78352158-78353054	1	NA	NA	
47	chr11:82856905-82857744	1	NA	NA	
48	chr11:87567616-87568360	1	NA	NA	
49	chr11:87575311-87576385	1	NA	NA	
50	chr11:94407912-94408440	1	NA	NA	
51	chr11:98285951-98286753	3	23	NA	
52	chr11:98303628-98304127	1	NA	NA	
53	chr11:99016186-99016820	3	-32	NA	
54	chr11:108726757-108727516	1	77	-150	
55	chr11:110214719-110215313	2	NA	-130	
56	chr12:3109876-3110267	1	NA	NA	
57	chr12:21697626-21698281	3	-109	NA	
58	chr12:74516842-74517755	2	NA	-68	
59	chr12:74611051-74611820	1	NA	NA	
60	chr12:85110891-85111217	1	NA	NA	
61	chr12:85662394-85663104	1	NA	NA	
62	chr12:87833977-87834760	1	NA	NA	
63	chr12:101395027-101395767	1	NA	NA	
64	chr12:103732184-103733079	1	NA	NA	
65	chr12:111185530-111186215	1	NA	NA	
66	chr12:116670716-116671691	1	NA	NA	
67	chr12:116696429-116697160	3	129	NA	
68	chr13:6452426-6453172	2	NA	-161	
69	chr13:34871906-34872409	1	NA	NA	
70	chr13:36815339-36816442	1	NA	NA	
71	chr13:42311565-42312103	1	NA	156	
72	chr13:51779697-51780541	3	144	NA	
73	chr13:51982514-51983079	2	-61	-166	
74	chr13:63334054-63334722	1	NA	NA	
75	chr13:85599706-85600597	1	NA	NA	
76	chr13:98291101-98291428	3	NA	NA	
77	chr13:114700773-114701501	3	-29	NA	
78	chr14:53185159-53186012	1	NA	NA	
79	chr14:54557679-54558308	3	-45	NA	
80	chr14:61072465-61073256	3	105	NA	
81	chr14:61881997-61882684	2	-87	66	
82	chr14:64284388-64285040	1	NA	NA	
83	chr14:85972789-85973327	1	NA	NA	
84	chr15:5393222-5393977	1	NA	NA	
85	chr15:9605852-9606768	1	NA	NA	
86	chr15:62592966-62593637	2	NA	-45	
87	chr15:63993065-63993580	1	NA	NA	
88	chr15:66337449-66338120	1	NA	NA	
89	chr15:74913207-74914442	1	NA	NA	
90	chr15:77798192-77798626	2	NA	-116	
91	chr15:78321935-78322773	1	NA	NA	
92	chr15:85217626-85218190	2	NA	130	
93	chr15:97200981-97201852	3	NA	NA	
94	chr15:98820398-98820814	2	NA	123	
95	chr16:4498946-4499528	3	109	NA	
96	chr16:5308541-5309404	1	NA	NA	
97	chr16:22346867-22347825	1	NA	NA	
98	chr16:36396194-36396562	3	-34	NA	
99	chr16:44611240-44611788	1	NA	NA	
100	chr16:48705868-48706443	2	NA	-96	
101	chr16:52000683-52001866	1	NA	NA	
102	chr16:76237355-76237591	1	NA	NA	
103	chr16:76431954-76432667	2	NA	-112	
104	chr16:84595380-84596017	1	NA	NA	
105	chr16:89724342-89725127	2	NA	58	
106	chr16:89861897-89862591	1	NA	NA	
107	chr17:7013440-7014049	3	-100	NA	
108	chr17:8089621-8090408	2	NA	84	
109	chr17:24911700-24912500	2	69	27	
110	chr17:28339999-28340883	2	NA	-49	
111	chr17:28463477-28463989	1	NA	NA	
112	chr17:35631650-35632237	1	NA	NA	
113	chr17:35839180-35839776	1	NA	NA	
114	chr17:39450927-39457022	1	NA	NA	
115	chr17:50873139-50873988	2	NA	115	
116	chr17:51627199-51628395	1	NA	NA	
117	chr17:56745210-56746144	2	NA	135	
118	chr17:70877881-70878757	3	-173	NA	
119	chr17:83220692-83221326	2	-155	72	
120	chr17:84024265-84024986	1	NA	NA	
121	chr18:3005202-3006082	1	NA	NA	
122	chr18:40433910-40434388	1	NA	NA	
123	chr18:75447304-75448028	1	-3	NA	
124	chr18:75502743-75503477	3	47	NA	
125	chr18:82355522-82355995	1	NA	NA	
126	chr18:89340229-89341162	1	NA	NA	
127	chr19:4119455-4120306	3	112	NA	
128	chr19:4878447-4879352	2	-157	-119	
129	chr19:33432275-33433175	1	NA	NA	
130	chr19:59455157-59455890	3	58	NA	
131	chr2:11534585-11535092	1	NA	NA	
132	chr2:26575280-26576001	1	NA	NA	
133	chr2:30416593-30417348	1	NA	NA	
134	chr2:32317221-32317640	1	NA	NA	
135	chr2:32516115-32516586	2	NA	-8	
136	chr2:35803851-35804358	2	NA	76	
137	chr2:37593767-37594274	1	NA	NA	
138	chr2:38293709-38294207	1	NA	NA	
139	chr2:65845877-65846273	1	NA	NA	
140	chr2:70675780-70676704	3	30	NA	
141	chr2:80262489-80263065	1	NA	NA	
142	chr2:84579863-84580784	1	NA	NA	
143	chr2:104326422-104326932	1	NA	NA	
144	chr2:117034052-117034623	3	165	NA	
145	chr2:118942201-118942891	2	NA	-23	
146	chr2:118979737-118980443	1	NA	NA	
147	chr2:153217149-153217865	1	NA	NA	
148	chr2:157258762-157259369	3	80	NA	
149	chr2:158100548-158101312	2	NA	0	
150	chr2:167578972-167579448	1	NA	NA	
151	chr2:170194522-170195043	2	NA	-116	
152	chr2:181846625-181847434	1	NA	NA	
153	chr3:52966229-52966809	2	-6	-48	
154	chr3:89958063-89958718	2	NA	43	
155	chr3:96665260-96666201	1	NA	NA	
156	chr3:107924572-107925196	2	NA	-45	
157	chr3:109324309-109324904	1	NA	NA	
158	chr3:126826614-126827447	2	62	100	
159	chr3:127755015-127755843	1	NA	NA	
160	chr3:136680046-136680862	3	-50	NA	
161	chr4:16090973-16091493	1	NA	NA	
162	chr4:32616412-32617225	2	NA	32	
163	chr4:69864482-69864755	1	NA	NA	
164	chr4:87505686-87506215	1	NA	NA	
165	chr4:102209371-102210241	1	NA	NA	
166	chr4:116975974-116976664	3	13	NA	
167	chr4:120483941-120484702	1	NA	NA	
168	chr4:125605762-125606487	3	-135	NA	
169	chr4:135332186-135332481	2	NA	96	
170	chr5:20922938-20923479	2	102	-148	
171	chr5:65614599-65614890	1	NA	NA	
172	chr5:72451736-72452199	1	NA	NA	
173	chr5:99739819-99740642	3	117	NA	
174	chr5:105925213-105925733	3	28	NA	
175	chr5:107535406-107536158	1	NA	NA	
176	chr5:111080072-111080554	3	29	NA	
177	chr5:114900498-114900854	2	NA	48	
178	chr5:138017044-138017774	2	NA	95	
179	chr5:138887064-138887932	1	NA	NA	
180	chr5:139635703-139636371	1	NA	NA	
181	chr6:22299145-22300111	3	26	NA	
182	chr6:41483560-41484175	1	NA	NA	
183	chr6:50346312-50347226	2	NA	21	
184	chr6:82887059-82887868	1	NA	NA	
185	chr6:87507541-87508280	1	NA	NA	
186	chr6:98957869-98958615	1	NA	NA	
187	chr6:124715721-124716488	1	NA	NA	
188	chr6:140582661-140583333	3	-170	NA	
189	chr6:143448247-143448538	3	186	NA	
190	chr6:144627485-144628192	2	9	-22	
191	chr7:15107437-15108187	3	187	NA	
192	chr7:27642021-27642590	2	125	147	
193	chr7:28091616-28092165	1	NA	NA	
194	chr7:28843157-28843775	1	NA	NA	
195	chr7:45378170-45378868	3	-179	NA	
196	chr7:45459955-45460620	2	-55	NA	
197	chr7:89882241-89882812	2	NA	-133	
198	chr7:110223126-110223883	2	NA	-179	
199	chr7:114270709-114271789	1	NA	NA	
200	chr7:125263193-125263754	1	NA	NA	
201	chr8:18863700-18864409	2	NA	111	
202	chr8:27119284-27120036	1	NA	NA	
203	chr8:37662390-37663098	3	133	NA	
204	chr8:73602383-73603191	2	NA	-17	
205	chr8:108155588-108156379	1	NA	NA	
206	chr8:114482228-114482870	1	NA	NA	
207	chr8:118271658-118272375	2	NA	91	
208	chr8:125169965-125171088	1	NA	NA	
209	chr8:127608056-127608718	2	NA	130	
210	chr8:130848661-130849522	1	NA	NA	
211	chr9:21199954-21200829	1	NA	NA	
212	chr9:24292320-24292667	1	NA	NA	
213	chr9:32810190-32811196	2	NA	-122	
214	chr9:44288655-44289439	1	NA	NA	
215	chr9:57664560-57665271	3	-74	NA	
216	chr9:60796844-60797427	3	181	NA	
217	chr9:63518829-63519421	3	-5	NA	
218	chr9:63536164-63536742	1	NA	NA	
219	chr9:66718328-66718862	1	NA	NA	
220	chr9:68833530-68834353	1	NA	NA	
221	chr9:72264394-72264682	2	124	111	
222	chr9:75195785-75196662	3	61	NA	
223	chr9:85210246-85211249	2	NA	-148	
224	chr9:100331404-100331968	2	-23	37	
225	chr9:107136568-107137167	3	-65	NA	
226	chr9:107147611-107148252	1	NA	NA	
227	chr9:110530301-110530814	1	NA	NA	
228	chr9:119592533-119593099	1	NA	NA	
229	chr9:119879098-119879479	1	NA	NA	
230	chr9:119923130-119923715	2	NA	-31	
231	chr9:119940332-119941120	1	NA	NA	
232	chr9:120006807-120007177	3	-135	NA	
233	chrX:38587943-38588780	2	NA	-106	
234	chrX:73676122-73676707	1	NA	NA	
235	chrX:98234436-98235044	1	NA	NA	
236	chrX:138729250-138729574	1	NA	NA	
