Number of sequences: 1286
Number of programs: 4
Number of motifs: 6
Motif widths: 15 11 13 20 16 26 
Program 1: total 907
 motif #1: 907 of 907 (0.999890 posterior)
 motif #2: 301 of 907 (0.331900 posterior)
 motif #3: 77 of 907 (0.084987 posterior)
 motif #4: 39 of 907 (0.043100 posterior)
 motif #5: 31 of 907 (0.034281 posterior)
 motif #6: 18 of 907 (0.019951 posterior)

Program 2: total 192

Program 3: total 165
 motif #2: 165 of 165 (0.999395 posterior)
 motif #4: 25 of 165 (0.151937 posterior)
 motif #5: 12 of 165 (0.073245 posterior)
 motif #6: 1 of 165 (0.006659 posterior)

Program 4: total 22
 motif #3: 19 of 22 (0.860360 posterior)
 motif #5: 3 of 22 (0.139640 posterior)
 motif #6: 3 of 22 (0.139640 posterior)

Motif #1
total sequences 907
A	[ 101.0	0.0	111.0	290.0	2.0	0.0	191.0	27.0	44.0	24.0	52.0	191.0	56.0	116.0	66.0	]
C	[ 318.0	341.0	405.0	212.0	478.0	191.0	0.0	521.0	863.0	157.0	386.0	163.0	413.0	377.0	412.0	]
G	[ 121.0	47.0	39.0	224.0	142.0	0.0	32.0	63.0	-0.0	3.0	183.0	19.0	191.0	10.0	155.0	]
T	[ 367.0	519.0	352.0	181.0	285.0	716.0	684.0	296.0	-0.0	723.0	286.0	534.0	247.0	404.0	274.0	]
Motif #2
total sequences 466
A	[ 99.0	288.0	-0.0	466.0	0.0	454.0	414.0	69.0	267.0	196.0	45.0	]
C	[ 195.0	16.0	0.0	-0.0	-0.0	0.0	-0.0	156.0	88.0	58.0	220.0	]
G	[ 121.0	0.0	466.0	0.0	0.0	-0.0	52.0	230.0	111.0	34.0	29.0	]
T	[ 51.0	162.0	0.0	0.0	466.0	12.0	0.0	11.0	-0.0	178.0	172.0	]
Motif #3
total sequences 96
A	[ 14.0	62.0	0.0	90.0	0.0	20.0	31.0	9.0	36.0	93.0	0.0	0.0	14.0	]
C	[ 39.0	0.0	0.0	0.0	0.0	43.0	34.0	32.0	0.0	0.0	0.0	96.0	0.0	]
G	[ 23.0	1.0	96.0	6.0	0.0	29.0	12.0	0.0	0.0	3.0	0.0	0.0	5.0	]
T	[ 20.0	33.0	0.0	-0.0	96.0	4.0	19.0	55.0	60.0	0.0	96.0	0.0	77.0	]
Motif #4
total sequences 64
A	[ -0.0	5.0	4.0	0.0	12.0	29.0	4.0	0.0	0.0	0.0	16.0	33.0	32.0	0.0	1.0	9.0	18.0	28.0	8.0	5.0	]
C	[ 34.0	52.0	51.0	51.0	52.0	11.0	60.0	57.0	59.0	64.0	47.0	28.0	32.0	55.0	54.0	53.0	41.0	22.0	25.0	31.0	]
G	[ 10.0	7.0	0.0	0.0	0.0	7.0	0.0	0.0	0.0	0.0	0.0	0.0	0.0	-0.0	0.0	-0.0	3.0	-0.0	23.0	14.0	]
T	[ 20.0	0.0	9.0	13.0	0.0	17.0	-0.0	7.0	5.0	-0.0	1.0	3.0	0.0	9.0	9.0	2.0	2.0	14.0	8.0	14.0	]
Motif #5
total sequences 46
A	[ 7.0	0.0	19.0	13.0	16.0	8.0	39.0	0.0	12.0	-0.0	0.0	0.0	0.0	1.0	-0.0	-0.0	]
C	[ 4.0	13.0	0.0	14.0	16.0	31.0	7.0	40.0	1.0	0.0	46.0	46.0	-0.0	11.0	13.0	5.0	]
G	[ 16.0	11.0	1.0	19.0	0.0	0.0	-0.0	-0.0	0.0	0.0	-0.0	0.0	0.0	34.0	0.0	12.0	]
T	[ 19.0	22.0	26.0	0.0	14.0	7.0	-0.0	6.0	33.0	46.0	0.0	0.0	46.0	0.0	33.0	29.0	]
Motif #6
total sequences 22
A	[ 5.0	9.0	3.0	9.0	1.0	0.0	2.0	4.0	1.0	10.0	0.0	0.0	0.0	10.0	0.0	5.0	0.0	1.0	0.0	2.0	17.0	3.0	12.0	5.0	4.0	3.0	]
C	[ 5.0	5.0	0.0	0.0	0.0	20.0	0.0	18.0	21.0	12.0	14.0	22.0	0.0	0.0	3.0	0.0	0.0	1.0	11.0	4.0	0.0	11.0	2.0	5.0	7.0	5.0	]
G	[ 5.0	8.0	14.0	9.0	20.0	0.0	19.0	0.0	0.0	0.0	0.0	0.0	0.0	11.0	19.0	0.0	22.0	16.0	1.0	8.0	5.0	8.0	3.0	5.0	7.0	6.0	]
T	[ 7.0	0.0	5.0	4.0	1.0	2.0	1.0	0.0	0.0	0.0	8.0	0.0	22.0	1.0	0.0	17.0	0.0	4.0	10.0	8.0	0.0	0.0	5.0	7.0	4.0	8.0	]
Motif #1; total sequences 907; NtNNcttcCtNtNNN / NNNaNaGgaagNNaN
Motif #2; total sequences 466; NaGATAANaNN / NNtNTTATCtN
Motif #3; total sequences 96; NaGATNNttATCt / aGATaaNNATCtN
Motif #4; total sequences 64; cCccCNCCCCcaMCCCcNNN / NNNgGGGKtgGGGGNGggGg
Motif #5; total sequences 46; NNtNNcACtTCCTgtt / aacAGGAaGTgNNaNN
Motif #6; total sequences 22; NNgNGCGCCccCTRGtGgYNaNaNNN / NNNtNtNRcCaCYAGggGGCGCNcNN

Full posterior for run 3 is 9491.195596
