Number of sequences: 2908
Number of programs: 6
Number of motifs: 11
Motif widths: 12 14 13 12 27 14 13 13 19 14 13 
Program 1: total 2111
 motif #1: 2111 of 2111 (0.999953 posterior)
 motif #2: 596 of 2111 (0.282351 posterior)
 motif #3: 292 of 2111 (0.138357 posterior)
 motif #4: 286 of 2111 (0.135515 posterior)
 motif #5: 243 of 2111 (0.115148 posterior)
 motif #6: 43 of 2111 (0.020415 posterior)
 motif #7: 120 of 2111 (0.056887 posterior)
 motif #8: 102 of 2111 (0.048361 posterior)
 motif #9: 76 of 2111 (0.036046 posterior)
 motif #10: 25 of 2111 (0.011889 posterior)
 motif #11: 6 of 2111 (0.002889 posterior)

Program 2: total 378
 motif #2: 378 of 378 (0.999736 posterior)
 motif #3: 51 of 378 (0.135114 posterior)
 motif #4: 29 of 378 (0.076943 posterior)
 motif #5: 60 of 378 (0.158911 posterior)
 motif #6: 110 of 378 (0.291116 posterior)
 motif #7: 16 of 378 (0.042570 posterior)
 motif #10: 10 of 378 (0.026705 posterior)
 motif #11: 2 of 378 (0.005553 posterior)

Program 3: total 306

Program 4: total 63
 motif #3: 27 of 63 (0.428797 posterior)
 motif #4: 8 of 63 (0.128165 posterior)
 motif #5: 3 of 63 (0.049051 posterior)
 motif #6: 3 of 63 (0.049051 posterior)
 motif #7: 14 of 63 (0.223101 posterior)
 motif #9: 15 of 63 (0.238924 posterior)
 motif #10: 18 of 63 (0.286392 posterior)
 motif #11: 11 of 63 (0.175633 posterior)

Program 5: total 44
 motif #2: 26 of 44 (0.590498 posterior)
 motif #3: 19 of 44 (0.432127 posterior)
 motif #7: 1 of 44 (0.024887 posterior)
 motif #8: 44 of 44 (0.997738 posterior)
 motif #11: 2 of 44 (0.047511 posterior)

Program 6: total 6
 motif #6: 4 of 6 (0.661290 posterior)
 motif #11: 2 of 6 (0.338710 posterior)

Motif #1
total sequences 2111
A	[ 434.0	120.0	140.0	0.0	186.0	2047.0	0.0	-0.0	493.0	228.0	505.0	562.0	]
C	[ 405.0	603.0	964.0	285.0	183.0	64.0	-0.0	2008.0	-0.0	700.0	613.0	492.0	]
G	[ 280.0	398.0	486.0	9.0	7.0	0.0	0.0	-0.0	57.0	696.0	261.0	472.0	]
T	[ 992.0	990.0	521.0	1817.0	1735.0	0.0	2111.0	103.0	1561.0	487.0	732.0	585.0	]
Motif #2
total sequences 1000
A	[ 383.0	530.0	242.0	958.0	-0.0	40.0	979.0	942.0	301.0	140.0	223.0	318.0	224.0	296.0	]
C	[ 177.0	91.0	473.0	36.0	0.0	10.0	20.0	-0.0	2.0	136.0	133.0	90.0	206.0	159.0	]
G	[ 319.0	316.0	251.0	6.0	1000.0	950.0	0.0	0.0	697.0	135.0	532.0	467.0	351.0	235.0	]
T	[ 121.0	63.0	34.0	0.0	0.0	0.0	1.0	58.0	-0.0	589.0	112.0	125.0	219.0	310.0	]
Motif #3
total sequences 389
A	[ 260.0	318.0	359.0	211.0	106.0	223.0	389.0	363.0	254.0	22.0	195.0	345.0	277.0	]
C	[ 50.0	71.0	5.0	78.0	208.0	79.0	0.0	6.0	37.0	261.0	194.0	41.0	74.0	]
G	[ 52.0	0.0	1.0	82.0	41.0	46.0	0.0	0.0	98.0	67.0	0.0	3.0	3.0	]
T	[ 27.0	0.0	24.0	18.0	34.0	41.0	-0.0	20.0	0.0	39.0	0.0	0.0	35.0	]
Motif #4
total sequences 323
A	[ 1.0	2.0	14.0	4.0	108.0	1.0	-0.0	1.0	51.0	22.0	107.0	40.0	]
C	[ 289.0	292.0	309.0	294.0	4.0	319.0	323.0	272.0	231.0	255.0	103.0	183.0	]
G	[ 2.0	-0.0	-0.0	-0.0	73.0	0.0	0.0	3.0	6.0	0.0	12.0	23.0	]
T	[ 31.0	29.0	0.0	25.0	138.0	3.0	-0.0	47.0	35.0	46.0	101.0	77.0	]
Motif #5
total sequences 306
A	[ 57.0	65.0	43.0	70.0	61.0	38.0	59.0	33.0	31.0	30.0	0.0	3.0	66.0	37.0	33.0	57.0	32.0	47.0	59.0	66.0	47.0	29.0	70.0	84.0	83.0	61.0	96.0	]
C	[ 33.0	33.0	41.0	15.0	25.0	61.0	44.0	23.0	0.0	17.0	-0.0	16.0	52.0	0.0	-0.0	-0.0	-0.0	18.0	29.0	17.0	8.0	17.0	0.0	29.0	40.0	65.0	67.0	]
G	[ 128.0	154.0	157.0	173.0	198.0	141.0	100.0	187.0	241.0	259.0	306.0	286.0	8.0	241.0	269.0	238.0	273.0	196.0	139.0	176.0	213.0	223.0	202.0	147.0	144.0	129.0	107.0	]
T	[ 88.0	54.0	65.0	48.0	22.0	66.0	103.0	63.0	34.0	0.0	0.0	1.0	180.0	28.0	4.0	11.0	1.0	45.0	79.0	47.0	38.0	37.0	34.0	46.0	39.0	51.0	36.0	]
Motif #6
total sequences 160
A	[ 48.0	10.0	102.0	0.0	160.0	0.0	15.0	7.0	17.0	160.0	0.0	0.0	64.0	27.0	]
C	[ 12.0	67.0	9.0	0.0	0.0	0.0	31.0	42.0	4.0	0.0	0.0	155.0	0.0	29.0	]
G	[ 53.0	68.0	2.0	160.0	0.0	0.0	83.0	23.0	5.0	0.0	0.0	0.0	3.0	66.0	]
T	[ 47.0	15.0	47.0	0.0	0.0	160.0	31.0	88.0	134.0	0.0	160.0	5.0	93.0	38.0	]
Motif #7
total sequences 151
A	[ 0.0	0.0	25.0	-0.0	-0.0	-0.0	-0.0	0.0	1.0	24.0	42.0	0.0	52.0	]
C	[ 1.0	-0.0	-0.0	-0.0	-0.0	27.0	25.0	-0.0	59.0	64.0	15.0	59.0	34.0	]
G	[ 0.0	150.0	-0.0	151.0	151.0	-0.0	-0.0	-0.0	50.0	17.0	22.0	40.0	13.0	]
T	[ 150.0	1.0	126.0	0.0	-0.0	124.0	126.0	151.0	41.0	46.0	72.0	52.0	52.0	]
Motif #8
total sequences 146
A	[ 98.0	-0.0	145.0	1.0	9.0	27.0	19.0	30.0	146.0	-0.0	0.0	54.0	26.0	]
C	[ -0.0	0.0	1.0	-0.0	41.0	47.0	48.0	1.0	0.0	-0.0	146.0	-0.0	42.0	]
G	[ -0.0	146.0	-0.0	0.0	52.0	49.0	18.0	-0.0	0.0	-0.0	0.0	-0.0	63.0	]
T	[ 48.0	0.0	0.0	145.0	44.0	23.0	61.0	115.0	-0.0	146.0	0.0	92.0	15.0	]
Motif #9
total sequences 91
A	[ 0.0	12.0	35.0	11.0	4.0	82.0	0.0	19.0	90.0	0.0	35.0	8.0	6.0	0.0	10.0	46.0	9.0	17.0	51.0	]
C	[ 22.0	23.0	7.0	78.0	87.0	0.0	66.0	41.0	0.0	0.0	0.0	0.0	0.0	2.0	74.0	-0.0	47.0	32.0	23.0	]
G	[ 10.0	36.0	30.0	2.0	0.0	4.0	25.0	2.0	1.0	91.0	56.0	52.0	85.0	81.0	0.0	45.0	34.0	5.0	13.0	]
T	[ 59.0	20.0	19.0	-0.0	-0.0	5.0	-0.0	29.0	0.0	0.0	0.0	31.0	0.0	8.0	7.0	-0.0	1.0	37.0	4.0	]
Motif #10
total sequences 53
A	[ 10.0	9.0	53.0	0.0	0.0	21.0	11.0	0.0	20.0	11.0	4.0	53.0	0.0	2.0	]
C	[ 17.0	2.0	0.0	1.0	53.0	0.0	26.0	40.0	13.0	27.0	47.0	0.0	0.0	40.0	]
G	[ 7.0	0.0	0.0	0.0	0.0	0.0	4.0	0.0	12.0	11.0	2.0	0.0	0.0	5.0	]
T	[ 19.0	42.0	0.0	52.0	0.0	32.0	12.0	13.0	8.0	4.0	0.0	0.0	53.0	6.0	]
Motif #11
total sequences 23
A	[ 0.0	14.0	0.0	0.0	0.0	0.0	0.0	7.0	0.0	0.0	0.0	0.0	1.0	]
C	[ 5.0	0.0	5.0	20.0	0.0	23.0	23.0	15.0	16.0	23.0	0.0	0.0	11.0	]
G	[ 9.0	8.0	16.0	0.0	23.0	0.0	0.0	1.0	0.0	0.0	0.0	23.0	9.0	]
T	[ 9.0	1.0	2.0	3.0	0.0	0.0	0.0	0.0	7.0	0.0	23.0	0.0	2.0	]
Motif #1; total sequences 2111; NNNTTATCtNNN / NNNaGATAANNN
Motif #2; total sequences 1000; NaNAGGAAgtgNNN / NNNcacTTCCTNtN
Motif #3; total sequences 389; aAAacaAAacaAa / tTtgtTTtgtTTt
Motif #4; total sequences 323; CCCCNCCCccNc / gNggGGGNGGGG
Motif #5; total sequences 306; NggggNNggGGGtgGgGgNggggNNNN / NNNNccccNcCcCcaCCCccNNccccN
Motif #6; total sequences 160; NNaGATgtTATCtN / NaGATAacATCtNN
Motif #7; total sequences 151; TGTGGTTTNNNNN / NNNNNAAACCACA
Motif #8; total sequences 146; aGATNNNtATCtN / NaGATaNNNATCt
Motif #9; total sequences 91; tNNCCAcNAGggGGCacNa / tNgtGCCccCTNgTGGNNa
Motif #10; total sequences 53; NtATCtNcNcCATc / gATGgNgNaGATaN
Motif #11; total sequences 23; NagCGCCccCTGN / NCAGggGGCGctN

Full posterior for run 9 is 28581.582782
