1	chr1:4776043-4776557	1	148	NA	
2	chr1:6444160-6445158	2	-35	-1	
3	chr1:7143290-7143850	1	67	NA	
4	chr1:9671914-9672572	1	115	NA	
5	chr1:10310627-10311059	3	NA	NA	
6	chr1:10820932-10821411	1	84	NA	
7	chr1:13559302-13559750	1	63	NA	
8	chr1:14086364-14086863	2	NA	-55	
9	chr1:16602705-16603296	1	114	NA	
10	chr1:24565712-24569728	1	49	NA	
11	chr1:34181341-34181720	2	NA	-80	
12	chr1:35881023-35881523	1	-73	NA	
13	chr1:36535850-36536331	2	100	142	
14	chr1:36667629-36668145	1	71	NA	
15	chr1:36864863-36865559	2	-186	53	
16	chr1:36872155-36872787	1	-2	NA	
17	chr1:37261814-37262338	3	NA	NA	
18	chr1:37527387-37527785	2	NA	-8	
19	chr1:38828267-38828857	1	66	NA	
20	chr1:39478785-39479270	2	-57	68	
21	chr1:39952375-39952854	1	-170	NA	
22	chr1:40157755-40158368	1	7	NA	
23	chr1:40215593-40216288	2	NA	-116	
24	chr1:40419955-40420865	1	-70	NA	
25	chr1:40633080-40633599	2	-21	-96	
26	chr1:43113391-43113936	1	144	NA	
27	chr1:43298116-43298694	2	17	-42	
28	chr1:43408306-43408672	1	-126	NA	
29	chr1:43427137-43427639	1	140	NA	
30	chr1:45768785-45769575	1	145	NA	
31	chr1:51393094-51393646	3	NA	NA	
32	chr1:51537811-51538909	1	135	NA	
33	chr1:52074557-52075028	2	45	59	
34	chr1:53739514-53740134	3	NA	NA	
35	chr1:53758810-53759367	2	-111	-58	
36	chr1:53853750-53854202	1	100	NA	
37	chr1:54030803-54031327	1	183	NA	
38	chr1:54366062-54366604	2	125	-35	
39	chr1:54604949-54605363	1	-182	NA	
40	chr1:54819587-54820127	3	NA	NA	
41	chr1:55381076-55381605	1	-111	NA	
42	chr1:55390620-55391038	1	138	NA	
43	chr1:57374132-57374479	1	8	NA	
44	chr1:57545239-57545656	2	NA	75	
45	chr1:58714469-58715012	1	-74	NA	
46	chr1:59117370-59118031	1	125	NA	
47	chr1:59420157-59420715	1	84	NA	
48	chr1:59948076-59948510	1	-162	NA	
49	chr1:60019310-60019870	3	NA	NA	
50	chr1:60352951-60353491	1	-150	NA	
51	chr1:60457733-60458142	1	-74	NA	
52	chr1:60658159-60658787	1	-7	NA	
53	chr1:60721340-60722288	1	-1	NA	
54	chr1:60827211-60827902	2	NA	-67	
55	chr1:60855192-60856070	1	-60	NA	
56	chr1:60930613-60931185	3	NA	NA	
57	chr1:62573324-62573736	2	NA	-149	
58	chr1:63063540-63064066	1	-134	NA	
59	chr1:64018932-64019450	1	128	NA	
60	chr1:64799025-64799505	1	-186	NA	
61	chr1:66485628-66486273	2	NA	-152	
62	chr1:66947192-66947954	2	-85	12	
63	chr1:69446760-69447295	1	-72	NA	
64	chr1:69590485-69591087	1	-136	NA	
65	chr1:69613840-69614599	1	-10	NA	
66	chr1:70933353-70933957	2	73	122	
67	chr1:74701498-74702044	1	-94	NA	
68	chr1:78581626-78582151	1	-100	NA	
69	chr1:80092993-80093447	1	-114	NA	
70	chr1:80268680-80269092	2	NA	8	
71	chr1:80525536-80526157	2	125	151	
72	chr1:81160531-81160930	1	-161	NA	
73	chr1:81169296-81169773	1	143	NA	
74	chr1:87517638-87518150	1	112	NA	
75	chr1:87529184-87529609	2	NA	102	
76	chr1:87727853-87728263	2	104	-120	
77	chr1:87879311-87879756	2	NA	38	
78	chr1:88175165-88175805	1	-139	NA	
79	chr1:88414748-88415344	1	130	NA	
80	chr1:89438826-89439166	2	-163	124	
81	chr1:89669055-89669420	1	-77	NA	
82	chr1:89730666-89731328	2	-88	-14	
83	chr1:89733298-89733946	1	-38	NA	
84	chr1:89741208-89741950	1	-177	NA	
85	chr1:89766934-89767313	1	24	NA	
86	chr1:90108765-90109459	2	-117	-172	
87	chr1:90306503-90307071	2	NA	151	
88	chr1:90409036-90409589	2	NA	-122	
89	chr1:90515864-90516133	1	113	NA	
90	chr1:90540132-90540761	1	9	NA	
91	chr1:93509072-93509567	3	NA	NA	
92	chr1:93899717-93900322	2	84	122	
93	chr1:95290346-95290830	2	-159	49	
94	chr1:95484507-95484981	3	NA	NA	
95	chr1:96634173-96634671	1	-63	NA	
96	chr1:97485780-97486608	1	24	NA	
97	chr1:107370577-107371085	3	NA	NA	
98	chr1:107979279-107979860	2	118	-39	
99	chr1:108145715-108146321	2	-88	-151	
100	chr1:108216280-108216792	3	NA	NA	
101	chr1:108490605-108491174	1	38	NA	
102	chr1:108698283-108698884	1	140	NA	
103	chr1:120273363-120274003	2	79	-23	
104	chr1:120304403-120305112	1	-77	NA	
105	chr1:121319452-121319891	1	-120	NA	
106	chr1:122060544-122060854	3	NA	NA	
107	chr1:127294139-127294627	1	158	NA	
108	chr1:127326515-127326815	1	-92	NA	
109	chr1:127690531-127690900	3	NA	NA	
110	chr1:129042350-129042862	1	-62	NA	
111	chr1:129136598-129137028	1	-184	NA	
112	chr1:129143300-129143767	1	93	NA	
113	chr1:129177124-129177545	1	183	NA	
114	chr1:129191061-129191929	2	173	90	
115	chr1:130154687-130155090	3	NA	NA	
116	chr1:130305783-130306267	1	-155	NA	
117	chr1:130418094-130418505	3	NA	NA	
118	chr1:130442240-130442694	1	165	NA	
119	chr1:132571461-132571804	1	-51	NA	
120	chr1:132625039-132625615	3	NA	NA	
121	chr1:132907300-132907855	2	NA	-133	
122	chr1:133031911-133032431	2	146	-131	
123	chr1:133177682-133178140	1	-33	NA	
124	chr1:133838118-133838604	1	-169	NA	
125	chr1:134209151-134209683	1	87	NA	
126	chr1:134966948-134967523	1	-150	NA	
127	chr1:135085166-135085493	3	NA	NA	
128	chr1:135372556-135373047	2	73	97	
129	chr1:135398735-135399246	1	99	NA	
130	chr1:135881740-135882196	2	NA	-102	
131	chr1:136681866-136682225	1	144	NA	
132	chr1:136807929-136808458	3	NA	NA	
133	chr1:136947507-136947912	2	-48	-34	
134	chr1:137372169-137372678	2	NA	72	
135	chr1:137448005-137448547	1	-79	NA	
136	chr1:138395736-138396282	1	-123	NA	
137	chr1:138416927-138417363	1	65	NA	
138	chr1:138501774-138502211	2	178	108	
139	chr1:138516073-138516359	2	-104	-66	
140	chr1:139622871-139624184	3	NA	NA	
141	chr1:139688776-139689177	3	NA	NA	
142	chr1:139761616-139762032	1	-138	NA	
143	chr1:139952700-139953601	1	-16	NA	
144	chr1:140120268-140120804	3	NA	NA	
145	chr1:140662769-140663165	2	NA	174	
146	chr1:140792083-140792787	2	134	-189	
147	chr1:140894154-140894934	1	127	NA	
148	chr1:143700929-143701406	3	NA	NA	
149	chr1:145017300-145017859	2	87	-126	
150	chr1:145125861-145126358	2	-9	-21	
151	chr1:145768334-145769600	1	106	NA	
152	chr1:145795695-145796155	2	NA	-61	
153	chr1:145838916-145839200	1	-108	NA	
154	chr1:145975311-145976077	1	-35	NA	
155	chr1:146018999-146019785	1	57	NA	
156	chr1:146168700-146168986	1	37	NA	
157	chr1:146262009-146262766	2	NA	-145	
158	chr1:153250479-153251018	3	NA	NA	
159	chr1:153515716-153516643	1	137	NA	
160	chr1:153846829-153847513	1	49	NA	
161	chr1:154282912-154283346	1	-139	NA	
162	chr1:154541654-154542083	1	-78	NA	
163	chr1:155141893-155142405	1	-61	NA	
164	chr1:155242385-155242943	3	NA	NA	
165	chr1:156917076-156917789	1	-141	NA	
166	chr1:157084492-157084909	1	106	NA	
167	chr1:157546356-157546819	1	0	NA	
168	chr1:157569115-157569499	1	123	NA	
169	chr1:158101152-158101601	3	NA	NA	
170	chr1:158117158-158117637	1	102	NA	
171	chr1:158410726-158411233	3	NA	NA	
172	chr1:158510191-158510457	2	126	103	
173	chr1:158746615-158746964	1	176	NA	
174	chr1:158827612-158828177	2	NA	-136	
175	chr1:159317791-159318573	3	NA	NA	
176	chr1:161571693-161572174	2	173	77	
177	chr1:161597274-161597808	2	177	156	
178	chr1:161864112-161864575	1	73	NA	
179	chr1:161890311-161890718	2	55	82	
180	chr1:162504033-162504455	1	130	NA	
181	chr1:163507399-163508262	2	102	-21	
182	chr1:163724298-163724757	2	-43	-30	
183	chr1:165739969-165740577	1	-33	NA	
184	chr1:166770323-166770946	2	121	157	
185	chr1:166851034-166851591	1	35	NA	
186	chr1:167490454-167491000	3	NA	NA	
187	chr1:167545916-167546566	3	NA	NA	
188	chr1:167681602-167682129	2	NA	63	
189	chr1:167719493-167720164	1	73	NA	
190	chr1:167803546-167804161	1	38	NA	
191	chr1:167822684-167823247	1	149	NA	
192	chr1:167851047-167851681	1	86	NA	
193	chr1:167851922-167852140	3	NA	NA	
194	chr1:168679894-168680307	1	55	NA	
195	chr1:171368858-171369317	1	89	NA	
196	chr1:172554543-172555228	1	157	NA	
197	chr1:172787254-172788037	1	-175	NA	
198	chr1:173608732-173609390	1	-34	NA	
199	chr1:173652236-173652627	2	136	-56	
200	chr1:173851747-173852355	1	143	NA	
201	chr1:175877337-175878093	2	NA	7	
202	chr1:178682186-178682655	1	190	NA	
203	chr1:178822879-178823272	2	NA	110	
204	chr1:179095887-179096143	1	-67	NA	
205	chr1:181006345-181006842	1	-59	NA	
206	chr1:181396185-181396500	2	NA	176	
207	chr1:181945557-181946172	1	132	NA	
208	chr1:182101138-182101567	1	-157	NA	
209	chr1:182174994-182175933	1	-55	NA	
210	chr1:182224981-182225341	1	78	NA	
211	chr1:182661508-182661831	1	-108	NA	
212	chr1:182753804-182754087	1	90	NA	
213	chr1:182960918-182961233	1	-19	NA	
214	chr1:184046959-184047334	3	NA	NA	
215	chr1:184194799-184195173	2	NA	32	
216	chr1:185361232-185361880	3	NA	NA	
217	chr1:185792486-185792913	1	-111	NA	
218	chr1:185802392-185803061	1	-64	NA	
219	chr1:186080117-186080932	3	NA	NA	
220	chr1:191309313-191310131	1	30	NA	
221	chr1:192894380-192894942	3	NA	NA	
222	chr1:193327677-193328129	1	-91	NA	
223	chr1:194852055-194852294	3	NA	NA	
224	chr1:195251210-195251930	1	178	NA	
225	chr1:195549319-195549743	1	-136	NA	
226	chr1:196942202-196942595	3	NA	NA	
227	chr10:3460707-3461135	1	97	NA	
228	chr10:5543378-5543782	3	NA	NA	
229	chr10:5673825-5674129	1	-182	NA	
230	chr10:7229351-7229687	3	NA	NA	
231	chr10:7320421-7320905	1	-95	NA	
232	chr10:7352540-7353047	1	-55	NA	
233	chr10:7657165-7657761	2	65	-36	
234	chr10:8221854-8222181	2	-37	64	
235	chr10:10014296-10014843	1	105	NA	
236	chr10:10045536-10045999	2	NA	-170	
237	chr10:12501604-12502123	1	-45	NA	
238	chr10:12550528-12551048	2	NA	142	
239	chr10:12697747-12698237	1	-14	NA	
240	chr10:13396884-13397335	1	141	NA	
241	chr10:13678719-13679224	3	NA	NA	
242	chr10:13683574-13684171	2	-102	-163	
243	chr10:13688750-13689736	1	81	NA	
244	chr10:13776871-13777544	1	-158	NA	
245	chr10:13805893-13806754	2	-90	-26	
246	chr10:17417932-17418753	2	-31	-13	
247	chr10:17655353-17655854	3	NA	NA	
248	chr10:18353272-18353817	3	NA	NA	
249	chr10:18642559-18643179	2	31	167	
250	chr10:18751540-18752389	3	NA	NA	
251	chr10:18847046-18847506	1	85	NA	
252	chr10:18875619-18876442	1	-148	NA	
253	chr10:18915890-18916490	2	60	141	
254	chr10:18957167-18957761	2	-119	167	
255	chr10:19194590-19195583	3	NA	NA	
256	chr10:19255137-19255717	1	-163	NA	
257	chr10:19309100-19309525	3	NA	NA	
258	chr10:19407464-19408000	1	65	NA	
259	chr10:19436918-19437509	3	NA	NA	
260	chr10:19591596-19592164	2	NA	30	
261	chr10:19604415-19605254	1	184	NA	
262	chr10:19628488-19629203	1	-92	NA	
263	chr10:20223196-20223778	2	-41	-137	
264	chr10:20472441-20472885	3	NA	NA	
265	chr10:20789910-20790507	1	100	NA	
266	chr10:21831769-21832407	3	NA	NA	
267	chr10:23980770-23981291	2	-3	182	
268	chr10:24279816-24280417	1	62	NA	
269	chr10:25093540-25094204	2	157	-81	
270	chr10:26014382-26015110	1	82	NA	
271	chr10:26047941-26048900	2	132	79	
272	chr10:26065091-26065368	2	NA	-75	
273	chr10:26486615-26487140	2	-109	154	
274	chr10:28283366-28283930	1	-92	NA	
275	chr10:30350290-30350810	1	160	NA	
276	chr10:30405579-30406024	1	154	NA	
277	chr10:33726015-33726481	2	96	54	
278	chr10:38810626-38811207	1	-125	NA	
279	chr10:39353363-39353743	2	5	-17	
280	chr10:39372249-39372644	1	-95	NA	
281	chr10:39502583-39503200	1	-127	NA	
282	chr10:39680401-39680884	1	-159	NA	
283	chr10:39842584-39843246	1	153	NA	
284	chr10:40135810-40136297	1	-120	NA	
285	chr10:41745714-41746045	1	-101	NA	
286	chr10:41828168-41828694	1	-132	NA	
287	chr10:42556482-42556871	2	NA	-0	
288	chr10:42585682-42586351	1	-46	NA	
289	chr10:43094322-43095023	1	107	NA	
290	chr10:43357887-43358403	1	76	NA	
291	chr10:43559008-43559394	1	175	NA	
292	chr10:43685604-43685952	1	172	NA	
293	chr10:43809860-43810186	3	NA	NA	
294	chr10:44134432-44134824	1	80	NA	
295	chr10:44695612-44696000	3	NA	NA	
296	chr10:53081702-53082192	2	46	-151	
297	chr10:53500519-53501231	1	111	NA	
298	chr10:53629967-53630626	2	NA	-65	
299	chr10:53721108-53721652	2	7	108	
300	chr10:53736271-53737012	1	-105	NA	
301	chr10:55881850-55882606	2	-56	25	
302	chr10:56170769-56171163	1	-36	NA	
303	chr10:57738750-57739508	1	-60	NA	
304	chr10:57875398-57876071	1	35	NA	
305	chr10:58787126-58787698	1	-159	NA	
306	chr10:59005398-59005903	2	NA	59	
307	chr10:59343917-59344480	2	NA	-62	
308	chr10:59576171-59576409	1	-93	NA	
309	chr10:61363621-61364057	1	58	NA	
310	chr10:61724389-61724757	3	NA	NA	
311	chr10:66224826-66225096	2	NA	19	
312	chr10:66883040-66883384	3	NA	NA	
313	chr10:67360411-67361083	1	-61	NA	
314	chr10:67634341-67634818	1	133	NA	
315	chr10:67634963-67635322	3	NA	NA	
316	chr10:67923255-67923640	2	-71	94	
317	chr10:68563911-68564327	2	-9	-41	
318	chr10:69489077-69489437	2	-129	107	
319	chr10:74975369-74975956	1	-90	NA	
320	chr10:75252349-75252738	3	NA	NA	
321	chr10:75340848-75341417	1	-133	NA	
322	chr10:75395080-75395648	3	NA	NA	
323	chr10:77635272-77635916	1	103	NA	
324	chr10:77774874-77775526	1	49	NA	
325	chr10:77997488-77998478	2	NA	-75	
326	chr10:79183930-79184379	1	-15	NA	
327	chr10:79311981-79312399	3	NA	NA	
328	chr10:79629983-79630532	1	-21	NA	
329	chr10:79836793-79837512	1	76	NA	
330	chr10:80201639-80202059	1	98	NA	
331	chr10:80913305-80913844	2	96	-63	
332	chr10:82434233-82434750	1	-8	NA	
333	chr10:82550512-82551006	1	-149	NA	
334	chr10:82566910-82567356	1	-24	NA	
335	chr10:82573152-82573825	1	43	NA	
336	chr10:84078522-84079184	3	NA	NA	
337	chr10:84205135-84205650	1	139	NA	
338	chr10:92500392-92501032	3	NA	NA	
339	chr10:92553718-92554853	2	NA	-68	
340	chr10:92575475-92576099	1	147	NA	
341	chr10:92592108-92592762	1	-184	NA	
342	chr10:92765657-92766234	2	NA	75	
343	chr10:93173079-93173525	1	13	NA	
344	chr10:93848551-93848945	1	43	NA	
345	chr10:94496097-94496984	1	-52	NA	
346	chr10:94848198-94848553	1	107	NA	
347	chr10:94946423-94947011	2	177	-153	
348	chr10:95148326-95148745	1	168	NA	
349	chr10:95210964-95211317	2	NA	13	
350	chr10:95507170-95507615	1	91	NA	
351	chr10:95735456-95735885	1	-113	NA	
352	chr10:95926171-95926593	1	82	NA	
353	chr10:96154443-96154846	1	188	NA	
354	chr10:98624293-98624708	2	-134	-163	
355	chr10:98823216-98823423	2	NA	42	
356	chr10:98846270-98846912	1	1	NA	
357	chr10:98881036-98881479	1	26	NA	
358	chr10:105001241-105001767	2	142	-173	
359	chr10:105070590-105071222	1	139	NA	
360	chr10:107336423-107336724	1	-98	NA	
361	chr10:110145903-110146603	1	116	NA	
362	chr10:110506362-110506856	2	NA	-114	
363	chr10:110511970-110512503	2	-99	57	
364	chr10:114501287-114501755	1	95	NA	
365	chr10:115953244-115953745	2	89	155	
366	chr10:116585482-116585878	1	6	NA	
367	chr10:116781214-116781812	1	-182	NA	
368	chr10:116901969-116902576	2	74	132	
369	chr10:117187603-117188101	3	NA	NA	
370	chr10:117246825-117247335	1	52	NA	
371	chr10:117297854-117298199	1	85	NA	
372	chr10:117321263-117321862	1	-70	NA	
373	chr10:117355786-117356287	2	93	136	
374	chr10:117575266-117576021	2	-152	170	
375	chr10:117883902-117885338	1	-144	NA	
376	chr10:117910572-117910958	1	105	NA	
377	chr10:120298629-120299251	1	-190	NA	
378	chr10:120667060-120667539	1	68	NA	
379	chr10:121981629-121982260	2	58	-41	
380	chr10:122023371-122024059	1	-68	NA	
381	chr10:122054777-122055688	1	-122	NA	
382	chr10:122220304-122220680	1	87	NA	
383	chr10:122389608-122389999	1	-154	NA	
384	chr10:125480496-125481231	3	NA	NA	
385	chr10:126597399-126597897	1	43	NA	
386	chr10:127407791-127408310	1	-75	NA	
387	chr10:127726463-127727066	2	77	54	
388	chr10:127772118-127772492	1	-120	NA	
389	chr10:127907399-127908136	2	64	-158	
390	chr10:127929154-127929579	3	NA	NA	
391	chr10:129725268-129726673	3	NA	NA	
392	chr10:129739289-129739764	2	-126	-95	
393	chr11:3075914-3076796	3	NA	NA	
394	chr11:3101712-3102233	1	-172	NA	
395	chr11:3213094-3213741	2	-109	-91	
396	chr11:4103077-4103594	2	-123	-178	
397	chr11:4146696-4147239	2	NA	-19	
398	chr11:5153379-5154197	2	NA	63	
399	chr11:5195532-5196287	1	-116	NA	
400	chr11:5197527-5198137	1	-110	NA	
401	chr11:5311531-5312439	1	-187	NA	
402	chr11:5342480-5343093	1	162	NA	
403	chr11:5409492-5409919	1	-149	NA	
404	chr11:5417467-5417926	1	-30	NA	
405	chr11:5900135-5900476	2	NA	108	
406	chr11:6463159-6463592	1	-102	NA	
407	chr11:6604851-6605410	2	NA	62	
408	chr11:8458799-8459247	1	142	NA	
409	chr11:8466289-8466879	2	-70	-97	
410	chr11:8692016-8692422	3	NA	NA	
411	chr11:10176142-10176834	3	NA	NA	
412	chr11:11369522-11370240	1	123	NA	
413	chr11:11421938-11422430	1	122	NA	
414	chr11:11463673-11464655	2	NA	-182	
415	chr11:11578860-11579498	1	103	NA	
416	chr11:11611338-11612141	1	-48	NA	
417	chr11:11626027-11626692	1	-31	NA	
418	chr11:11760560-11760967	1	14	NA	
419	chr11:20148604-20149217	1	102	NA	
420	chr11:20954084-20954557	2	NA	98	
421	chr11:21081400-21081947	1	161	NA	
422	chr11:22526172-22526537	1	-188	NA	
423	chr11:22576448-22576926	2	NA	160	
424	chr11:22592285-22593322	3	NA	NA	
425	chr11:22744961-22745608	1	5	NA	
426	chr11:22757735-22758278	1	157	NA	
427	chr11:22765412-22765910	3	NA	NA	
428	chr11:22819257-22819699	1	65	NA	
429	chr11:23207604-23208200	1	33	NA	
430	chr11:23607401-23607776	1	-4	NA	
431	chr11:23668525-23669201	3	NA	NA	
432	chr11:23701940-23702402	1	-3	NA	
433	chr11:23719017-23719530	1	-48	NA	
434	chr11:23948998-23949441	1	-114	NA	
435	chr11:30063713-30064326	2	NA	5	
436	chr11:31570768-31571154	3	NA	NA	
437	chr11:31913689-31914033	1	-84	NA	
438	chr11:31961912-31962298	3	NA	NA	
439	chr11:32095865-32096515	1	11	NA	
440	chr11:32099962-32100656	1	94	NA	
441	chr11:32346002-32346468	2	-98	118	
442	chr11:32548040-32548636	1	98	NA	
443	chr11:32587245-32587699	1	-99	NA	
444	chr11:33838702-33839273	1	-45	NA	
445	chr11:33839292-33840213	2	NA	109	
446	chr11:33993064-33993785	1	52	NA	
447	chr11:34677458-34677863	1	-94	NA	
448	chr11:43274040-43274623	1	180	NA	
449	chr11:43335995-43336490	1	-111	NA	
450	chr11:43367397-43367970	1	-115	NA	
451	chr11:43979561-43980247	1	30	NA	
452	chr11:45637902-45638425	3	NA	NA	
453	chr11:46187077-46187810	2	-45	73	
454	chr11:46232679-46233321	1	-59	NA	
455	chr11:46264248-46264962	2	159	64	
456	chr11:46474188-46474433	2	NA	-43	
457	chr11:48717807-48718239	2	NA	-156	
458	chr11:48924775-48925219	1	-34	NA	
459	chr11:49550060-49550598	1	-131	NA	
460	chr11:49829638-49830233	3	NA	NA	
461	chr11:49969065-49969534	1	107	NA	
462	chr11:51600949-51601453	1	178	NA	
463	chr11:51792589-51793123	3	NA	NA	
464	chr11:51915669-51916130	3	NA	NA	
465	chr11:52084205-52084890	1	25	NA	
466	chr11:52127689-52128078	1	-132	NA	
467	chr11:52157345-52158172	1	184	NA	
468	chr11:53173761-53174086	2	81	164	
469	chr11:53188459-53189119	1	-158	NA	
470	chr11:53293693-53294057	1	-51	NA	
471	chr11:53598319-53598775	1	-40	NA	
472	chr11:53906478-53906941	3	NA	NA	
473	chr11:53983732-53984189	2	NA	-164	
474	chr11:54025678-54026119	1	-179	NA	
475	chr11:54280629-54281072	1	128	NA	
476	chr11:54412058-54412690	1	177	NA	
477	chr11:54710167-54710610	2	NA	-158	
478	chr11:55368922-55369262	1	-109	NA	
479	chr11:57480992-57481525	2	NA	-8	
480	chr11:57543022-57543569	1	-161	NA	
481	chr11:57782784-57783352	1	90	NA	
482	chr11:58005910-58006251	2	76	46	
483	chr11:58119164-58119581	1	47	NA	
484	chr11:58598656-58599212	3	NA	NA	
485	chr11:58645667-58646333	1	-109	NA	
486	chr11:58797666-58797933	1	-135	NA	
487	chr11:60046689-60047152	2	NA	110	
488	chr11:62257507-62257951	3	NA	NA	
489	chr11:62370160-62370641	1	68	NA	
490	chr11:62827828-62828280	2	NA	-47	
491	chr11:62828603-62829001	1	-81	NA	
492	chr11:63724478-63724997	3	NA	NA	
493	chr11:65610896-65611609	3	NA	NA	
494	chr11:68481192-68481645	3	NA	NA	
495	chr11:68680550-68680947	1	142	NA	
496	chr11:68889443-68890107	3	NA	NA	
497	chr11:68933332-68933820	1	-110	NA	
498	chr11:69182657-69183253	1	-1	NA	
499	chr11:69748992-69749717	2	NA	24	
500	chr11:70392335-70392718	1	-139	NA	
501	chr11:71812574-71812971	1	91	NA	
502	chr11:72262571-72262985	1	23	NA	
503	chr11:72952657-72953381	1	54	NA	
504	chr11:74334033-74334436	1	75	NA	
505	chr11:74908370-74908916	1	78	NA	
506	chr11:75011446-75012026	1	69	NA	
507	chr11:75167232-75167606	3	NA	NA	
508	chr11:75350676-75351306	1	20	NA	
509	chr11:75701543-75701989	1	140	NA	
510	chr11:75772795-75773334	3	NA	NA	
511	chr11:75901024-75901618	1	-73	NA	
512	chr11:76216095-76216635	2	-94	44	
513	chr11:77218354-77219344	1	189	NA	
514	chr11:77364105-77364653	1	73	NA	
515	chr11:78352346-78352927	1	-137	NA	
516	chr11:78514084-78514569	1	105	NA	
517	chr11:78646495-78646843	2	NA	48	
518	chr11:79489631-79490170	2	-77	-103	
519	chr11:79686379-79686763	2	59	-116	
520	chr11:80198541-80199169	1	49	NA	
521	chr11:80240559-80241082	1	-179	NA	
522	chr11:80431192-80431556	2	12	61	
523	chr11:82761017-82761429	1	-187	NA	
524	chr11:82856876-82858152	1	-72	NA	
525	chr11:83433394-83434024	1	110	NA	
526	chr11:83990788-83991455	1	-41	NA	
527	chr11:85269932-85270624	1	154	NA	
528	chr11:85553894-85554694	1	-42	NA	
529	chr11:86248312-86248828	2	126	-169	
530	chr11:86615499-86616134	2	NA	-68	
531	chr11:87061440-87061927	1	-38	NA	
532	chr11:87259566-87260061	1	-38	NA	
533	chr11:87567717-87568323	2	-164	-27	
534	chr11:87575259-87576487	3	NA	NA	
535	chr11:87715586-87716041	1	-63	NA	
536	chr11:87885376-87886243	3	NA	NA	
537	chr11:87961349-87962191	3	NA	NA	
538	chr11:88430232-88430818	3	NA	NA	
539	chr11:90037014-90037649	1	38	NA	
540	chr11:90064921-90065370	2	NA	80	
541	chr11:93623317-93623742	2	-56	72	
542	chr11:93851845-93852577	1	-97	NA	
543	chr11:94407824-94408415	3	NA	NA	
544	chr11:94774581-94775167	2	29	59	
545	chr11:95172700-95173300	1	87	NA	
546	chr11:96257522-96258070	2	58	44	
547	chr11:96276236-96276565	1	20	NA	
548	chr11:96694799-96695181	2	-128	67	
549	chr11:96845599-96846052	1	-150	NA	
550	chr11:96975022-96975737	1	138	NA	
551	chr11:97348314-97348783	1	-146	NA	
552	chr11:97480993-97481524	2	NA	-70	
553	chr11:97842182-97842668	1	170	NA	
554	chr11:98285819-98286937	1	-174	NA	
555	chr11:98367529-98368000	1	117	NA	
556	chr11:98534844-98535237	1	-157	NA	
557	chr11:99066626-99067132	1	58	NA	
558	chr11:100398000-100398405	1	-157	NA	
559	chr11:100681728-100682200	1	-81	NA	
560	chr11:100707753-100708047	2	NA	81	
561	chr11:100934002-100934545	1	152	NA	
562	chr11:101037652-101038078	2	NA	-59	
563	chr11:101474432-101474765	1	-124	NA	
564	chr11:102814623-102815177	3	NA	NA	
565	chr11:104366776-104367211	1	-118	NA	
566	chr11:104476904-104477608	1	123	NA	
567	chr11:104784619-104785162	1	140	NA	
568	chr11:105882763-105883027	1	-2	NA	
569	chr11:106084953-106085237	1	28	NA	
570	chr11:106169765-106170120	3	NA	NA	
571	chr11:106254845-106255253	1	-152	NA	
572	chr11:106300983-106301471	1	-80	NA	
573	chr11:106372697-106373036	1	-80	NA	
574	chr11:106568199-106568856	3	NA	NA	
575	chr11:106606345-106606960	2	-136	70	
576	chr11:108726666-108727519	2	-108	121	
577	chr11:108843870-108844221	1	134	NA	
578	chr11:108980919-108981177	1	79	NA	
579	chr11:109196447-109197086	1	-0	NA	
580	chr11:109438399-109438794	1	149	NA	
581	chr11:110214724-110215368	1	-102	NA	
582	chr11:111503801-111504326	2	93	146	
583	chr11:113525631-113526237	1	-77	NA	
584	chr11:115152037-115152561	1	126	NA	
585	chr11:115235214-115235705	1	-117	NA	
586	chr11:115297656-115298035	2	-146	-96	
587	chr11:115319995-115320543	1	-130	NA	
588	chr11:115528902-115529310	1	48	NA	
589	chr11:115562820-115563192	1	-93	NA	
590	chr11:116153463-116154076	2	140	-188	
591	chr11:116477277-116477480	1	115	NA	
592	chr11:116598773-116599352	1	-100	NA	
593	chr11:117415062-117415680	1	73	NA	
594	chr11:117752302-117752937	1	-119	NA	
595	chr11:119529403-119530036	1	50	NA	
596	chr11:120219614-120219974	1	-19	NA	
597	chr11:120854970-120855315	3	NA	NA	
598	chr12:3109866-3110221	3	NA	NA	
599	chr12:3264313-3265106	3	NA	NA	
600	chr12:3890155-3890575	1	-140	NA	
601	chr12:3982216-3982913	3	NA	NA	
602	chr12:9055220-9056126	1	-19	NA	
603	chr12:11256508-11257181	2	-47	-181	
604	chr12:12399049-12399589	1	23	NA	
605	chr12:15830404-15831128	2	NA	-179	
606	chr12:16033909-16034491	2	-106	-67	
607	chr12:16613888-16614218	1	86	NA	
608	chr12:16764644-16765253	1	184	NA	
609	chr12:17571132-17571618	1	-80	NA	
610	chr12:17751418-17751903	1	-133	NA	
611	chr12:21625071-21625513	1	-130	NA	
612	chr12:21697783-21698348	2	NA	-0	
613	chr12:25599469-25600321	3	NA	NA	
614	chr12:26041749-26042232	2	145	125	
615	chr12:29431953-29432774	3	NA	NA	
616	chr12:31951611-31952049	2	NA	72	
617	chr12:32792144-32792732	2	-93	-1	
618	chr12:33768154-33768782	1	93	NA	
619	chr12:35708628-35709458	1	119	NA	
620	chr12:36139523-36140263	3	NA	NA	
621	chr12:36271416-36271941	3	NA	NA	
622	chr12:36665601-36666385	1	74	NA	
623	chr12:40593654-40593987	1	-35	NA	
624	chr12:42984222-42984635	1	-70	NA	
625	chr12:52550267-52550995	1	66	NA	
626	chr12:52606326-52606953	1	104	NA	
627	chr12:53287953-53288661	3	NA	NA	
628	chr12:53565897-53566441	2	NA	8	
629	chr12:53720264-53720773	1	-55	NA	
630	chr12:53739701-53740316	1	-40	NA	
631	chr12:55109538-55109876	1	-117	NA	
632	chr12:55214836-55215321	1	174	NA	
633	chr12:55235049-55235642	2	NA	-89	
634	chr12:55488286-55488816	2	NA	141	
635	chr12:55968116-55968569	2	NA	15	
636	chr12:56381906-56382440	1	172	NA	
637	chr12:56638340-56638930	1	-59	NA	
638	chr12:56753810-56754434	1	134	NA	
639	chr12:65983732-65984542	3	NA	NA	
640	chr12:70388446-70388808	1	79	NA	
641	chr12:70463188-70463560	3	NA	NA	
642	chr12:70997263-70997834	1	103	NA	
643	chr12:71150733-71151253	2	-111	-149	
644	chr12:73968959-73969256	2	-88	-60	
645	chr12:74086736-74087229	1	-173	NA	
646	chr12:74409793-74410709	3	NA	NA	
647	chr12:74516979-74517749	1	-4	NA	
648	chr12:74611044-74611818	1	47	NA	
649	chr12:74639288-74639568	2	NA	28	
650	chr12:76606012-76606676	2	88	169	
651	chr12:77473143-77473441	3	NA	NA	
652	chr12:78032184-78032875	1	-73	NA	
653	chr12:78250146-78251116	1	-20	NA	
654	chr12:80310665-80311223	3	NA	NA	
655	chr12:80348522-80349135	1	56	NA	
656	chr12:81713507-81714360	1	158	NA	
657	chr12:82512872-82513373	1	181	NA	
658	chr12:82777910-82778507	1	102	NA	
659	chr12:83105937-83106348	2	-99	-68	
660	chr12:84923623-84924055	1	-181	NA	
661	chr12:85662641-85663008	1	-61	NA	
662	chr12:86333633-86334077	3	NA	NA	
663	chr12:86521402-86522083	3	NA	NA	
664	chr12:86834139-86835125	1	-119	NA	
665	chr12:86860463-86860991	3	NA	NA	
666	chr12:86936240-86936728	2	NA	-181	
667	chr12:87576464-87576836	1	-67	NA	
668	chr12:87833947-87835013	1	-0	NA	
669	chr12:88082133-88082484	1	-34	NA	
670	chr12:88942070-88942496	2	NA	-116	
671	chr12:89869385-89869971	2	NA	61	
672	chr12:91144272-91144844	1	-35	NA	
673	chr12:91470824-91471710	1	114	NA	
674	chr12:97457329-97457703	1	-34	NA	
675	chr12:98647700-98648468	1	-150	NA	
676	chr12:98670630-98671298	2	-41	100	
677	chr12:99759733-99760077	3	NA	NA	
678	chr12:99962375-99962819	2	NA	-109	
679	chr12:100237340-100237612	1	138	NA	
680	chr12:100507991-100508699	1	91	NA	
681	chr12:101395134-101395669	2	-88	67	
682	chr12:101821493-101822019	3	NA	NA	
683	chr12:102217845-102218298	1	69	NA	
684	chr12:102820251-102820731	3	NA	NA	
685	chr12:102857797-102858220	2	-28	-44	
686	chr12:103006641-103007183	2	-35	74	
687	chr12:103075608-103076133	2	NA	28	
688	chr12:103145756-103146314	1	-85	NA	
689	chr12:103732312-103733129	3	NA	NA	
690	chr12:104458983-104459313	3	NA	NA	
691	chr12:106435121-106435835	1	190	NA	
692	chr12:106711906-106712736	2	NA	-111	
693	chr12:106966187-106966898	2	91	113	
694	chr12:107059455-107059801	1	-67	NA	
695	chr12:107560928-107561514	1	178	NA	
696	chr12:107608323-107608721	3	NA	NA	
697	chr12:107950205-107950642	2	-80	8	
698	chr12:108176937-108177612	1	-82	NA	
699	chr12:108177646-108178134	1	-88	NA	
700	chr12:109003285-109003805	3	NA	NA	
701	chr12:109904480-109904965	1	-88	NA	
702	chr12:110945272-110945795	1	-24	NA	
703	chr12:110950802-110951438	1	-69	NA	
704	chr12:111185759-111186191	1	-182	NA	
705	chr12:111699738-111700130	2	34	-142	
706	chr12:112007716-112008061	3	NA	NA	
707	chr12:112291184-112291646	2	NA	-182	
708	chr12:112319737-112320360	2	NA	-146	
709	chr12:112354011-112354739	1	41	NA	
710	chr12:113281139-113281713	2	135	166	
711	chr12:113302664-113303122	3	NA	NA	
712	chr12:113317803-113318343	1	-97	NA	
713	chr12:113615757-113616355	2	NA	-176	
714	chr12:115056996-115057643	3	NA	NA	
715	chr12:115238473-115239081	2	NA	110	
716	chr12:115438718-115439104	1	114	NA	
717	chr12:115759775-115760102	3	NA	NA	
718	chr12:116051383-116051916	3	NA	NA	
719	chr12:116295506-116295724	2	NA	-118	
720	chr12:116335445-116335996	1	168	NA	
721	chr12:116696353-116697006	1	146	NA	
722	chr13:3372064-3372548	1	-80	NA	
723	chr13:4255997-4256465	1	146	NA	
724	chr13:5305356-5305903	1	-99	NA	
725	chr13:5312079-5312579	1	154	NA	
726	chr13:6251412-6251767	1	-60	NA	
727	chr13:6403785-6404083	3	NA	NA	
728	chr13:6450918-6451371	1	98	NA	
729	chr13:6452254-6453128	1	-20	NA	
730	chr13:8456023-8456476	1	-128	NA	
731	chr13:9010816-9011506	3	NA	NA	
732	chr13:10065849-10066463	2	NA	-190	
733	chr13:12644892-12645305	1	59	NA	
734	chr13:13396889-13397300	2	NA	45	
735	chr13:13753905-13754352	1	-116	NA	
736	chr13:16815964-16816414	2	-13	-127	
737	chr13:17587929-17588403	1	-122	NA	
738	chr13:19191150-19192202	3	NA	NA	
739	chr13:19644416-19644786	1	111	NA	
740	chr13:20268811-20269512	2	NA	-165	
741	chr13:21188790-21189257	1	182	NA	
742	chr13:21242012-21242413	1	57	NA	
743	chr13:21982531-21982996	3	NA	NA	
744	chr13:22012927-22013437	1	-39	NA	
745	chr13:23526402-23527095	1	1	NA	
746	chr13:23628543-23629164	1	-43	NA	
747	chr13:23692231-23693274	2	NA	101	
748	chr13:23768914-23769484	3	NA	NA	
749	chr13:24025006-24025684	2	-66	-123	
750	chr13:24541095-24541876	1	-114	NA	
751	chr13:24623270-24623752	1	-77	NA	
752	chr13:28700313-28701043	1	167	NA	
753	chr13:28950326-28950797	2	9	80	
754	chr13:29242585-29243093	1	43	NA	
755	chr13:29753840-29754497	2	NA	-39	
756	chr13:30173489-30174544	1	-99	NA	
757	chr13:30199454-30200091	1	-61	NA	
758	chr13:30266688-30267187	3	NA	NA	
759	chr13:31812479-31813290	1	-65	NA	
760	chr13:32186941-32187468	1	163	NA	
761	chr13:32187480-32187908	1	24	NA	
762	chr13:34126503-34127172	3	NA	NA	
763	chr13:34871416-34872419	3	NA	NA	
764	chr13:35763344-35763960	1	-88	NA	
765	chr13:35829257-35829623	2	NA	72	
766	chr13:37129114-37129724	1	-52	NA	
767	chr13:37545250-37545716	2	-18	2	
768	chr13:41249784-41250241	1	-108	NA	
769	chr13:42311483-42312074	1	-4	NA	
770	chr13:44350705-44351097	1	20	NA	
771	chr13:45003670-45004252	2	70	5	
772	chr13:45052114-45052656	3	NA	NA	
773	chr13:45167235-45167825	1	-120	NA	
774	chr13:45914948-45915540	3	NA	NA	
775	chr13:45925107-45925667	3	NA	NA	
776	chr13:46855990-46856439	1	26	NA	
777	chr13:48540491-48540965	3	NA	NA	
778	chr13:49318988-49319290	2	-167	-115	
779	chr13:51779815-51780594	2	NA	59	
780	chr13:51792837-51793320	1	149	NA	
781	chr13:51821227-51821648	1	73	NA	
782	chr13:52733872-52734230	3	NA	NA	
783	chr13:52813184-52813578	1	-157	NA	
784	chr13:52820038-52820444	2	NA	128	
785	chr13:52995021-52995614	2	-114	136	
786	chr13:54583295-54583760	1	-34	NA	
787	chr13:55472458-55472830	1	90	NA	
788	chr13:56035636-56036237	2	NA	162	
789	chr13:56305273-56305674	2	-8	-113	
790	chr13:56516298-56517425	1	-177	NA	
791	chr13:56713396-56713889	1	-37	NA	
792	chr13:58126374-58126918	1	-67	NA	
793	chr13:58397439-58398071	1	-128	NA	
794	chr13:59478093-59478570	2	-25	-123	
795	chr13:59787925-59788552	1	63	NA	
796	chr13:60477802-60478289	1	-32	NA	
797	chr13:60747956-60748402	1	-12	NA	
798	chr13:62889789-62890250	2	NA	179	
799	chr13:62927582-62928029	1	103	NA	
800	chr13:64255415-64255934	1	-178	NA	
801	chr13:64425604-64426383	3	NA	NA	
802	chr13:64455410-64456120	3	NA	NA	
803	chr13:64464755-64465247	1	67	NA	
804	chr13:67426051-67427122	2	112	-67	
805	chr13:67933281-67933833	1	93	NA	
806	chr13:69048672-69049127	3	NA	NA	
807	chr13:75106229-75106707	2	NA	190	
808	chr13:76344019-76344484	3	NA	NA	
809	chr13:77902358-77902725	3	NA	NA	
810	chr13:82135636-82136671	1	-172	NA	
811	chr13:83553339-83553862	1	-189	NA	
812	chr13:85691309-85692599	1	76	NA	
813	chr13:85978112-85978659	2	NA	131	
814	chr13:89731021-89731644	1	-172	NA	
815	chr13:91488459-91489046	1	-53	NA	
816	chr13:93774713-93775113	1	26	NA	
817	chr13:94230484-94230968	1	-53	NA	
818	chr13:94871908-94872317	2	NA	74	
819	chr13:95895331-95895994	3	NA	NA	
820	chr13:96693689-96694177	2	-65	-33	
821	chr13:96797575-96798300	3	NA	NA	
822	chr13:97057147-97057661	2	NA	-82	
823	chr13:97829931-97830373	1	-128	NA	
824	chr13:98291150-98291426	3	NA	NA	
825	chr13:98862295-98862644	1	111	NA	
826	chr13:99891811-99892203	2	-66	-163	
827	chr13:100002988-100003832	1	5	NA	
828	chr13:100226275-100226736	1	-153	NA	
829	chr13:100246499-100246993	1	120	NA	
830	chr13:100445510-100445972	1	60	NA	
831	chr13:100498791-100499495	1	150	NA	
832	chr13:102073368-102073786	1	88	NA	
833	chr13:102836733-102837271	1	-144	NA	
834	chr13:104891119-104891724	1	-94	NA	
835	chr13:105297378-105297825	1	79	NA	
836	chr13:105406211-105406758	1	-175	NA	
837	chr13:105694728-105695170	3	NA	NA	
838	chr13:105743409-105744013	2	106	-142	
839	chr13:105899344-105900077	3	NA	NA	
840	chr13:106398847-106399276	1	-109	NA	
841	chr13:108215759-108216115	1	-108	NA	
842	chr13:108729137-108729672	1	-158	NA	
843	chr13:110692087-110692943	3	NA	NA	
844	chr13:112777696-112778151	1	107	NA	
845	chr13:113560223-113560749	1	-143	NA	
846	chr13:113780528-113780988	3	NA	NA	
847	chr13:114191759-114192723	2	NA	164	
848	chr13:114221443-114222062	1	79	NA	
849	chr13:114222707-114223232	1	185	NA	
850	chr13:114246034-114246494	1	106	NA	
851	chr13:114374930-114375414	1	-102	NA	
852	chr13:114700650-114701435	1	52	NA	
853	chr13:115913971-115914587	3	NA	NA	
854	chr13:116016594-116017178	2	176	130	
855	chr13:118262967-118263407	3	NA	NA	
856	chr13:118295740-118296081	1	144	NA	
857	chr14:6635184-6635770	3	NA	NA	
858	chr14:7048641-7048931	2	-116	158	
859	chr14:14966515-14967306	2	-80	42	
860	chr14:15159662-15160385	3	NA	NA	
861	chr14:16699024-16699601	1	134	NA	
862	chr14:17613863-17614121	3	NA	NA	
863	chr14:19561304-19561825	1	-156	NA	
864	chr14:19574072-19574694	1	-15	NA	
865	chr14:20285391-20285878	1	144	NA	
866	chr14:20328083-20328790	2	-132	176	
867	chr14:20349234-20349617	3	NA	NA	
868	chr14:22189536-22190143	2	-131	13	
869	chr14:22263799-22264507	2	NA	94	
870	chr14:23865599-23866128	1	59	NA	
871	chr14:23977730-23978255	3	NA	NA	
872	chr14:28826213-28826686	3	NA	NA	
873	chr14:28839020-28839584	1	82	NA	
874	chr14:30243126-30243636	2	-92	-169	
875	chr14:30262405-30262845	2	NA	92	
876	chr14:30399026-30399945	1	-58	NA	
877	chr14:30738155-30738891	1	90	NA	
878	chr14:33504061-33504682	3	NA	NA	
879	chr14:35145749-35146656	3	NA	NA	
880	chr14:44249627-44250374	1	131	NA	
881	chr14:44532718-44533099	1	145	NA	
882	chr14:45825651-45826040	1	-55	NA	
883	chr14:45916625-45917050	1	-56	NA	
884	chr14:46288618-46289102	2	NA	47	
885	chr14:47344123-47344458	2	123	0	
886	chr14:49744175-49744740	1	154	NA	
887	chr14:50043574-50044028	1	-187	NA	
888	chr14:51411426-51412027	1	-53	NA	
889	chr14:51560087-51560819	1	-10	NA	
890	chr14:51674810-51675468	1	73	NA	
891	chr14:52054147-52054701	1	-131	NA	
892	chr14:52061237-52061625	3	NA	NA	
893	chr14:52411849-52412725	1	-106	NA	
894	chr14:52642244-52642662	1	15	NA	
895	chr14:52855704-52856239	1	-97	NA	
896	chr14:52861234-52861906	1	102	NA	
897	chr14:53185067-53185879	2	NA	44	
898	chr14:53315444-53315894	3	NA	NA	
899	chr14:53471801-53472251	2	NA	-125	
900	chr14:53756661-53756995	2	NA	88	
901	chr14:54336485-54336740	1	105	NA	
902	chr14:54557828-54558379	1	45	NA	
903	chr14:54572888-54573230	2	113	9	
904	chr14:57865194-57865549	2	NA	72	
905	chr14:59546784-59547386	1	-156	NA	
906	chr14:60001388-60001861	1	-189	NA	
907	chr14:60308599-60309004	1	165	NA	
908	chr14:60615778-60616191	1	-68	NA	
909	chr14:61072684-61073437	2	NA	-57	
910	chr14:61172923-61173460	2	-146	-75	
911	chr14:61752904-61753503	1	-56	NA	
912	chr14:61882086-61882584	1	72	NA	
913	chr14:63398238-63398467	1	-85	NA	
914	chr14:63838690-63839540	1	-91	NA	
915	chr14:63869298-63869868	1	101	NA	
916	chr14:64054853-64055659	1	140	NA	
917	chr14:64502206-64502821	1	78	NA	
918	chr14:65143374-65143902	1	149	NA	
919	chr14:67941434-67942065	1	137	NA	
920	chr14:68006366-68007051	1	-156	NA	
921	chr14:69551484-69551931	2	NA	-72	
922	chr14:69881327-69881903	1	122	NA	
923	chr14:71819323-71819723	1	-157	NA	
924	chr14:72125466-72126140	3	NA	NA	
925	chr14:73430727-73431229	2	NA	40	
926	chr14:74247357-74247831	1	54	NA	
927	chr14:74320659-74320976	1	51	NA	
928	chr14:74817191-74817671	1	-54	NA	
929	chr14:74922671-74923066	3	NA	NA	
930	chr14:75418144-75418711	2	-42	-67	
931	chr14:76119145-76119732	2	-109	-139	
932	chr14:77168617-77169263	1	150	NA	
933	chr14:77352782-77353337	1	131	NA	
934	chr14:85478286-85478819	1	155	NA	
935	chr14:85972741-85973299	1	-42	NA	
936	chr14:86271420-86272015	1	-40	NA	
937	chr14:86545604-86546041	2	NA	-168	
938	chr14:99342411-99342841	1	58	NA	
939	chr14:100335468-100336250	2	-100	31	
940	chr14:100778784-100779333	1	-28	NA	
941	chr14:101696685-101697123	2	NA	67	
942	chr14:101964806-101965258	1	30	NA	
943	chr14:104585844-104586594	3	NA	NA	
944	chr14:120617842-120618508	3	NA	NA	
945	chr14:120618876-120619874	1	180	NA	
946	chr14:120656494-120656884	1	-73	NA	
947	chr14:121122738-121123269	1	-31	NA	
948	chr15:5393466-5394000	1	104	NA	
949	chr15:5457726-5458644	2	NA	-146	
950	chr15:5724184-5724868	1	-89	NA	
951	chr15:6539684-6540482	1	6	NA	
952	chr15:6551521-6551996	1	-141	NA	
953	chr15:8509775-8510377	3	NA	NA	
954	chr15:9416877-9417557	1	133	NA	
955	chr15:9525509-9526099	1	-103	NA	
956	chr15:10030152-10030653	1	-87	NA	
957	chr15:11952771-11953199	2	NA	-15	
958	chr15:12036724-12037187	1	-85	NA	
959	chr15:14469637-14470011	3	NA	NA	
960	chr15:25214366-25214796	2	148	109	
961	chr15:25246636-25247158	1	-187	NA	
962	chr15:25441788-25442467	1	126	NA	
963	chr15:25562700-25563232	1	125	NA	
964	chr15:33961477-33962007	2	134	191	
965	chr15:34002031-34002545	1	28	NA	
966	chr15:34009072-34009560	2	153	23	
967	chr15:36106787-36107390	1	47	NA	
968	chr15:36551795-36552150	2	NA	-3	
969	chr15:36950660-36951112	3	NA	NA	
970	chr15:41580803-41581156	2	160	131	
971	chr15:41960980-41961671	3	NA	NA	
972	chr15:44450622-44451290	1	177	NA	
973	chr15:48431470-48431999	2	NA	177	
974	chr15:50137245-50137922	1	-159	NA	
975	chr15:50528665-50529095	2	NA	38	
976	chr15:51676625-51677093	1	146	NA	
977	chr15:55029238-55029813	3	NA	NA	
978	chr15:55377073-55377631	1	-53	NA	
979	chr15:57460063-57460373	1	-48	NA	
980	chr15:57532903-57533278	2	NA	151	
981	chr15:57650601-57651027	1	76	NA	
982	chr15:58840813-58841212	1	-46	NA	
983	chr15:59349577-59350037	2	NA	-163	
984	chr15:59481821-59482380	2	NA	173	
985	chr15:61069576-61070019	1	167	NA	
986	chr15:61821923-61822752	3	NA	NA	
987	chr15:62715379-62715766	3	NA	NA	
988	chr15:63085024-63086193	1	12	NA	
989	chr15:63109283-63109869	1	-16	NA	
990	chr15:63446617-63447122	2	NA	-185	
991	chr15:66618577-66619074	2	134	120	
992	chr15:66648043-66648621	1	-125	NA	
993	chr15:66874853-66875383	3	NA	NA	
994	chr15:66933002-66933595	1	-66	NA	
995	chr15:66958575-66958878	1	106	NA	
996	chr15:67239540-67240010	1	164	NA	
997	chr15:72989019-72989615	2	NA	80	
998	chr15:73552249-73552647	1	-82	NA	
999	chr15:74741638-74742158	1	27	NA	
1000	chr15:74913232-74914409	2	NA	176	
1001	chr15:75144463-75145148	1	-31	NA	
1002	chr15:76498088-76498430	2	-70	-35	
1003	chr15:76976684-76977275	1	99	NA	
1004	chr15:77048087-77048494	1	-103	NA	
1005	chr15:77798185-77798703	1	-83	NA	
1006	chr15:78322203-78322757	1	52	NA	
1007	chr15:78403489-78404006	3	NA	NA	
1008	chr15:78532042-78532377	3	NA	NA	
1009	chr15:78750742-78751226	2	171	77	
1010	chr15:79515729-79516317	3	NA	NA	
1011	chr15:80365238-80365932	1	-135	NA	
1012	chr15:80408538-80408941	1	102	NA	
1013	chr15:80761990-80762691	1	60	NA	
1014	chr15:81026670-81027182	2	NA	140	
1015	chr15:81843369-81843881	1	135	NA	
1016	chr15:82742126-82742673	3	NA	NA	
1017	chr15:83225729-83227074	2	NA	141	
1018	chr15:85217759-85218170	1	75	NA	
1019	chr15:85636856-85637427	3	NA	NA	
1020	chr15:85995911-85996531	1	47	NA	
1021	chr15:88252002-88252334	3	NA	NA	
1022	chr15:91444134-91444549	1	176	NA	
1023	chr15:91889057-91889761	1	-17	NA	
1024	chr15:93776539-93777094	1	-56	NA	
1025	chr15:93825999-93826652	2	-95	-136	
1026	chr15:94062757-94063864	1	168	NA	
1027	chr15:95585242-95585627	2	-160	-171	
1028	chr15:95700506-95701032	3	NA	NA	
1029	chr15:95718422-95718988	2	NA	155	
1030	chr15:96371289-96371648	1	181	NA	
1031	chr15:96478631-96479344	1	70	NA	
1032	chr15:97076454-97076980	1	-31	NA	
1033	chr15:97201030-97201570	3	NA	NA	
1034	chr15:97218585-97219072	1	100	NA	
1035	chr15:97283599-97284108	2	-29	-188	
1036	chr15:97576288-97576684	1	-76	NA	
1037	chr15:97672129-97672744	1	-68	NA	
1038	chr15:97989948-97990462	1	-41	NA	
1039	chr15:98334305-98334691	2	55	-83	
1040	chr15:98820295-98820965	2	100	-170	
1041	chr15:98837015-98837833	3	NA	NA	
1042	chr15:98953544-98954198	2	NA	188	
1043	chr15:98958200-98958935	2	NA	-24	
1044	chr15:99031128-99031478	3	NA	NA	
1045	chr15:99079664-99080059	3	NA	NA	
1046	chr15:99864819-99865137	3	NA	NA	
1047	chr15:100245864-100246230	2	NA	107	
1048	chr15:100725539-100726003	2	NA	162	
1049	chr15:100975330-100975756	1	60	NA	
1050	chr15:100980162-100980817	3	NA	NA	
1051	chr15:101724329-101724732	2	-47	170	
1052	chr15:102053248-102053679	2	NA	-161	
1053	chr15:102067172-102067698	1	103	NA	
1054	chr15:103096931-103097449	3	NA	NA	
1055	chr16:3813045-3813344	1	132	NA	
1056	chr16:3891634-3891914	2	-70	-167	
1057	chr16:4297848-4298553	3	NA	NA	
1058	chr16:4354106-4354595	1	-176	NA	
1059	chr16:4498905-4499484	2	-132	152	
1060	chr16:4697706-4698216	2	119	-80	
1061	chr16:5297592-5297920	1	-124	NA	
1062	chr16:5308750-5309293	1	48	NA	
1063	chr16:5370934-5371498	3	NA	NA	
1064	chr16:8321871-8322411	1	162	NA	
1065	chr16:8555105-8555568	1	-25	NA	
1066	chr16:10383037-10383404	3	NA	NA	
1067	chr16:10467193-10468046	1	75	NA	
1068	chr16:10586016-10586472	1	-103	NA	
1069	chr16:10882933-10883292	2	100	161	
1070	chr16:11022817-11023079	3	NA	NA	
1071	chr16:11198320-11198977	2	NA	-142	
1072	chr16:13779393-13779941	1	-165	NA	
1073	chr16:15673722-15674298	1	-152	NA	
1074	chr16:15674541-15675056	1	-54	NA	
1075	chr16:16891883-16892627	3	NA	NA	
1076	chr16:16929245-16929818	1	121	NA	
1077	chr16:17366476-17367007	2	40	-22	
1078	chr16:17862803-17863316	3	NA	NA	
1079	chr16:17988769-17989166	1	119	NA	
1080	chr16:18373497-18374088	2	18	-49	
1081	chr16:18631480-18631983	2	143	-171	
1082	chr16:20104688-20105485	1	-154	NA	
1083	chr16:20197452-20198020	2	NA	130	
1084	chr16:21745447-21746014	2	111	-45	
1085	chr16:22311018-22311776	1	-167	NA	
1086	chr16:22346781-22347546	2	-19	121	
1087	chr16:22432070-22432610	1	176	NA	
1088	chr16:23089922-23090993	1	45	NA	
1089	chr16:23388247-23388707	1	-56	NA	
1090	chr16:24066153-24066804	1	120	NA	
1091	chr16:24263556-24264106	2	-72	48	
1092	chr16:24454091-24454757	1	-161	NA	
1093	chr16:24792391-24792745	1	-155	NA	
1094	chr16:30143723-30144540	2	119	62	
1095	chr16:30294113-30294694	1	72	NA	
1096	chr16:30776620-30776964	2	-50	168	
1097	chr16:31641516-31642168	1	-115	NA	
1098	chr16:31674158-31674703	1	-73	NA	
1099	chr16:31993737-31994379	3	NA	NA	
1100	chr16:32007626-32008222	3	NA	NA	
1101	chr16:32050697-32051176	1	-142	NA	
1102	chr16:32082949-32083560	1	-48	NA	
1103	chr16:32626882-32627193	2	160	101	
1104	chr16:32732591-32733018	3	NA	NA	
1105	chr16:32773110-32773437	1	-1	NA	
1106	chr16:33263244-33263760	2	113	-129	
1107	chr16:33607604-33608241	1	-99	NA	
1108	chr16:34437782-34438089	1	-171	NA	
1109	chr16:38504389-38504880	2	9	-107	
1110	chr16:38648934-38649382	2	-165	-176	
1111	chr16:38675276-38675649	1	77	NA	
1112	chr16:42091692-42092434	2	105	180	
1113	chr16:43331142-43331756	2	NA	-66	
1114	chr16:43609438-43610235	2	NA	93	
1115	chr16:44611072-44611575	1	-175	NA	
1116	chr16:44677365-44678054	1	51	NA	
1117	chr16:44944405-44945042	3	NA	NA	
1118	chr16:45142804-45143539	1	59	NA	
1119	chr16:45171202-45171842	2	NA	156	
1120	chr16:45255421-45256311	1	28	NA	
1121	chr16:45861267-45862136	2	116	131	
1122	chr16:48696318-48697582	2	NA	133	
1123	chr16:48705796-48706649	1	-31	NA	
1124	chr16:48728891-48729762	1	23	NA	
1125	chr16:49619260-49619915	2	NA	-57	
1126	chr16:49694123-49694753	1	-88	NA	
1127	chr16:49710327-49711043	2	-41	-189	
1128	chr16:50655415-50656105	1	24	NA	
1129	chr16:51313031-51313776	2	NA	124	
1130	chr16:51326290-51326956	3	NA	NA	
1131	chr16:51594350-51594765	2	NA	-179	
1132	chr16:51671159-51671795	1	-63	NA	
1133	chr16:52000749-52001812	1	187	NA	
1134	chr16:52092727-52093274	1	-0	NA	
1135	chr16:55999717-56000157	1	-32	NA	
1136	chr16:57188314-57188775	1	115	NA	
1137	chr16:57392405-57392999	2	74	-51	
1138	chr16:57506384-57507017	2	84	64	
1139	chr16:57525993-57526636	3	NA	NA	
1140	chr16:62837905-62838587	2	NA	82	
1141	chr16:62882597-62883029	1	-129	NA	
1142	chr16:64700512-64701267	2	NA	12	
1143	chr16:64792513-64792982	2	124	-180	
1144	chr16:66352816-66353336	3	NA	NA	
1145	chr16:70196149-70196653	1	-39	NA	
1146	chr16:70450953-70451514	1	90	NA	
1147	chr16:76108176-76108646	1	113	NA	
1148	chr16:76132055-76132900	3	NA	NA	
1149	chr16:76166346-76166938	1	27	NA	
1150	chr16:76181872-76182716	1	-32	NA	
1151	chr16:76198137-76198760	2	180	-3	
1152	chr16:76216868-76217351	1	-116	NA	
1153	chr16:76236873-76237789	1	-74	NA	
1154	chr16:76431854-76432736	1	-129	NA	
1155	chr16:76891600-76892124	2	24	57	
1156	chr16:76898575-76899539	3	NA	NA	
1157	chr16:76977825-76978175	1	-114	NA	
1158	chr16:79765042-79766067	3	NA	NA	
1159	chr16:87550656-87551255	1	148	NA	
1160	chr16:87590129-87590752	2	NA	34	
1161	chr16:87615180-87615705	1	-149	NA	
1162	chr16:89861839-89862293	1	-18	NA	
1163	chr16:89874714-89875313	2	65	-186	
1164	chr16:89882386-89882896	1	57	NA	
1165	chr16:91262939-91263798	1	46	NA	
1166	chr16:91336853-91337461	1	110	NA	
1167	chr16:91359171-91359717	1	102	NA	
1168	chr16:91379634-91380149	1	77	NA	
1169	chr16:91423346-91423651	1	36	NA	
1170	chr16:93152353-93153139	1	21	NA	
1171	chr16:93664906-93665451	1	-114	NA	
1172	chr16:94740412-94740984	1	108	NA	
1173	chr16:95543138-95543630	3	NA	NA	
1174	chr16:95842584-95842993	3	NA	NA	
1175	chr16:95858901-95859713	2	NA	86	
1176	chr16:95965677-95966171	1	54	NA	
1177	chr16:95990986-95991262	1	-97	NA	
1178	chr16:96378363-96378695	2	-117	-36	
1179	chr17:3166094-3166439	2	-67	103	
1180	chr17:5397453-5397934	1	-71	NA	
1181	chr17:5760843-5761262	2	122	18	
1182	chr17:7013584-7014046	2	-64	-32	
1183	chr17:8110588-8111060	1	104	NA	
1184	chr17:10055132-10055663	3	NA	NA	
1185	chr17:12337742-12338331	1	-134	NA	
1186	chr17:12623765-12624221	3	NA	NA	
1187	chr17:12701196-12701553	2	-12	-131	
1188	chr17:12826832-12827454	2	-147	53	
1189	chr17:15536486-15536955	3	NA	NA	
1190	chr17:17099024-17099617	3	NA	NA	
1191	chr17:17313169-17313732	3	NA	NA	
1192	chr17:22525799-22526264	2	NA	152	
1193	chr17:23290872-23291659	1	-145	NA	
1194	chr17:23482135-23482565	1	-10	NA	
1195	chr17:23498180-23498668	1	-57	NA	
1196	chr17:23585948-23586787	1	62	NA	
1197	chr17:24911764-24912394	2	49	90	
1198	chr17:26118328-26118668	1	142	NA	
1199	chr17:27050760-27051125	3	NA	NA	
1200	chr17:27519845-27520573	1	136	NA	
1201	chr17:27546399-27546899	1	76	NA	
1202	chr17:27844936-27845433	3	NA	NA	
1203	chr17:28018927-28019279	3	NA	NA	
1204	chr17:28340077-28340736	1	-86	NA	
1205	chr17:28463406-28463987	1	-162	NA	
1206	chr17:28609896-28610540	1	54	NA	
1207	chr17:28777357-28777573	1	-67	NA	
1208	chr17:28838695-28839065	1	-89	NA	
1209	chr17:29074121-29074423	1	-100	NA	
1210	chr17:29084713-29085256	1	-98	NA	
1211	chr17:29496441-29496773	1	-47	NA	
1212	chr17:29706850-29707643	1	23	NA	
1213	chr17:29754219-29755190	1	-163	NA	
1214	chr17:29885881-29886151	1	67	NA	
1215	chr17:30952645-30953178	2	92	-180	
1216	chr17:32052455-32053070	1	-73	NA	
1217	chr17:32771647-32772132	1	108	NA	
1218	chr17:33432587-33432962	2	NA	-177	
1219	chr17:34005768-34006191	3	NA	NA	
1220	chr17:34239055-34239437	1	94	NA	
1221	chr17:34676228-34676596	2	NA	-90	
1222	chr17:34782574-34783014	1	-71	NA	
1223	chr17:34948589-34949065	2	NA	119	
1224	chr17:35631567-35632164	2	NA	35	
1225	chr17:35839227-35839738	1	189	NA	
1226	chr17:36433618-36434149	3	NA	NA	
1227	chr17:36590397-36591038	2	NA	138	
1228	chr17:36617136-36617834	1	126	NA	
1229	chr17:39450957-39456976	3	NA	NA	
1230	chr17:42463355-42463870	1	-33	NA	
1231	chr17:42730307-42730868	1	-83	NA	
1232	chr17:43585448-43585906	3	NA	NA	
1233	chr17:44117527-44118075	1	86	NA	
1234	chr17:44282499-44283310	1	54	NA	
1235	chr17:44953679-44954280	1	-2	NA	
1236	chr17:46175551-46176176	1	-100	NA	
1237	chr17:46311887-46312385	1	164	NA	
1238	chr17:47754952-47755226	1	84	NA	
1239	chr17:49796175-49796482	3	NA	NA	
1240	chr17:49891740-49892041	1	-23	NA	
1241	chr17:50096339-50096780	1	-73	NA	
1242	chr17:50243006-50243392	1	41	NA	
1243	chr17:50873145-50873955	1	129	NA	
1244	chr17:51278847-51279567	1	175	NA	
1245	chr17:51371298-51372074	2	NA	17	
1246	chr17:51501238-51501569	1	-146	NA	
1247	chr17:51627032-51628258	1	146	NA	
1248	chr17:51743043-51744088	2	NA	128	
1249	chr17:51776801-51777323	2	NA	-190	
1250	chr17:51813189-51814172	1	42	NA	
1251	chr17:55910815-55911407	1	160	NA	
1252	chr17:56745464-56746101	1	31	NA	
1253	chr17:56879608-56880115	2	NA	-172	
1254	chr17:57023230-57023915	1	-26	NA	
1255	chr17:59922128-59922501	2	NA	144	
1256	chr17:66006419-66006906	1	-115	NA	
1257	chr17:66394855-66395238	1	89	NA	
1258	chr17:69170022-69170454	1	165	NA	
1259	chr17:70811752-70812311	1	93	NA	
1260	chr17:70878080-70879042	1	183	NA	
1261	chr17:71365042-71365721	2	90	103	
1262	chr17:72806832-72807471	3	NA	NA	
1263	chr17:72844628-72845091	3	NA	NA	
1264	chr17:73046804-73047716	3	NA	NA	
1265	chr17:73074511-73075040	1	-62	NA	
1266	chr17:74298888-74299450	1	91	NA	
1267	chr17:80053952-80054584	2	NA	-163	
1268	chr17:80067186-80067529	1	-67	NA	
1269	chr17:80268547-80268920	1	89	NA	
1270	chr17:83215328-83215710	2	-188	161	
1271	chr17:83302384-83302689	1	-77	NA	
1272	chr17:83871447-83872020	1	-113	NA	
1273	chr17:84024411-84025036	1	100	NA	
1274	chr17:84052952-84053448	1	-127	NA	
1275	chr17:84071287-84071754	1	61	NA	
1276	chr17:84238888-84239458	2	136	-82	
1277	chr17:84327940-84328531	2	NA	-48	
1278	chr17:84530116-84530681	1	-164	NA	
1279	chr17:85072378-85072795	3	NA	NA	
1280	chr17:85782374-85782975	2	-105	-124	
1281	chr17:86146997-86147455	1	50	NA	
1282	chr17:86586652-86587159	1	-95	NA	
1283	chr17:86687525-86687839	2	-8	22	
1284	chr17:86788605-86789152	2	NA	-138	
1285	chr17:87110794-87111427	3	NA	NA	
1286	chr17:87950708-87951521	2	NA	18	
1287	chr18:3005174-3006088	1	122	NA	
1288	chr18:3281556-3282052	2	87	-178	
1289	chr18:4182675-4183314	2	54	-89	
1290	chr18:4309165-4309780	2	NA	-134	
1291	chr18:6137581-6137949	1	86	NA	
1292	chr18:6514436-6515374	1	55	NA	
1293	chr18:7868184-7868534	1	158	NA	
1294	chr18:9380797-9381701	1	91	NA	
1295	chr18:9966507-9966909	3	NA	NA	
1296	chr18:12056728-12057211	1	45	NA	
1297	chr18:12269099-12269626	1	188	NA	
1298	chr18:13267542-13267986	2	NA	-190	
1299	chr18:14924197-14924694	1	137	NA	
1300	chr18:15451378-15451779	1	-39	NA	
1301	chr18:15604289-15604880	2	NA	15	
1302	chr18:21100030-21100509	1	72	NA	
1303	chr18:23708947-23709686	3	NA	NA	
1304	chr18:24055879-24056570	1	53	NA	
1305	chr18:24433123-24433498	2	89	26	
1306	chr18:27859237-27859463	3	NA	NA	
1307	chr18:31904331-31904805	3	NA	NA	
1308	chr18:33088287-33089084	1	16	NA	
1309	chr18:33096833-33097334	2	NA	112	
1310	chr18:34534585-34535074	1	-82	NA	
1311	chr18:35112191-35112665	1	58	NA	
1312	chr18:35878686-35879052	3	NA	NA	
1313	chr18:35947632-35948274	1	-18	NA	
1314	chr18:36688559-36688890	1	90	NA	
1315	chr18:38277565-38277990	2	NA	86	
1316	chr18:38609212-38609789	2	181	-90	
1317	chr18:38640520-38640924	1	-164	NA	
1318	chr18:38699665-38700014	1	-19	NA	
1319	chr18:39208799-39209362	3	NA	NA	
1320	chr18:39583751-39584166	1	-60	NA	
1321	chr18:39644986-39645993	2	NA	-89	
1322	chr18:40308272-40308857	2	NA	-96	
1323	chr18:40433982-40434372	2	NA	-29	
1324	chr18:42400783-42401439	1	123	NA	
1325	chr18:43569128-43569687	2	60	-77	
1326	chr18:46217917-46218435	2	96	-55	
1327	chr18:50134098-50134675	3	NA	NA	
1328	chr18:50139748-50140229	1	80	NA	
1329	chr18:50149460-50150030	1	-83	NA	
1330	chr18:55218915-55219371	2	8	54	
1331	chr18:55592151-55592811	1	-42	NA	
1332	chr18:56064745-56065001	1	56	NA	
1333	chr18:57182149-57182592	3	NA	NA	
1334	chr18:61009669-61010320	1	-63	NA	
1335	chr18:61173025-61173506	2	92	-71	
1336	chr18:62250720-62251490	1	-67	NA	
1337	chr18:62806691-62807319	3	NA	NA	
1338	chr18:62845323-62845720	2	14	57	
1339	chr18:67338060-67338448	2	-35	173	
1340	chr18:67850177-67850853	1	92	NA	
1341	chr18:69077045-69077437	1	80	NA	
1342	chr18:69199566-69199995	1	135	NA	
1343	chr18:69236745-69237202	2	-87	78	
1344	chr18:69469912-69470606	1	-73	NA	
1345	chr18:73603774-73604102	1	-81	NA	
1346	chr18:73752053-73752327	1	94	NA	
1347	chr18:73878883-73879381	3	NA	NA	
1348	chr18:73884269-73884884	1	125	NA	
1349	chr18:74393911-74394404	1	37	NA	
1350	chr18:75292792-75293314	2	NA	-91	
1351	chr18:75403919-75404490	2	-16	-112	
1352	chr18:75447354-75448074	1	-102	NA	
1353	chr18:75502752-75503315	2	96	124	
1354	chr18:77394356-77394948	2	NA	53	
1355	chr18:78182403-78182995	1	-71	NA	
1356	chr18:78374251-78374792	1	22	NA	
1357	chr18:78532436-78532886	1	-134	NA	
1358	chr18:79123636-79124031	2	NA	3	
1359	chr18:79465579-79466137	1	-88	NA	
1360	chr18:80900357-80900902	1	-43	NA	
1361	chr18:82024644-82025135	2	NA	164	
1362	chr18:82355489-82355941	3	NA	NA	
1363	chr18:82818483-82819140	3	NA	NA	
1364	chr18:82981173-82981632	1	-179	NA	
1365	chr18:83641898-83642345	2	NA	71	
1366	chr18:89058711-89059282	1	59	NA	
1367	chr19:3451745-3452634	3	NA	NA	
1368	chr19:3554195-3554679	1	-70	NA	
1369	chr19:3805230-3806109	3	NA	NA	
1370	chr19:3837475-3837879	1	114	NA	
1371	chr19:4119506-4120147	1	109	NA	
1372	chr19:4196301-4196552	2	66	-183	
1373	chr19:4878649-4879463	1	168	NA	
1374	chr19:5724249-5724781	2	153	-104	
1375	chr19:5802090-5802740	2	-146	-114	
1376	chr19:5911237-5911998	1	55	NA	
1377	chr19:7019792-7020176	1	29	NA	
1378	chr19:7183182-7183557	1	109	NA	
1379	chr19:7537685-7538209	1	89	NA	
1380	chr19:7662574-7662885	1	16	NA	
1381	chr19:9146860-9147336	3	NA	NA	
1382	chr19:10673297-10673745	1	-21	NA	
1383	chr19:10936473-10936869	3	NA	NA	
1384	chr19:11160756-11161231	3	NA	NA	
1385	chr19:11368092-11368804	1	-149	NA	
1386	chr19:11514145-11514713	1	-164	NA	
1387	chr19:11656917-11657595	1	-175	NA	
1388	chr19:11835003-11835719	3	NA	NA	
1389	chr19:12031648-12032168	3	NA	NA	
1390	chr19:12093624-12094215	2	63	-24	
1391	chr19:12608403-12609419	2	-165	-139	
1392	chr19:12864258-12865153	1	40	NA	
1393	chr19:12879865-12880499	1	-53	NA	
1394	chr19:12886720-12887363	1	52	NA	
1395	chr19:17046159-17046945	1	-101	NA	
1396	chr19:20477118-20477846	1	50	NA	
1397	chr19:23390324-23390823	2	-86	25	
1398	chr19:23424519-23424768	3	NA	NA	
1399	chr19:24403462-24403691	2	87	-157	
1400	chr19:24593485-24594034	1	182	NA	
1401	chr19:24967305-24967707	1	106	NA	
1402	chr19:25089940-25090240	1	89	NA	
1403	chr19:25378091-25378735	1	-77	NA	
1404	chr19:25427664-25428234	1	13	NA	
1405	chr19:27058580-27059105	2	100	-1	
1406	chr19:27073546-27074135	1	12	NA	
1407	chr19:28753154-28753497	2	100	-170	
1408	chr19:29213701-29214149	1	150	NA	
1409	chr19:29519371-29520503	1	-186	NA	
1410	chr19:30098239-30098787	1	-135	NA	
1411	chr19:30437748-30438377	1	-76	NA	
1412	chr19:31276521-31276800	1	-118	NA	
1413	chr19:32214703-32215196	1	-154	NA	
1414	chr19:32341473-32342023	1	-116	NA	
1415	chr19:32563364-32563969	3	NA	NA	
1416	chr19:33040903-33041399	1	125	NA	
1417	chr19:33064641-33065171	1	-175	NA	
1418	chr19:33147344-33147990	1	-143	NA	
1419	chr19:33296671-33297336	1	156	NA	
1420	chr19:33432296-33433692	1	-0	NA	
1421	chr19:34185976-34186574	2	NA	87	
1422	chr19:34549693-34549952	3	NA	NA	
1423	chr19:36589344-36590037	1	154	NA	
1424	chr19:36604506-36604960	1	-116	NA	
1425	chr19:36637571-36638062	1	-119	NA	
1426	chr19:36991730-36992384	1	-11	NA	
1427	chr19:38118668-38119419	3	NA	NA	
1428	chr19:38466411-38466875	1	-2	NA	
1429	chr19:39003070-39003433	1	-65	NA	
1430	chr19:41075476-41076027	2	140	12	
1431	chr19:42258146-42258548	1	-43	NA	
1432	chr19:42576714-42577274	2	35	-123	
1433	chr19:43473757-43474304	1	-94	NA	
1434	chr19:43594388-43594757	3	NA	NA	
1435	chr19:43653468-43653906	3	NA	NA	
1436	chr19:44337896-44338507	3	NA	NA	
1437	chr19:44363957-44364386	1	184	NA	
1438	chr19:44566119-44566476	1	104	NA	
1439	chr19:45117197-45117607	1	-164	NA	
1440	chr19:45526297-45526852	2	142	-71	
1441	chr19:45705973-45706488	1	95	NA	
1442	chr19:46050613-46050970	1	-96	NA	
1443	chr19:46524387-46524794	1	-114	NA	
1444	chr19:46909981-46910564	2	-118	-154	
1445	chr19:47972097-47972365	3	NA	NA	
1446	chr19:53496398-53496849	3	NA	NA	
1447	chr19:54100660-54101156	1	-29	NA	
1448	chr19:54750840-54751332	1	105	NA	
1449	chr19:55153612-55154171	1	71	NA	
1450	chr19:55461980-55462559	1	-75	NA	
1451	chr19:55936028-55936536	3	NA	NA	
1452	chr19:56254299-56254563	1	179	NA	
1453	chr19:58206775-58207237	1	-17	NA	
1454	chr19:58349817-58350238	3	NA	NA	
1455	chr19:58429915-58430594	1	89	NA	
1456	chr19:58438672-58439210	1	-80	NA	
1457	chr19:58465980-58466536	2	-153	-83	
1458	chr19:59301737-59301993	1	145	NA	
1459	chr19:59454572-59454895	1	-72	NA	
1460	chr19:60413278-60413640	3	NA	NA	
1461	chr2:3250933-3251361	2	178	135	
1462	chr2:3590516-3590962	3	NA	NA	
1463	chr2:3622405-3623023	3	NA	NA	
1464	chr2:5532324-5532708	1	153	NA	
1465	chr2:5635494-5635881	2	182	-72	
1466	chr2:6308721-6309263	1	-135	NA	
1467	chr2:6637572-6638521	1	94	NA	
1468	chr2:9034312-9035212	1	-41	NA	
1469	chr2:9482232-9482895	1	178	NA	
1470	chr2:9510256-9510778	2	NA	166	
1471	chr2:9749140-9749583	2	-59	-93	
1472	chr2:9915510-9915901	1	54	NA	
1473	chr2:9929399-9929948	1	-87	NA	
1474	chr2:11110863-11111667	1	-103	NA	
1475	chr2:11561128-11561799	3	NA	NA	
1476	chr2:11580507-11581162	3	NA	NA	
1477	chr2:12802963-12803425	2	NA	80	
1478	chr2:12989126-12989464	2	NA	97	
1479	chr2:13215282-13216063	1	127	NA	
1480	chr2:13353278-13354370	2	NA	1	
1481	chr2:14050408-14050926	2	-91	185	
1482	chr2:14574704-14575492	3	NA	NA	
1483	chr2:14878830-14879332	1	119	NA	
1484	chr2:17281326-17282046	1	81	NA	
1485	chr2:18442106-18442624	3	NA	NA	
1486	chr2:18815611-18815957	2	NA	189	
1487	chr2:18877238-18877886	1	84	NA	
1488	chr2:19518772-19519303	1	-127	NA	
1489	chr2:21122874-21123318	1	-160	NA	
1490	chr2:21134079-21134402	1	84	NA	
1491	chr2:22440208-22441139	1	127	NA	
1492	chr2:25563579-25563871	3	NA	NA	
1493	chr2:26271436-26271999	1	-92	NA	
1494	chr2:26282837-26283429	1	-69	NA	
1495	chr2:26560763-26561439	1	-57	NA	
1496	chr2:26575173-26575741	1	189	NA	
1497	chr2:26860750-26861217	1	-89	NA	
1498	chr2:28367916-28368438	1	110	NA	
1499	chr2:29494499-29495092	1	-161	NA	
1500	chr2:29671626-29672101	2	NA	74	
1501	chr2:30416650-30417208	3	NA	NA	
1502	chr2:31061285-31061829	3	NA	NA	
1503	chr2:31772910-31773392	1	89	NA	
1504	chr2:31885414-31886046	1	128	NA	
1505	chr2:32185367-32185814	1	94	NA	
1506	chr2:32245304-32245736	3	NA	NA	
1507	chr2:32286146-32286739	1	49	NA	
1508	chr2:32317201-32317642	1	-10	NA	
1509	chr2:32516150-32516503	1	-34	NA	
1510	chr2:32599453-32599851	2	38	-60	
1511	chr2:33225799-33226156	1	-44	NA	
1512	chr2:33570611-33571047	3	NA	NA	
1513	chr2:34783640-34784154	2	NA	44	
1514	chr2:34948221-34948539	1	174	NA	
1515	chr2:35094729-35095324	3	NA	NA	
1516	chr2:35150449-35151544	3	NA	NA	
1517	chr2:35244374-35244856	1	50	NA	
1518	chr2:35803724-35804312	1	163	NA	
1519	chr2:37593626-37594265	1	-136	NA	
1520	chr2:38293674-38294249	1	-115	NA	
1521	chr2:38358412-38358716	2	-93	-70	
1522	chr2:38673701-38674350	3	NA	NA	
1523	chr2:38827519-38827987	3	NA	NA	
1524	chr2:43549638-43550192	1	153	NA	
1525	chr2:43620298-43621197	1	90	NA	
1526	chr2:46124520-46125340	2	190	-40	
1527	chr2:48294991-48295534	3	NA	NA	
1528	chr2:49595025-49595531	1	138	NA	
1529	chr2:49610676-49611135	1	-85	NA	
1530	chr2:49667953-49668578	3	NA	NA	
1531	chr2:51734052-51734329	2	NA	147	
1532	chr2:52132814-52133296	1	-106	NA	
1533	chr2:52801108-52801762	2	NA	88	
1534	chr2:57180603-57181256	1	50	NA	
1535	chr2:57968749-57969619	3	NA	NA	
1536	chr2:58971654-58972037	1	33	NA	
1537	chr2:59270419-59271225	3	NA	NA	
1538	chr2:60231689-60232220	1	-47	NA	
1539	chr2:60503103-60503670	1	-104	NA	
1540	chr2:60575277-60575901	2	-135	20	
1541	chr2:60646117-60646618	3	NA	NA	
1542	chr2:60724481-60725144	2	59	-48	
1543	chr2:60853304-60853717	3	NA	NA	
1544	chr2:60938355-60938790	1	184	NA	
1545	chr2:61178952-61179401	1	105	NA	
1546	chr2:62152858-62153490	1	-185	NA	
1547	chr2:62274380-62274939	1	-107	NA	
1548	chr2:65148224-65148625	2	-110	74	
1549	chr2:65845558-65846235	1	-145	NA	
1550	chr2:65949569-65950128	1	60	NA	
1551	chr2:68231179-68231770	3	NA	NA	
1552	chr2:68594290-68594862	3	NA	NA	
1553	chr2:68738036-68738524	2	NA	-172	
1554	chr2:68760233-68760717	1	-90	NA	
1555	chr2:70675806-70676541	2	-63	99	
1556	chr2:70833020-70833719	1	114	NA	
1557	chr2:70932847-70933421	2	74	61	
1558	chr2:71094351-71094746	2	NA	-56	
1559	chr2:71140701-71141181	1	135	NA	
1560	chr2:71160868-71161464	1	80	NA	
1561	chr2:71327145-71327709	1	-93	NA	
1562	chr2:72202283-72202799	2	-11	-157	
1563	chr2:72293564-72294381	1	-56	NA	
1564	chr2:73839569-73840042	3	NA	NA	
1565	chr2:74051885-74052136	1	-102	NA	
1566	chr2:74873677-74874592	1	66	NA	
1567	chr2:75385141-75385729	2	111	-69	
1568	chr2:75389226-75389916	2	NA	49	
1569	chr2:75401214-75401948	1	-63	NA	
1570	chr2:75785966-75786527	2	NA	-82	
1571	chr2:75922909-75923701	1	69	NA	
1572	chr2:76038820-76039371	2	-91	29	
1573	chr2:78985652-78986426	2	154	93	
1574	chr2:79038665-79039512	1	186	NA	
1575	chr2:79050409-79051340	1	-136	NA	
1576	chr2:80068794-80069287	1	-171	NA	
1577	chr2:83523563-83524278	2	NA	-51	
1578	chr2:83546154-83546520	2	NA	-164	
1579	chr2:84514697-84515407	2	NA	120	
1580	chr2:84580067-84580679	1	68	NA	
1581	chr2:90365443-90365962	1	-46	NA	
1582	chr2:90384345-90384752	1	14	NA	
1583	chr2:92676698-92677020	1	-93	NA	
1584	chr2:92731673-92732273	2	-79	60	
1585	chr2:93565954-93566645	1	-129	NA	
1586	chr2:93650994-93651465	3	NA	NA	
1587	chr2:101273452-101273944	1	-99	NA	
1588	chr2:101352105-101353033	1	-183	NA	
1589	chr2:101424519-101425296	1	4	NA	
1590	chr2:101437830-101438617	1	117	NA	
1591	chr2:101472721-101473182	1	92	NA	
1592	chr2:102652934-102653264	2	131	103	
1593	chr2:102849788-102850193	1	-17	NA	
1594	chr2:103409971-103410538	1	-3	NA	
1595	chr2:103436390-103436863	1	-140	NA	
1596	chr2:103672012-103672376	2	-155	-96	
1597	chr2:103703118-103703641	2	NA	42	
1598	chr2:104326262-104326998	3	NA	NA	
1599	chr2:104618269-104619016	1	172	NA	
1600	chr2:117034215-117034522	1	-117	NA	
1601	chr2:117090439-117091592	1	-63	NA	
1602	chr2:117108897-117109575	1	-78	NA	
1603	chr2:118027790-118028113	1	-86	NA	
1604	chr2:118329583-118330137	1	-54	NA	
1605	chr2:118350886-118351414	3	NA	NA	
1606	chr2:118438944-118439387	2	NA	-61	
1607	chr2:118942057-118942785	1	-150	NA	
1608	chr2:119078534-119079215	1	-69	NA	
1609	chr2:120041889-120042333	3	NA	NA	
1610	chr2:120114905-120115675	2	-136	-11	
1611	chr2:120401349-120402237	2	NA	9	
1612	chr2:121998457-121999037	1	86	NA	
1613	chr2:122444986-122445508	1	-64	NA	
1614	chr2:122480990-122481580	1	-82	NA	
1615	chr2:125427046-125427765	1	-147	NA	
1616	chr2:125468504-125469145	1	-16	NA	
1617	chr2:125639394-125640046	1	65	NA	
1618	chr2:126174688-126175111	1	61	NA	
1619	chr2:126995663-126995983	3	NA	NA	
1620	chr2:127775087-127775501	1	147	NA	
1621	chr2:127895194-127896081	2	-170	181	
1622	chr2:128236194-128236666	1	47	NA	
1623	chr2:128389258-128389744	2	NA	-173	
1624	chr2:130450854-130451278	1	88	NA	
1625	chr2:131114111-131114628	1	85	NA	
1626	chr2:131537915-131538572	1	-70	NA	
1627	chr2:131661897-131662433	2	160	36	
1628	chr2:131665953-131666402	3	NA	NA	
1629	chr2:131681038-131681329	1	-83	NA	
1630	chr2:132071048-132071430	3	NA	NA	
1631	chr2:132299088-132299513	2	75	155	
1632	chr2:139743038-139743579	3	NA	NA	
1633	chr2:146040370-146040800	2	NA	-74	
1634	chr2:147070283-147070929	1	-18	NA	
1635	chr2:147074592-147075047	2	NA	-155	
1636	chr2:148346314-148346848	1	60	NA	
1637	chr2:148974585-148975126	3	NA	NA	
1638	chr2:149802892-149803504	1	-12	NA	
1639	chr2:152547795-152548481	3	NA	NA	
1640	chr2:152917215-152917749	2	93	-132	
1641	chr2:153217125-153217648	1	-112	NA	
1642	chr2:154156447-154156930	1	-145	NA	
1643	chr2:154243944-154244272	2	NA	-133	
1644	chr2:154306358-154306706	1	10	NA	
1645	chr2:154483691-154484391	2	79	128	
1646	chr2:154546558-154547388	1	29	NA	
1647	chr2:154734310-154734689	2	NA	-45	
1648	chr2:155245930-155246734	1	88	NA	
1649	chr2:155377420-155377961	2	-124	143	
1650	chr2:156547768-156548185	1	-93	NA	
1651	chr2:156838705-156839454	2	NA	167	
1652	chr2:157964674-157965119	1	-89	NA	
1653	chr2:158100486-158101053	1	-144	NA	
1654	chr2:159694884-159695396	2	-103	-94	
1655	chr2:160432961-160433312	2	NA	9	
1656	chr2:160520493-160520997	1	6	NA	
1657	chr2:162920450-162921060	1	86	NA	
1658	chr2:162944785-162945342	2	95	-134	
1659	chr2:163103215-163103734	3	NA	NA	
1660	chr2:164461550-164461975	3	NA	NA	
1661	chr2:165012762-165013237	1	-126	NA	
1662	chr2:165200727-165201309	1	-179	NA	
1663	chr2:166347651-166348314	2	NA	-184	
1664	chr2:167325734-167326198	1	27	NA	
1665	chr2:167414810-167415211	1	-178	NA	
1666	chr2:167578948-167579407	1	174	NA	
1667	chr2:168286832-168287272	1	189	NA	
1668	chr2:169356770-169357144	1	-70	NA	
1669	chr2:169817575-169817925	1	-66	NA	
1670	chr2:169865141-169865866	1	-44	NA	
1671	chr2:169884332-169884742	1	75	NA	
1672	chr2:169982687-169983349	1	-50	NA	
1673	chr2:172121086-172121557	1	-170	NA	
1674	chr2:172141767-172142361	2	130	-4	
1675	chr2:172570627-172570869	2	84	-130	
1676	chr2:172792841-172793235	3	NA	NA	
1677	chr2:172793524-172793747	2	NA	-117	
1678	chr2:172872397-172872960	1	39	NA	
1679	chr2:173098936-173099301	3	NA	NA	
1680	chr2:181846602-181847546	3	NA	NA	
1681	chr3:6032245-6032550	3	NA	NA	
1682	chr3:8229262-8229742	1	124	NA	
1683	chr3:8749551-8750172	1	-66	NA	
1684	chr3:9615999-9616905	1	49	NA	
1685	chr3:9848382-9848979	2	NA	9	
1686	chr3:10272388-10272704	1	71	NA	
1687	chr3:10287146-10287820	1	-13	NA	
1688	chr3:19603026-19603574	1	40	NA	
1689	chr3:19853935-19854425	1	175	NA	
1690	chr3:20414659-20415541	1	-145	NA	
1691	chr3:20435753-20436538	1	-38	NA	
1692	chr3:22130615-22131217	2	-101	146	
1693	chr3:27384652-27385139	1	-142	NA	
1694	chr3:28515447-28516085	1	-122	NA	
1695	chr3:28754005-28754371	1	-148	NA	
1696	chr3:30153473-30154121	3	NA	NA	
1697	chr3:31289413-31290224	1	-188	NA	
1698	chr3:32590048-32590498	1	177	NA	
1699	chr3:36971614-36972045	1	-97	NA	
1700	chr3:37053473-37054318	1	-33	NA	
1701	chr3:37916254-37916636	3	NA	NA	
1702	chr3:37951998-37952452	1	-101	NA	
1703	chr3:38299838-38300341	2	NA	42	
1704	chr3:41513691-41514192	3	NA	NA	
1705	chr3:51496986-51497500	1	93	NA	
1706	chr3:51666180-51666716	1	-102	NA	
1707	chr3:51948839-51949240	3	NA	NA	
1708	chr3:52095833-52096383	1	-51	NA	
1709	chr3:52285964-52286552	1	95	NA	
1710	chr3:52485818-52486301	1	187	NA	
1711	chr3:52546352-52547026	2	-78	-64	
1712	chr3:52928111-52928713	1	-43	NA	
1713	chr3:52944297-52944915	1	-63	NA	
1714	chr3:52966208-52966631	2	-150	77	
1715	chr3:55167703-55168620	2	88	-9	
1716	chr3:55831480-55832277	1	-166	NA	
1717	chr3:59126055-59126544	1	-169	NA	
1718	chr3:59188929-59189472	2	-134	89	
1719	chr3:59218343-59219030	1	56	NA	
1720	chr3:59529071-59529542	1	108	NA	
1721	chr3:59790434-59790894	2	171	-132	
1722	chr3:60689260-60690275	1	-97	NA	
1723	chr3:60704066-60704550	3	NA	NA	
1724	chr3:61120088-61120557	2	-40	15	
1725	chr3:61497508-61497954	2	NA	-182	
1726	chr3:64049124-64049770	2	-30	-47	
1727	chr3:66026117-66026664	1	25	NA	
1728	chr3:66092398-66092852	2	96	115	
1729	chr3:69062489-69063163	1	-37	NA	
1730	chr3:69293716-69294286	2	NA	-97	
1731	chr3:69444794-69445125	2	2	-74	
1732	chr3:79125418-79125988	3	NA	NA	
1733	chr3:79213701-79214278	1	103	NA	
1734	chr3:79258152-79258647	2	-182	147	
1735	chr3:79332234-79332768	1	-99	NA	
1736	chr3:84128420-84129088	1	8	NA	
1737	chr3:84894734-84895237	1	-110	NA	
1738	chr3:84934706-84935347	1	59	NA	
1739	chr3:85022067-85022699	1	167	NA	
1740	chr3:86947231-86947952	1	-70	NA	
1741	chr3:87609726-87610127	1	-112	NA	
1742	chr3:87615522-87615957	3	NA	NA	
1743	chr3:87932012-87932394	1	142	NA	
1744	chr3:88626450-88626899	1	89	NA	
1745	chr3:89015218-89016033	3	NA	NA	
1746	chr3:89377690-89378027	1	-67	NA	
1747	chr3:89482093-89482646	2	NA	140	
1748	chr3:89958090-89958836	2	79	-169	
1749	chr3:93633825-93634197	3	NA	NA	
1750	chr3:94454099-94454670	1	-127	NA	
1751	chr3:94952561-94953115	1	66	NA	
1752	chr3:95295893-95296576	3	NA	NA	
1753	chr3:95313082-95313659	1	87	NA	
1754	chr3:96642127-96642848	2	NA	87	
1755	chr3:96665224-96666039	1	-140	NA	
1756	chr3:96832142-96832689	2	108	-139	
1757	chr3:97057517-97057933	1	-182	NA	
1758	chr3:97296430-97297198	2	NA	-101	
1759	chr3:98139625-98140135	3	NA	NA	
1760	chr3:101631091-101631482	3	NA	NA	
1761	chr3:101734640-101735265	1	-118	NA	
1762	chr3:102874179-102874564	1	-88	NA	
1763	chr3:103907934-103908589	1	-76	NA	
1764	chr3:104745109-104745609	1	99	NA	
1765	chr3:104771984-104772763	1	139	NA	
1766	chr3:105756012-105756745	2	NA	124	
1767	chr3:105896499-105897552	1	-24	NA	
1768	chr3:106063927-106064328	3	NA	NA	
1769	chr3:106243249-106243629	3	NA	NA	
1770	chr3:106916493-106917618	1	-60	NA	
1771	chr3:107169102-107169674	3	NA	NA	
1772	chr3:107208639-107209452	1	-38	NA	
1773	chr3:107228054-107228487	1	61	NA	
1774	chr3:107321237-107321749	1	79	NA	
1775	chr3:107924576-107925068	1	-109	NA	
1776	chr3:108269621-108270322	3	NA	NA	
1777	chr3:109081201-109081510	1	148	NA	
1778	chr3:109109389-109109998	3	NA	NA	
1779	chr3:109138961-109139408	1	179	NA	
1780	chr3:109324337-109324795	1	116	NA	
1781	chr3:109480172-109480867	3	NA	NA	
1782	chr3:109499663-109500296	3	NA	NA	
1783	chr3:109533850-109534319	2	-125	-30	
1784	chr3:119747290-119747814	3	NA	NA	
1785	chr3:121436038-121436456	1	53	NA	
1786	chr3:121539722-121540571	1	168	NA	
1787	chr3:121709775-121710218	2	NA	-171	
1788	chr3:121794852-121795464	1	4	NA	
1789	chr3:122759207-122759811	1	62	NA	
1790	chr3:126642775-126643266	2	NA	41	
1791	chr3:126682923-126683485	1	63	NA	
1792	chr3:126821513-126821978	1	80	NA	
1793	chr3:126826570-126827322	2	185	146	
1794	chr3:127450336-127450761	1	-95	NA	
1795	chr3:127755026-127756035	3	NA	NA	
1796	chr3:127854749-127855525	3	NA	NA	
1797	chr3:127933755-127934174	1	70	NA	
1798	chr3:128080388-128080946	1	-85	NA	
1799	chr3:129914591-129915117	1	148	NA	
1800	chr3:130046902-130047400	1	-74	NA	
1801	chr3:130985896-130986462	3	NA	NA	
1802	chr3:135505701-135506190	1	99	NA	
1803	chr3:135619022-135619627	1	-180	NA	
1804	chr3:135656491-135657040	2	-63	-100	
1805	chr3:136469029-136469389	1	-168	NA	
1806	chr3:136693126-136693642	1	-174	NA	
1807	chr3:137917615-137918116	1	-85	NA	
1808	chr3:138271640-138272073	1	92	NA	
1809	chr3:139062260-139062826	1	69	NA	
1810	chr3:141716370-141716963	1	140	NA	
1811	chr3:142236562-142237070	2	NA	-134	
1812	chr3:142850565-142850982	2	NA	-138	
1813	chr3:142954204-142954637	1	-118	NA	
1814	chr3:143089039-143089562	1	59	NA	
1815	chr3:143620771-143621450	3	NA	NA	
1816	chr3:143840679-143841080	2	NA	151	
1817	chr3:144198115-144198764	3	NA	NA	
1818	chr3:145475585-145476023	3	NA	NA	
1819	chr3:146620439-146620793	2	-169	140	
1820	chr3:146623563-146624218	1	153	NA	
1821	chr3:146636230-146636768	1	-114	NA	
1822	chr3:148447622-148448351	1	-62	NA	
1823	chr3:149422736-149423303	3	NA	NA	
1824	chr3:152141555-152142385	1	183	NA	
1825	chr3:153801754-153802285	2	NA	46	
1826	chr3:154265712-154266161	1	-156	NA	
1827	chr3:157873751-157874448	1	102	NA	
1828	chr4:6219400-6220187	1	-14	NA	
1829	chr4:6828805-6829797	1	143	NA	
1830	chr4:7375546-7376241	1	-186	NA	
1831	chr4:8517957-8518350	1	24	NA	
1832	chr4:9364174-9364952	3	NA	NA	
1833	chr4:9786213-9786647	1	-136	NA	
1834	chr4:10697062-10697514	1	122	NA	
1835	chr4:11086018-11086604	1	172	NA	
1836	chr4:11548654-11549101	3	NA	NA	
1837	chr4:15200082-15200798	2	NA	-149	
1838	chr4:22569017-22569392	1	16	NA	
1839	chr4:32300421-32300942	2	NA	-127	
1840	chr4:32586689-32587043	1	2	NA	
1841	chr4:32616480-32617100	1	61	NA	
1842	chr4:32619944-32620659	2	158	40	
1843	chr4:33197952-33198359	1	182	NA	
1844	chr4:33360651-33361083	3	NA	NA	
1845	chr4:35286714-35287191	3	NA	NA	
1846	chr4:41026364-41027140	1	69	NA	
1847	chr4:41027811-41028449	2	NA	-115	
1848	chr4:41065115-41065804	1	-106	NA	
1849	chr4:43525214-43525865	1	147	NA	
1850	chr4:44994669-44995006	3	NA	NA	
1851	chr4:45607411-45607785	1	-56	NA	
1852	chr4:45709316-45709835	1	-61	NA	
1853	chr4:46172828-46173274	2	NA	-146	
1854	chr4:46309946-46310335	1	12	NA	
1855	chr4:46409695-46410334	1	179	NA	
1856	chr4:46463415-46463980	3	NA	NA	
1857	chr4:47340581-47341077	2	NA	178	
1858	chr4:47446258-47446840	1	-92	NA	
1859	chr4:47540910-47541220	2	NA	75	
1860	chr4:47585434-47585876	1	20	NA	
1861	chr4:47834778-47835137	2	NA	-42	
1862	chr4:48063343-48063878	1	88	NA	
1863	chr4:49187060-49187470	3	NA	NA	
1864	chr4:53299152-53300141	3	NA	NA	
1865	chr4:54646944-54647324	1	2	NA	
1866	chr4:57068343-57068819	2	NA	-9	
1867	chr4:57145369-57145811	3	NA	NA	
1868	chr4:57891979-57892374	1	60	NA	
1869	chr4:57995252-57995552	1	128	NA	
1870	chr4:59418190-59418711	1	36	NA	
1871	chr4:59535905-59536301	1	-76	NA	
1872	chr4:59972678-59973183	1	104	NA	
1873	chr4:61893737-61894155	1	-117	NA	
1874	chr4:62708706-62709218	2	100	125	
1875	chr4:62818365-62819022	2	-103	80	
1876	chr4:63190603-63191066	2	NA	-62	
1877	chr4:69864404-69864710	3	NA	NA	
1878	chr4:79475041-79475876	1	-128	NA	
1879	chr4:82825932-82826370	1	-121	NA	
1880	chr4:84353583-84353978	3	NA	NA	
1881	chr4:86357317-86358061	1	68	NA	
1882	chr4:87486862-87487345	2	9	95	
1883	chr4:87505560-87506208	2	-178	-15	
1884	chr4:87516338-87516789	1	61	NA	
1885	chr4:87689931-87690543	2	110	-121	
1886	chr4:87741837-87742387	1	-80	NA	
1887	chr4:94686417-94686726	1	-24	NA	
1888	chr4:95387162-95387740	3	NA	NA	
1889	chr4:97892514-97892750	1	122	NA	
1890	chr4:99445705-99446285	1	-131	NA	
1891	chr4:100665436-100666163	3	NA	NA	
1892	chr4:102009149-102009643	2	NA	17	
1893	chr4:102179767-102180579	1	186	NA	
1894	chr4:102209238-102210306	1	-50	NA	
1895	chr4:102668396-102669017	2	NA	172	
1896	chr4:104629501-104630451	3	NA	NA	
1897	chr4:104695053-104695591	1	-44	NA	
1898	chr4:106176925-106177307	1	-34	NA	
1899	chr4:106292124-106292546	2	147	130	
1900	chr4:108085708-108086074	3	NA	NA	
1901	chr4:108634476-108634828	1	-187	NA	
1902	chr4:108751470-108751762	1	52	NA	
1903	chr4:114499349-114499964	1	-120	NA	
1904	chr4:114609109-114609549	1	139	NA	
1905	chr4:115230846-115231584	2	147	-175	
1906	chr4:115513409-115513766	2	NA	172	
1907	chr4:116531772-116532261	1	-133	NA	
1908	chr4:116687818-116688291	1	50	NA	
1909	chr4:116748429-116749114	1	-78	NA	
1910	chr4:116975628-116976959	1	72	NA	
1911	chr4:117297545-117297927	1	-18	NA	
1912	chr4:118790977-118791555	1	98	NA	
1913	chr4:119170212-119170657	2	NA	-44	
1914	chr4:119904374-119905037	1	95	NA	
1915	chr4:120296045-120296520	2	-190	45	
1916	chr4:120483735-120484715	1	-154	NA	
1917	chr4:120493322-120493822	1	-46	NA	
1918	chr4:122375351-122375767	1	24	NA	
1919	chr4:122741020-122741609	1	107	NA	
1920	chr4:123442696-123443256	1	97	NA	
1921	chr4:124254656-124255108	1	-188	NA	
1922	chr4:124640657-124641050	1	69	NA	
1923	chr4:125605726-125606369	1	123	NA	
1924	chr4:126045055-126045489	2	-181	-152	
1925	chr4:128193838-128194363	3	NA	NA	
1926	chr4:128237066-128237604	3	NA	NA	
1927	chr4:128759533-128759971	2	NA	45	
1928	chr4:129175964-129176386	3	NA	NA	
1929	chr4:129296198-129296664	1	-133	NA	
1930	chr4:129416446-129416905	1	-83	NA	
1931	chr4:130186311-130186750	3	NA	NA	
1932	chr4:132095670-132095945	3	NA	NA	
1933	chr4:132115377-132115825	1	49	NA	
1934	chr4:132983725-132984151	1	-139	NA	
1935	chr4:133000093-133000745	2	172	145	
1936	chr4:133007994-133008321	1	-50	NA	
1937	chr4:133129226-133129648	2	NA	50	
1938	chr4:134408588-134409075	1	105	NA	
1939	chr4:134426385-134426772	2	NA	96	
1940	chr4:134708439-134708703	3	NA	NA	
1941	chr4:134908517-134909046	1	135	NA	
1942	chr4:135332186-135332460	1	107	NA	
1943	chr4:135372058-135372541	3	NA	NA	
1944	chr4:135401507-135402013	3	NA	NA	
1945	chr4:137575603-137576159	3	NA	NA	
1946	chr4:137597229-137597585	3	NA	NA	
1947	chr4:140202966-140203373	1	162	NA	
