Number of sequences: 4879
Number of programs: 4
Number of motifs: 9
Motif widths: 13 13 17 12 12 14 47 16 30 
Program 1: total 4291
 motif #1: 4291 of 4291 (0.999977 posterior)
 motif #2: 1061 of 4291 (0.247273 posterior)
 motif #3: 766 of 4291 (0.178528 posterior)
 motif #4: 495 of 4291 (0.115376 posterior)
 motif #5: 421 of 4291 (0.098131 posterior)
 motif #6: 240 of 4291 (0.055952 posterior)
 motif #8: 135 of 4291 (0.031483 posterior)
 motif #9: 23 of 4291 (0.005383 posterior)

Program 2: total 340

Program 3: total 235
 motif #1: 35 of 235 (0.149235 posterior)
 motif #2: 92 of 235 (0.391582 posterior)
 motif #3: 46 of 235 (0.196003 posterior)
 motif #4: 64 of 235 (0.272534 posterior)
 motif #5: 37 of 235 (0.157738 posterior)
 motif #6: 17 of 235 (0.072704 posterior)
 motif #7: 212 of 235 (0.901786 posterior)
 motif #8: 18 of 235 (0.076956 posterior)

Program 4: total 13
 motif #3: 13 of 13 (0.992424 posterior)

Motif #1
total sequences 4326
A	[ 1891.0	1222.0	3246.0	646.0	3951.0	503.0	3034.0	2961.0	1181.0	2132.0	2411.0	1383.0	1367.0	]
C	[ 273.0	1163.0	0.0	4.0	-0.0	391.0	29.0	152.0	1005.0	588.0	454.0	808.0	1243.0	]
G	[ 1315.0	1446.0	57.0	3675.0	339.0	347.0	804.0	966.0	1590.0	1151.0	650.0	813.0	923.0	]
T	[ 847.0	495.0	1023.0	1.0	36.0	3085.0	459.0	247.0	550.0	455.0	811.0	1322.0	793.0	]
Motif #2
total sequences 1153
A	[ -0.0	1.0	-0.0	-0.0	1.0	-0.0	0.0	30.0	154.0	151.0	149.0	197.0	190.0	]
C	[ 841.0	2.0	2.0	1092.0	1147.0	0.0	250.0	417.0	439.0	318.0	502.0	310.0	352.0	]
G	[ -0.0	-0.0	85.0	61.0	-0.0	2.0	601.0	92.0	119.0	124.0	183.0	154.0	181.0	]
T	[ 312.0	1150.0	1066.0	0.0	5.0	1151.0	302.0	614.0	441.0	560.0	319.0	492.0	430.0	]
Motif #3
total sequences 825
A	[ 85.0	96.0	68.0	21.0	71.0	306.0	69.0	40.0	40.0	37.0	57.0	450.0	123.0	123.0	75.0	87.0	114.0	]
C	[ 385.0	517.0	586.0	716.0	602.0	199.0	562.0	693.0	632.0	694.0	709.0	125.0	526.0	610.0	544.0	528.0	528.0	]
G	[ 123.0	7.0	37.0	0.0	5.0	72.0	63.0	9.0	0.0	-0.0	15.0	74.0	84.0	0.0	19.0	2.0	38.0	]
T	[ 232.0	205.0	134.0	88.0	147.0	248.0	131.0	83.0	153.0	94.0	44.0	176.0	92.0	92.0	187.0	208.0	145.0	]
Motif #4
total sequences 559
A	[ 179.0	279.0	141.0	514.0	-0.0	-0.0	506.0	399.0	172.0	65.0	68.0	239.0	]
C	[ 133.0	-0.0	174.0	18.0	0.0	-0.0	52.0	2.0	-0.0	14.0	0.0	-0.0	]
G	[ 184.0	194.0	205.0	27.0	559.0	559.0	1.0	-0.0	387.0	-0.0	472.0	291.0	]
T	[ 63.0	86.0	39.0	-0.0	-0.0	0.0	-0.0	158.0	0.0	480.0	19.0	29.0	]
Motif #5
total sequences 458
A	[ 165.0	131.0	203.0	0.0	-0.0	456.0	0.0	0.0	67.0	458.0	56.0	128.0	]
C	[ 115.0	50.0	31.0	0.0	0.0	0.0	319.0	4.0	378.0	0.0	71.0	142.0	]
G	[ 116.0	123.0	224.0	-0.0	458.0	2.0	139.0	0.0	12.0	0.0	217.0	91.0	]
T	[ 62.0	154.0	-0.0	458.0	0.0	0.0	0.0	454.0	1.0	0.0	114.0	97.0	]
Motif #6
total sequences 257
A	[ 60.0	132.0	-0.0	250.0	-0.0	209.0	142.0	56.0	257.0	-0.0	1.0	100.0	52.0	82.0	]
C	[ 90.0	20.0	-0.0	0.0	-0.0	1.0	21.0	120.0	0.0	-0.0	256.0	-0.0	80.0	70.0	]
G	[ 57.0	0.0	256.0	0.0	0.0	0.0	94.0	57.0	0.0	-0.0	0.0	3.0	88.0	34.0	]
T	[ 50.0	105.0	1.0	7.0	257.0	47.0	0.0	24.0	0.0	257.0	-0.0	154.0	37.0	71.0	]
Motif #7
total sequences 212
A	[ 106.0	88.0	107.0	108.0	88.0	81.0	126.0	94.0	104.0	126.0	141.0	104.0	93.0	79.0	150.0	163.0	170.0	121.0	142.0	131.0	149.0	147.0	174.0	121.0	127.0	137.0	163.0	158.0	116.0	95.0	179.0	170.0	142.0	69.0	132.0	107.0	91.0	85.0	118.0	117.0	121.0	117.0	97.0	70.0	89.0	59.0	81.0	]
C	[ 20.0	49.0	49.0	41.0	31.0	54.0	7.0	37.0	38.0	39.0	26.0	39.0	48.0	50.0	12.0	16.0	0.0	56.0	44.0	37.0	36.0	32.0	25.0	57.0	65.0	60.0	22.0	32.0	72.0	91.0	33.0	19.0	13.0	98.0	41.0	60.0	73.0	80.0	43.0	69.0	45.0	32.0	20.0	67.0	43.0	66.0	66.0	]
G	[ 33.0	44.0	16.0	12.0	40.0	34.0	37.0	41.0	35.0	19.0	0.0	32.0	41.0	39.0	16.0	18.0	18.0	26.0	21.0	23.0	15.0	21.0	8.0	17.0	0.0	-0.0	9.0	22.0	24.0	6.0	0.0	2.0	45.0	29.0	4.0	29.0	3.0	15.0	-0.0	-0.0	19.0	28.0	52.0	37.0	30.0	46.0	17.0	]
T	[ 53.0	31.0	40.0	51.0	53.0	43.0	42.0	40.0	35.0	28.0	45.0	37.0	30.0	44.0	34.0	15.0	24.0	9.0	5.0	21.0	12.0	12.0	5.0	17.0	20.0	15.0	18.0	-0.0	-0.0	20.0	-0.0	21.0	12.0	16.0	35.0	16.0	45.0	32.0	51.0	26.0	27.0	35.0	43.0	38.0	50.0	41.0	48.0	]
Motif #8
total sequences 153
A	[ 28.0	60.0	-0.0	153.0	0.0	105.0	110.0	29.0	31.0	151.0	0.0	0.0	49.0	38.0	29.0	40.0	]
C	[ 50.0	10.0	0.0	-0.0	0.0	0.0	-0.0	35.0	53.0	2.0	-0.0	152.0	0.0	38.0	35.0	27.0	]
G	[ 27.0	0.0	153.0	0.0	0.0	0.0	41.0	61.0	57.0	0.0	0.0	0.0	0.0	54.0	33.0	44.0	]
T	[ 48.0	83.0	0.0	0.0	153.0	48.0	2.0	28.0	12.0	-0.0	153.0	1.0	104.0	23.0	56.0	42.0	]
Motif #9
total sequences 23
A	[ 3.0	6.0	13.0	7.0	10.0	23.0	0.0	0.0	23.0	0.0	23.0	14.0	0.0	4.0	1.0	0.0	0.0	20.0	3.0	6.0	16.0	2.0	4.0	0.0	9.0	1.0	3.0	3.0	1.0	7.0	]
C	[ 4.0	5.0	1.0	0.0	0.0	0.0	23.0	0.0	0.0	23.0	0.0	1.0	9.0	0.0	22.0	23.0	23.0	0.0	0.0	9.0	2.0	2.0	4.0	20.0	9.0	9.0	10.0	0.0	15.0	0.0	]
G	[ 10.0	8.0	4.0	15.0	13.0	0.0	0.0	0.0	0.0	0.0	0.0	4.0	3.0	0.0	0.0	0.0	0.0	3.0	16.0	7.0	5.0	10.0	15.0	2.0	1.0	4.0	0.0	17.0	6.0	15.0	]
T	[ 6.0	4.0	5.0	1.0	0.0	0.0	0.0	23.0	0.0	0.0	0.0	4.0	11.0	19.0	0.0	0.0	0.0	0.0	4.0	1.0	0.0	9.0	0.0	1.0	4.0	9.0	10.0	3.0	1.0	1.0	]
Motif #1; total sequences 4326; NNaGAtaaNNaNN / NNtNNttaTCtNN
Motif #2; total sequences 1153; cTTCCTgtNNNNN / NNNNNacAGGAAg
Motif #3; total sequences 825; NccCcNcCcCCaccccc / gggggtGGgGgNgGggN
Motif #4; total sequences 559; NNNAGGAagTGg / cCActTCCTNNN
Motif #5; total sequences 458; NNRTGAcTCANN / NNTGAgTCAYNN
Motif #6; total sequences 257; NaGATAaNATCtNN / NNaGATNtTATCtN
Motif #7; total sequences 212; NNaaNNaNNaaNNNaaAaaaaaAaaaaaaNAAaNaaNNaaaaNNNNN / NNNNNttttNNttNtTTNttttttTtttttTttNNNttNNtNNttNN
Motif #8; total sequences 153; NtGATaaNNATCtNNN / NNNaGATNNttATCaN
Motif #9; total sequences 23; NNaggACTACAaNTCCCAgNaNgCNNNgcg / cgcNNNGcNtNcTGGGANtTGTAGTcctNN

Full posterior for run 9 is 39973.791934
