Number of sequences: 1256
Number of programs: 3
Number of motifs: 16
Motif widths: 15 12 16 17 12 16 12 12 14 12 12 13 13 12 12 12 
Program 1: total 917
 motif #1: 683 of 917 (0.744767 posterior)
 motif #2: 476 of 917 (0.519080 posterior)
 motif #3: 212 of 917 (0.231247 posterior)
 motif #4: 227 of 917 (0.247601 posterior)
 motif #5: 167 of 917 (0.182185 posterior)
 motif #6: 147 of 917 (0.160379 posterior)
 motif #7: 115 of 917 (0.125491 posterior)
 motif #8: 110 of 917 (0.120039 posterior)
 motif #9: 84 of 917 (0.091692 posterior)
 motif #10: 56 of 917 (0.061164 posterior)
 motif #11: 43 of 917 (0.046991 posterior)
 motif #12: 36 of 917 (0.039359 posterior)
 motif #13: 19 of 917 (0.020824 posterior)
 motif #14: 32 of 917 (0.034998 posterior)
 motif #15: 29 of 917 (0.031727 posterior)
 motif #16: 21 of 917 (0.023005 posterior)

Program 2: total 285

Program 3: total 54
 motif #3: 38 of 54 (0.702952 posterior)
 motif #10: 3 of 54 (0.057196 posterior)
 motif #13: 16 of 54 (0.297048 posterior)
 motif #16: 4 of 54 (0.075646 posterior)

Motif #1
total sequences 683
A	[ 219.0	-0.0	-0.0	683.0	633.0	83.0	54.0	63.0	217.0	108.0	88.0	128.0	101.0	139.0	144.0	]
C	[ 439.0	-0.0	-0.0	-0.0	-0.0	0.0	94.0	64.0	114.0	265.0	142.0	181.0	206.0	165.0	209.0	]
G	[ 25.0	683.0	682.0	-0.0	16.0	600.0	30.0	474.0	326.0	187.0	312.0	262.0	233.0	251.0	261.0	]
T	[ -0.0	0.0	1.0	-0.0	34.0	0.0	505.0	82.0	26.0	123.0	141.0	112.0	143.0	128.0	69.0	]
Motif #2
total sequences 476
A	[ -0.0	0.0	47.0	37.0	93.0	0.0	6.0	9.0	62.0	29.0	71.0	74.0	]
C	[ 424.0	423.0	429.0	432.0	12.0	476.0	470.0	407.0	316.0	286.0	129.0	221.0	]
G	[ 0.0	-0.0	-0.0	0.0	331.0	0.0	0.0	-0.0	26.0	61.0	143.0	100.0	]
T	[ 52.0	53.0	0.0	7.0	40.0	0.0	0.0	60.0	72.0	100.0	133.0	81.0	]
Motif #3
total sequences 250
A	[ 100.0	124.0	193.0	131.0	42.0	140.0	176.0	82.0	183.0	171.0	52.0	92.0	164.0	112.0	140.0	129.0	]
C	[ 70.0	86.0	-0.0	23.0	133.0	60.0	58.0	125.0	29.0	16.0	165.0	79.0	69.0	138.0	69.0	45.0	]
G	[ 55.0	40.0	56.0	3.0	36.0	0.0	15.0	0.0	29.0	51.0	32.0	3.0	0.0	0.0	41.0	57.0	]
T	[ 25.0	-0.0	1.0	93.0	39.0	50.0	1.0	43.0	9.0	12.0	1.0	76.0	17.0	0.0	0.0	19.0	]
Motif #4
total sequences 227
A	[ 37.0	179.0	165.0	27.0	227.0	-0.0	-0.0	-0.0	-0.0	5.0	26.0	32.0	18.0	24.0	23.0	26.0	61.0	]
C	[ 124.0	1.0	25.0	70.0	-0.0	-0.0	-0.0	-0.0	216.0	15.0	18.0	177.0	70.0	74.0	133.0	98.0	38.0	]
G	[ 47.0	47.0	20.0	129.0	-0.0	-0.0	226.0	227.0	1.0	178.0	169.0	6.0	109.0	110.0	41.0	84.0	103.0	]
T	[ 19.0	-0.0	17.0	1.0	-0.0	227.0	1.0	-0.0	10.0	29.0	14.0	12.0	30.0	19.0	30.0	19.0	25.0	]
Motif #5
total sequences 167
A	[ 54.0	94.0	2.0	42.0	0.0	0.0	166.0	157.0	25.0	-0.0	46.0	-0.0	]
C	[ 20.0	0.0	165.0	125.0	0.0	0.0	1.0	-0.0	-0.0	85.0	38.0	34.0	]
G	[ 93.0	67.0	0.0	0.0	167.0	167.0	-0.0	0.0	142.0	8.0	56.0	117.0	]
T	[ 0.0	6.0	0.0	-0.0	0.0	0.0	0.0	10.0	-0.0	74.0	27.0	16.0	]
Motif #6
total sequences 147
A	[ 23.0	50.0	32.0	7.0	25.0	17.0	0.0	44.0	33.0	1.0	18.0	0.0	-0.0	29.0	22.0	9.0	]
C	[ 2.0	34.0	-0.0	-0.0	98.0	-0.0	0.0	100.0	0.0	-0.0	102.0	21.0	0.0	90.0	21.0	22.0	]
G	[ 111.0	35.0	106.0	139.0	-0.0	114.0	146.0	-0.0	114.0	146.0	1.0	124.0	130.0	21.0	95.0	110.0	]
T	[ 11.0	28.0	9.0	1.0	24.0	16.0	1.0	3.0	0.0	0.0	26.0	2.0	17.0	7.0	9.0	6.0	]
Motif #7
total sequences 115
A	[ 13.0	14.0	64.0	-0.0	3.0	-0.0	114.0	-0.0	-0.0	30.0	38.0	-0.0	]
C	[ 47.0	60.0	50.0	91.0	0.0	115.0	-0.0	110.0	102.0	49.0	12.0	83.0	]
G	[ 42.0	27.0	1.0	24.0	-0.0	-0.0	1.0	5.0	0.0	15.0	5.0	32.0	]
T	[ 13.0	14.0	0.0	-0.0	112.0	-0.0	0.0	-0.0	13.0	21.0	60.0	0.0	]
Motif #8
total sequences 110
A	[ 1.0	15.0	-0.0	1.0	-0.0	28.0	-0.0	-0.0	-0.0	-0.0	-0.0	58.0	]
C	[ 27.0	-0.0	110.0	-0.0	110.0	47.0	-0.0	-0.0	109.0	-0.0	110.0	11.0	]
G	[ 18.0	95.0	-0.0	101.0	-0.0	29.0	-0.0	110.0	1.0	110.0	-0.0	24.0	]
T	[ 64.0	-0.0	-0.0	8.0	-0.0	6.0	110.0	-0.0	-0.0	-0.0	0.0	17.0	]
Motif #9
total sequences 84
A	[ 26.0	68.0	0.0	35.0	2.0	0.0	83.0	77.0	31.0	0.0	9.0	46.0	9.0	4.0	]
C	[ 31.0	-0.0	69.0	49.0	1.0	0.0	-0.0	-0.0	-0.0	29.0	24.0	29.0	35.0	13.0	]
G	[ 24.0	12.0	15.0	-0.0	81.0	84.0	-0.0	0.0	53.0	2.0	50.0	8.0	36.0	40.0	]
T	[ 3.0	4.0	-0.0	-0.0	-0.0	-0.0	1.0	7.0	-0.0	53.0	1.0	1.0	4.0	27.0	]
Motif #10
total sequences 59
A	[ 35.0	11.0	-0.0	0.0	59.0	59.0	-0.0	11.0	32.0	13.0	30.0	12.0	]
C	[ -0.0	-0.0	59.0	59.0	-0.0	0.0	1.0	33.0	-0.0	4.0	26.0	3.0	]
G	[ 24.0	48.0	0.0	0.0	-0.0	-0.0	0.0	14.0	27.0	42.0	0.0	44.0	]
T	[ -0.0	-0.0	-0.0	-0.0	-0.0	-0.0	58.0	1.0	-0.0	-0.0	3.0	0.0	]
Motif #11
total sequences 43
A	[ 6.0	0.0	0.0	6.0	0.0	-0.0	2.0	13.0	1.0	-0.0	1.0	4.0	]
C	[ -0.0	32.0	-0.0	-0.0	24.0	-0.0	-0.0	30.0	0.0	-0.0	31.0	3.0	]
G	[ 37.0	2.0	0.0	37.0	0.0	-0.0	28.0	-0.0	-0.0	43.0	-0.0	9.0	]
T	[ 0.0	9.0	43.0	-0.0	19.0	43.0	13.0	0.0	42.0	-0.0	11.0	27.0	]
Motif #12
total sequences 36
A	[ 7.0	0.0	4.0	0.0	5.0	0.0	0.0	30.0	0.0	0.0	0.0	0.0	30.0	]
C	[ 7.0	7.0	21.0	10.0	0.0	0.0	0.0	0.0	36.0	0.0	0.0	36.0	0.0	]
G	[ 17.0	21.0	10.0	12.0	27.0	2.0	33.0	0.0	0.0	34.0	0.0	0.0	0.0	]
T	[ 5.0	8.0	1.0	14.0	4.0	34.0	3.0	6.0	0.0	2.0	36.0	0.0	6.0	]
Motif #13
total sequences 35
A	[ 7.0	24.0	0.0	35.0	0.0	31.0	29.0	4.0	6.0	33.0	0.0	0.0	16.0	]
C	[ 11.0	1.0	0.0	0.0	0.0	1.0	0.0	11.0	13.0	0.0	0.0	34.0	2.0	]
G	[ 10.0	0.0	34.0	0.0	0.0	0.0	3.0	20.0	16.0	2.0	0.0	1.0	2.0	]
T	[ 7.0	10.0	1.0	0.0	35.0	3.0	3.0	0.0	0.0	0.0	35.0	0.0	15.0	]
Motif #14
total sequences 32
A	[ 1.0	0.0	8.0	0.0	0.0	-0.0	-0.0	-0.0	0.0	-0.0	-0.0	-0.0	]
C	[ 12.0	4.0	0.0	17.0	-0.0	0.0	-0.0	-0.0	9.0	22.0	2.0	10.0	]
G	[ 0.0	-0.0	0.0	15.0	0.0	-0.0	-0.0	-0.0	12.0	0.0	-0.0	-0.0	]
T	[ 19.0	28.0	24.0	-0.0	32.0	32.0	32.0	32.0	11.0	10.0	30.0	22.0	]
Motif #15
total sequences 29
A	[ -0.0	0.0	-0.0	-0.0	0.0	0.0	-0.0	29.0	-0.0	25.0	4.0	0.0	]
C	[ 0.0	29.0	-0.0	29.0	-0.0	29.0	1.0	-0.0	-0.0	3.0	10.0	5.0	]
G	[ 0.0	0.0	0.0	0.0	29.0	-0.0	28.0	-0.0	19.0	0.0	8.0	-0.0	]
T	[ 29.0	-0.0	29.0	-0.0	-0.0	-0.0	-0.0	-0.0	10.0	1.0	7.0	24.0	]
Motif #16
total sequences 25
A	[ 13.0	21.0	-0.0	-0.0	24.0	-0.0	15.0	-0.0	18.0	-0.0	20.0	3.0	]
C	[ 10.0	-0.0	20.0	24.0	1.0	16.0	-0.0	-0.0	-0.0	-0.0	0.0	22.0	]
G	[ 0.0	4.0	-0.0	1.0	-0.0	0.0	0.0	25.0	1.0	25.0	4.0	-0.0	]
T	[ 2.0	-0.0	5.0	-0.0	-0.0	9.0	10.0	-0.0	6.0	-0.0	1.0	-0.0	]
Motif #1; total sequences 683; cGGAAGtgNNNNNNN / NNNNNNNcaCTTCCg
Motif #2; total sequences 476; CCCCgCCCccNN / NNggGGGcGGGG
Motif #3; total sequences 250; NNaacaaNaacNacaa / ttgtNgttNttgttNN
Motif #4; total sequences 227; caagATGGCggcNNcNN / NNgNNgccGCCATcttg
Motif #5; total sequences 167; gaCcGGAAGcNg / cNgCTTCCgGtc
Motif #6; total sequences 147; gNgGcgGcgGcGGcgg / ccgCCgCcgCcgCcNc
Motif #7; total sequences 115; NcacTCACCNtc / gaNGGTGAgtgN
Motif #8; total sequences 110; tGCGCNTGCGCa / tGCGCANGCGCa
Motif #9; total sequences 84; NACcGGAAgtgaNN / NNtcacTTCCgGTN
Motif #10; total sequences 59; aGCCAATcagag / ctctgATTGGCt
Motif #11; total sequences 43; GcTGcTgcTGct / agCAgcAgCAgC
Motif #12; total sequences 36; NgcNgTGACGTCA / TGACGTCAcNgcN
Motif #13; total sequences 35; NaGATAAgNATCN / NGATNcTTATCtN
Motif #14; total sequences 32; tTtcTTTTNcTt / aAgNAAAAgaAa
Motif #15; total sequences 29; TCTCGCGAgANT / ANTcTCGCGAGA
Motif #16; total sequences 25; aAcCAcaGaGaC / GtCtCtgTGgTt

Full posterior for run 6 is 16288.912248
