1	chr1:20897671-20898254	1	67	NA	225	NA	NA	NA	
2	chr1:23487160-23488639	2	NA	NA	NA	NA	NA	NA	
3	chr1:24566603-24569405	1	1934	NA	NA	NA	NA	1164	
4	chr1:36864939-36865549	4	NA	-20	NA	-356	NA	NA	
5	chr1:40419842-40420980	1	30	NA	534	NA	NA	599	
6	chr1:51393030-51393679	3	NA	-528	NA	NA	NA	NA	
7	chr1:51538255-51538850	2	NA	NA	NA	NA	NA	NA	
8	chr1:63599505-63600306	4	NA	NA	NA	347	NA	NA	
9	chr1:80092639-80093456	5	NA	NA	-449	NA	NA	NA	
10	chr1:81169061-81169940	2	NA	NA	NA	NA	NA	NA	
11	chr1:90306610-90307201	3	NA	208	NA	NA	NA	NA	
12	chr1:120138586-120139086	1	379	NA	-398	NA	NA	NA	
13	chr1:132907236-132907871	2	NA	NA	NA	NA	NA	NA	
14	chr1:133031701-133032548	1	-498	NA	-515	NA	NA	NA	
15	chr1:134692915-134693672	4	NA	NA	NA	-361	NA	585	
16	chr1:138416585-138417422	5	NA	NA	112	NA	NA	NA	
17	chr1:145768540-145769187	1	564	-626	NA	NA	208	NA	
18	chr1:155141987-155142749	1	276	NA	NA	NA	NA	482	
19	chr1:163507438-163508304	3	NA	393	-226	NA	NA	NA	
20	chr1:167681556-167682229	2	NA	NA	NA	NA	NA	NA	
21	chr1:175877427-175878443	1	-866	NA	NA	NA	NA	NA	
22	chr1:186554726-186555192	1	344	NA	203	NA	NA	185	
23	chr1:192894188-192894901	3	NA	-238	-438	NA	NA	NA	
24	chr10:13688877-13689651	1	371	NA	-346	NA	NA	NA	
25	chr10:19628484-19629258	1	402	NA	NA	NA	545	NA	
26	chr10:26048076-26048757	2	NA	NA	NA	NA	NA	NA	
27	chr10:39680230-39680917	2	NA	NA	NA	NA	NA	NA	
28	chr10:79836617-79837582	3	NA	499	NA	NA	NA	NA	
29	chr10:80201629-80202126	2	NA	NA	NA	NA	NA	NA	
30	chr10:80509162-80509451	2	NA	NA	NA	NA	NA	NA	
31	chr10:80913080-80914050	3	NA	-231	-489	NA	416	NA	
32	chr10:92765660-92766028	5	NA	NA	-223	NA	NA	NA	
33	chr10:95507165-95507559	3	NA	251	NA	NA	NA	NA	
34	chr10:117575269-117576136	4	NA	NA	NA	-424	NA	NA	
35	chr10:127907437-127908080	5	NA	NA	-293	NA	NA	NA	
36	chr11:11463847-11464873	4	NA	NA	NA	-517	NA	NA	
37	chr11:20148735-20149275	3	NA	166	NA	NA	NA	NA	
38	chr11:21002515-21003402	1	372	NA	NA	NA	NA	835	
39	chr11:22592459-22593403	3	NA	490	NA	NA	NA	NA	
40	chr11:31570379-31571478	3	NA	-279	NA	NA	NA	NA	
41	chr11:33838628-33839502	3	NA	-360	NA	NA	-26	NA	
42	chr11:34011946-34012343	1	-220	NA	-111	NA	NA	NA	
43	chr11:46232528-46233371	1	-501	NA	NA	NA	NA	22	
44	chr11:52157518-52158138	1	-472	NA	NA	NA	NA	NA	
45	chr11:54710065-54710643	2	NA	NA	NA	NA	NA	NA	
46	chr11:54975394-54975873	2	NA	NA	NA	NA	NA	NA	
47	chr11:65610863-65611587	1	-31	NA	NA	NA	NA	NA	
48	chr11:66907517-66907837	2	NA	NA	NA	NA	NA	NA	
49	chr11:69182625-69183167	1	-523	NA	NA	NA	417	NA	
50	chr11:78352158-78353054	1	-215	NA	NA	NA	NA	NA	
51	chr11:82856905-82857744	1	-464	NA	NA	NA	NA	NA	
52	chr11:87567616-87568360	1	-328	NA	-96	NA	NA	NA	
53	chr11:87575311-87576385	3	NA	-1042	NA	NA	573	NA	
54	chr11:94407912-94408440	2	NA	NA	NA	NA	NA	NA	
55	chr11:98285951-98286753	3	NA	319	497	NA	NA	NA	
56	chr11:98303628-98304127	4	NA	275	NA	251	-441	382	
57	chr11:99016186-99016820	2	NA	NA	NA	NA	NA	NA	
58	chr11:108726757-108727516	3	NA	639	NA	NA	293	NA	
59	chr11:108827597-108828258	2	NA	NA	NA	NA	NA	NA	
60	chr11:110214719-110215313	5	NA	NA	325	NA	NA	NA	
61	chr12:3109876-3110267	2	NA	NA	NA	NA	NA	NA	
62	chr12:21697626-21698281	3	NA	-632	NA	NA	155	NA	
63	chr12:74516842-74517755	3	NA	-855	NA	NA	NA	NA	
64	chr12:74611051-74611820	1	-488	NA	NA	NA	NA	NA	
65	chr12:85110891-85111217	2	NA	NA	NA	NA	NA	NA	
66	chr12:85662394-85663104	2	NA	NA	NA	NA	NA	NA	
67	chr12:87833977-87834760	3	NA	-708	NA	NA	NA	NA	
68	chr12:101395027-101395767	4	340	NA	NA	-360	NA	-424	
69	chr12:103732184-103733079	3	NA	337	NA	NA	NA	NA	
70	chr12:111185530-111186215	3	NA	-522	NA	NA	-204	NA	
71	chr12:116670716-116671691	2	NA	NA	NA	NA	NA	NA	
72	chr12:116696429-116697160	1	393	NA	NA	NA	NA	NA	
73	chr13:6452426-6453172	5	NA	NA	432	NA	NA	NA	
74	chr13:34871906-34872409	4	NA	NA	NA	145	76	NA	
75	chr13:36815339-36816442	2	NA	NA	NA	NA	NA	NA	
76	chr13:42311565-42312103	3	NA	-380	-325	-357	-455	NA	
77	chr13:51779697-51780541	1	465	NA	NA	NA	NA	NA	
78	chr13:51982514-51983079	3	NA	-387	346	NA	-447	NA	
79	chr13:63334054-63334722	2	NA	NA	NA	NA	NA	NA	
80	chr13:85599706-85600597	3	NA	21	NA	NA	NA	NA	
81	chr13:98291101-98291428	5	NA	NA	NA	NA	NA	-55	
82	chr13:114700773-114701501	5	NA	NA	-220	NA	-274	NA	
83	chr14:39187378-39187979	3	NA	-570	NA	NA	NA	NA	
84	chr14:53185159-53186012	4	257	NA	NA	423	NA	NA	
85	chr14:54557679-54558308	3	NA	-271	NA	NA	-111	NA	
86	chr14:61072465-61073256	5	NA	NA	-722	NA	NA	NA	
87	chr14:61881997-61882684	5	NA	NA	-309	NA	NA	NA	
88	chr14:64284388-64285040	2	NA	NA	NA	NA	NA	NA	
89	chr14:85972789-85973327	1	-26	NA	NA	NA	NA	411	
90	chr15:5393222-5393977	2	NA	NA	NA	NA	NA	NA	
91	chr15:9605852-9606768	4	NA	NA	NA	354	NA	NA	
92	chr15:62592966-62593637	2	NA	NA	NA	NA	NA	NA	
93	chr15:63993065-63993580	4	355	NA	NA	-291	NA	NA	
94	chr15:66337449-66338120	5	NA	NA	NA	NA	NA	-581	
95	chr15:74913207-74914442	1	950	-464	NA	NA	NA	NA	
96	chr15:77798192-77798626	1	415	NA	231	NA	NA	NA	
97	chr15:78321935-78322773	4	-401	NA	NA	497	NA	NA	
98	chr15:85217626-85218190	1	-158	NA	-312	NA	NA	NA	
99	chr15:97200981-97201852	2	NA	NA	NA	NA	NA	NA	
100	chr15:98820398-98820814	3	NA	268	-231	NA	-372	NA	
101	chr16:4498946-4499528	1	148	NA	NA	NA	NA	-303	
102	chr16:5308541-5309404	4	258	NA	NA	-489	NA	NA	
103	chr16:22346867-22347825	1	717	NA	NA	NA	NA	NA	
104	chr16:36396194-36396562	4	NA	NA	NA	215	NA	NA	
105	chr16:44611240-44611788	2	NA	NA	NA	NA	NA	NA	
106	chr16:48705868-48706443	3	NA	385	NA	NA	NA	NA	
107	chr16:52000683-52001866	1	-668	NA	-683	NA	NA	301	
108	chr16:76237355-76237591	1	102	NA	NA	NA	NA	NA	
109	chr16:76431954-76432667	2	NA	NA	NA	NA	NA	NA	
110	chr16:84595380-84596017	2	NA	NA	NA	NA	NA	NA	
111	chr16:89724342-89725127	3	NA	-727	-350	NA	NA	NA	
112	chr16:89861897-89862591	5	NA	NA	NA	NA	NA	386	
113	chr17:7013440-7014049	3	NA	-335	NA	NA	NA	NA	
114	chr17:8089621-8090408	2	NA	NA	NA	NA	NA	NA	
115	chr17:24911700-24912500	1	368	NA	-327	NA	NA	NA	
116	chr17:28339999-28340883	4	NA	NA	NA	591	NA	NA	
117	chr17:28463477-28463989	2	NA	NA	NA	NA	NA	NA	
118	chr17:35631650-35632237	1	149	NA	NA	NA	NA	NA	
119	chr17:35839180-35839776	3	NA	-565	NA	NA	229	NA	
120	chr17:39450927-39457022	3	NA	-1020	NA	NA	NA	NA	
121	chr17:50873139-50873988	5	NA	NA	-439	NA	NA	NA	
122	chr17:51627199-51628395	1	-1004	NA	-491	NA	NA	136	
123	chr17:56745210-56746144	5	NA	NA	-502	NA	NA	NA	
124	chr17:70877881-70878757	1	-511	NA	-762	NA	NA	608	
125	chr17:83220692-83221326	1	0	NA	-289	NA	113	NA	
126	chr17:84024265-84024986	4	NA	NA	NA	458	NA	NA	
127	chr18:3005202-3006082	1	515	NA	NA	NA	25	NA	
128	chr18:39208843-39209539	2	NA	NA	NA	NA	NA	NA	
129	chr18:40433910-40434388	1	86	NA	NA	NA	NA	NA	
130	chr18:75447304-75448028	2	NA	NA	NA	NA	NA	NA	
131	chr18:75502743-75503477	4	165	NA	NA	286	NA	NA	
132	chr18:82355522-82355995	1	-306	NA	NA	NA	177	NA	
133	chr18:89340229-89341162	4	-534	NA	NA	453	NA	575	
134	chr19:4119455-4120306	4	436	NA	NA	380	NA	NA	
135	chr19:4878447-4879352	3	NA	832	NA	NA	NA	NA	
136	chr19:33432275-33433175	5	NA	NA	615	NA	NA	NA	
137	chr19:59455157-59455890	2	NA	NA	NA	NA	NA	NA	
138	chr2:11534585-11535092	2	NA	NA	NA	NA	NA	NA	
139	chr2:26575280-26576001	3	NA	253	NA	NA	NA	NA	
140	chr2:30416593-30417348	1	482	NA	NA	NA	NA	NA	
141	chr2:32317221-32317640	1	-148	NA	NA	NA	228	NA	
142	chr2:32516115-32516586	2	NA	NA	NA	NA	NA	NA	
143	chr2:35803851-35804358	1	-242	NA	NA	NA	NA	461	
144	chr2:37593767-37594274	1	-312	-217	NA	NA	NA	NA	
145	chr2:38293709-38294207	1	-92	NA	NA	NA	NA	402	
146	chr2:65845877-65846273	2	NA	NA	NA	NA	NA	NA	
147	chr2:70675780-70676704	1	391	NA	NA	NA	NA	-696	
148	chr2:80262489-80263065	4	NA	NA	NA	352	NA	NA	
149	chr2:84579863-84580784	1	-165	NA	NA	NA	NA	23	
150	chr2:98462929-98463961	2	NA	NA	NA	NA	NA	NA	
151	chr2:98466950-98468313	2	NA	NA	NA	NA	NA	NA	
152	chr2:104326422-104326932	1	-395	NA	NA	NA	NA	NA	
153	chr2:117034052-117034623	4	NA	513	NA	-331	NA	NA	
154	chr2:118942201-118942891	5	NA	NA	266	NA	NA	NA	
155	chr2:118979737-118980443	2	NA	NA	NA	NA	NA	NA	
156	chr2:153217149-153217865	4	NA	NA	NA	-247	NA	NA	
157	chr2:157258762-157259369	4	NA	NA	NA	-118	NA	NA	
158	chr2:158100548-158101312	3	NA	174	NA	NA	109	NA	
159	chr2:167578972-167579448	4	NA	-165	NA	279	NA	NA	
160	chr2:170194522-170195043	2	NA	NA	NA	NA	NA	NA	
161	chr2:181846625-181847434	3	NA	-648	-672	NA	NA	NA	
162	chr3:52966229-52966809	1	166	NA	NA	NA	NA	395	
163	chr3:56663271-56663681	2	NA	NA	NA	NA	NA	NA	
164	chr3:89958063-89958718	1	-466	NA	-270	NA	NA	NA	
165	chr3:96665260-96666201	3	NA	66	177	NA	-748	NA	
166	chr3:107924572-107925196	3	NA	36	255	NA	NA	NA	
167	chr3:109324309-109324904	3	NA	399	NA	NA	NA	NA	
168	chr3:126826614-126827447	1	377	780	NA	NA	NA	650	
169	chr3:127755015-127755843	2	NA	NA	NA	NA	NA	NA	
170	chr3:136680046-136680862	3	NA	151	NA	NA	-552	NA	
171	chr4:16090973-16091493	2	NA	NA	NA	NA	NA	NA	
172	chr4:32616412-32617225	1	677	NA	-338	NA	NA	NA	
173	chr4:63984012-63984382	2	NA	NA	NA	NA	NA	NA	
174	chr4:69864482-69864755	2	NA	NA	NA	NA	NA	NA	
175	chr4:87505686-87506215	3	NA	-344	NA	NA	NA	NA	
176	chr4:100665417-100666293	1	-32	NA	NA	NA	NA	NA	
177	chr4:102209371-102210241	1	-584	NA	NA	NA	NA	NA	
178	chr4:116975974-116976664	1	257	NA	NA	NA	13	-305	
179	chr4:120483941-120484702	1	258	NA	NA	NA	NA	NA	
180	chr4:125605762-125606487	4	NA	NA	NA	-386	NA	NA	
181	chr4:135332186-135332481	5	NA	NA	-143	NA	NA	NA	
182	chr5:2999879-3002720	2	NA	NA	NA	NA	NA	NA	
183	chr5:20922938-20923479	1	-467	-311	NA	NA	NA	NA	
184	chr5:65614599-65614890	2	NA	NA	NA	NA	NA	NA	
185	chr5:72451736-72452199	2	NA	NA	NA	NA	NA	NA	
186	chr5:99739819-99740642	1	-242	-710	NA	NA	779	NA	
187	chr5:105925213-105925733	4	NA	NA	NA	214	NA	NA	
188	chr5:107535406-107536158	3	NA	-449	NA	NA	NA	NA	
189	chr5:111080072-111080554	5	NA	NA	415	NA	NA	NA	
190	chr5:113931504-113932117	2	NA	NA	NA	NA	NA	NA	
191	chr5:114900498-114900854	2	NA	NA	NA	NA	NA	NA	
192	chr5:138017044-138017774	5	NA	NA	-360	NA	NA	NA	
193	chr5:138887064-138887932	4	NA	NA	NA	-409	NA	NA	
194	chr5:139635703-139636371	4	NA	538	NA	285	NA	NA	
195	chr5:146564914-146565732	2	NA	NA	NA	NA	NA	NA	
196	chr6:22299145-22300111	4	NA	NA	NA	592	NA	NA	
197	chr6:41483560-41484175	1	503	292	NA	NA	NA	71	
198	chr6:50346312-50347226	1	-49	NA	NA	NA	NA	NA	
199	chr6:82887059-82887868	4	NA	NA	NA	615	NA	NA	
200	chr6:87507541-87508280	2	NA	NA	NA	NA	NA	NA	
201	chr6:98957869-98958615	1	-131	NA	NA	NA	4	NA	
202	chr6:103614677-103615208	2	NA	NA	NA	NA	NA	NA	
203	chr6:124715721-124716488	5	NA	NA	-510	NA	NA	NA	
204	chr6:140582661-140583333	2	NA	NA	NA	NA	NA	NA	
205	chr6:142874566-142875347	1	744	NA	NA	NA	NA	NA	
206	chr6:143448247-143448538	4	NA	-184	NA	163	NA	NA	
207	chr6:144627485-144628192	1	261	NA	NA	NA	NA	-171	
208	chr7:15107437-15108187	1	-480	NA	NA	NA	146	NA	
209	chr7:27642021-27642590	5	NA	NA	-331	NA	NA	NA	
210	chr7:28091616-28092165	2	NA	NA	NA	NA	NA	NA	
211	chr7:28843157-28843775	3	NA	2	NA	NA	-383	NA	
212	chr7:45378170-45378868	2	NA	NA	NA	NA	NA	NA	
213	chr7:45459955-45460620	2	NA	NA	NA	NA	NA	NA	
214	chr7:67944245-67944875	2	NA	NA	NA	NA	NA	NA	
215	chr7:89882241-89882812	2	NA	NA	NA	NA	NA	NA	
216	chr7:110223126-110223883	1	612	NA	NA	NA	NA	NA	
217	chr7:114270709-114271789	4	NA	811	NA	480	NA	NA	
218	chr7:125263193-125263754	5	NA	NA	387	NA	NA	NA	
219	chr8:18863700-18864409	2	NA	NA	NA	NA	NA	NA	
220	chr8:24560844-24561472	5	NA	NA	NA	NA	NA	63	
221	chr8:26739623-26740148	2	NA	NA	NA	NA	NA	NA	
222	chr8:27119284-27120036	3	NA	-614	NA	NA	450	NA	
223	chr8:37662390-37663098	4	NA	NA	NA	-442	NA	NA	
224	chr8:73602383-73603191	1	362	NA	319	NA	NA	NA	
225	chr8:108155588-108156379	5	NA	NA	NA	NA	NA	-417	
226	chr8:114482228-114482870	3	NA	46	431	NA	139	NA	
227	chr8:118271658-118272375	3	NA	-298	-349	NA	NA	NA	
228	chr8:125169965-125171088	1	-476	-723	NA	NA	NA	-255	
229	chr8:127608056-127608718	3	NA	483	-361	NA	NA	NA	
230	chr8:130848661-130849522	2	NA	NA	NA	NA	NA	NA	
231	chr9:21199954-21200829	2	NA	NA	NA	NA	NA	NA	
232	chr9:24292320-24292667	2	NA	NA	NA	NA	NA	NA	
233	chr9:32810190-32811196	3	NA	-643	523	NA	-36	NA	
234	chr9:35054745-35055295	2	NA	NA	NA	NA	NA	NA	
235	chr9:44288655-44289439	3	NA	-677	NA	NA	NA	NA	
236	chr9:57664560-57665271	1	-329	NA	NA	NA	NA	NA	
237	chr9:60796844-60797427	1	371	NA	NA	NA	-533	NA	
238	chr9:63518829-63519421	4	531	NA	NA	-191	NA	NA	
239	chr9:63536164-63536742	2	NA	NA	NA	NA	NA	NA	
240	chr9:66718328-66718862	1	-29	NA	NA	NA	NA	NA	
241	chr9:68833530-68834353	4	NA	NA	NA	-447	NA	NA	
242	chr9:72264394-72264682	1	140	-196	NA	NA	NA	NA	
243	chr9:75195785-75196662	4	NA	684	NA	444	NA	NA	
244	chr9:85210246-85211249	1	981	NA	NA	NA	NA	NA	
245	chr9:100331404-100331968	3	NA	291	-219	NA	-116	NA	
246	chr9:107136568-107137167	4	NA	NA	NA	299	NA	NA	
247	chr9:107147611-107148252	2	NA	NA	NA	NA	NA	NA	
248	chr9:110530301-110530814	3	NA	-236	NA	NA	NA	NA	
249	chr9:119592533-119593099	2	NA	NA	NA	NA	NA	NA	
250	chr9:119879098-119879479	2	NA	NA	NA	NA	NA	NA	
251	chr9:119923130-119923715	3	NA	49	-464	NA	NA	NA	
252	chr9:119940332-119941120	3	NA	-214	NA	NA	NA	NA	
253	chr9:120006807-120007177	1	-220	NA	NA	NA	NA	NA	
254	chrX:38587943-38588780	1	317	-631	422	NA	-718	NA	
255	chrX:73676122-73676707	2	NA	NA	NA	NA	NA	NA	
256	chrX:98234436-98235044	2	NA	NA	NA	NA	NA	NA	
257	chrX:138729250-138729574	2	NA	NA	NA	NA	NA	NA	
