Number of sequences: 1794
Number of programs: 5
Number of motifs: 12
Motif widths: 13 12 22 12 12 12 19 29 12 12 12 12 
Program 1: total 1076
 motif #1: 833 of 1076 (0.774113 posterior)
 motif #2: 354 of 1076 (0.329028 posterior)
 motif #3: 328 of 1076 (0.304869 posterior)
 motif #4: 317 of 1076 (0.294648 posterior)
 motif #5: 21 of 1076 (0.019606 posterior)
 motif #6: 137 of 1076 (0.127393 posterior)
 motif #7: 37 of 1076 (0.034473 posterior)
 motif #8: 29 of 1076 (0.027040 posterior)
 motif #9: 46 of 1076 (0.042836 posterior)
 motif #10: 26 of 1076 (0.024252 posterior)
 motif #11: 40 of 1076 (0.037261 posterior)
 motif #12: 30 of 1076 (0.027969 posterior)

Program 2: total 434

Program 3: total 188
 motif #2: 62 of 188 (0.329968 posterior)
 motif #3: 57 of 188 (0.303401 posterior)
 motif #4: 35 of 188 (0.186504 posterior)
 motif #5: 188 of 188 (0.999469 posterior)
 motif #8: 6 of 188 (0.032412 posterior)
 motif #9: 13 of 188 (0.069607 posterior)
 motif #10: 16 of 188 (0.085547 posterior)
 motif #11: 4 of 188 (0.021785 posterior)

Program 4: total 71
 motif #7: 38 of 71 (0.535112 posterior)
 motif #8: 39 of 71 (0.549157 posterior)
 motif #9: 4 of 71 (0.057584 posterior)
 motif #10: 5 of 71 (0.071629 posterior)

Program 5: total 25
 motif #1: 1 of 25 (0.043651 posterior)
 motif #2: 12 of 25 (0.480159 posterior)
 motif #3: 21 of 25 (0.837302 posterior)
 motif #4: 22 of 25 (0.876984 posterior)
 motif #7: 13 of 25 (0.519841 posterior)
 motif #8: 1 of 25 (0.043651 posterior)
 motif #9: 2 of 25 (0.083333 posterior)
 motif #10: 5 of 25 (0.202381 posterior)
 motif #11: 1 of 25 (0.043651 posterior)
 motif #12: 1 of 25 (0.043651 posterior)

Motif #1
total sequences 834
A	[ 227.0	647.0	0.0	834.0	17.0	678.0	628.0	164.0	354.0	627.0	155.0	103.0	218.0	]
C	[ 226.0	0.0	-0.0	0.0	19.0	0.0	25.0	197.0	181.0	63.0	96.0	487.0	89.0	]
G	[ 269.0	-0.0	834.0	-0.0	3.0	38.0	149.0	403.0	275.0	106.0	104.0	140.0	107.0	]
T	[ 112.0	187.0	0.0	0.0	795.0	118.0	32.0	70.0	24.0	38.0	479.0	104.0	420.0	]
Motif #2
total sequences 428
A	[ 46.0	311.0	-0.0	0.0	-0.0	4.0	-0.0	-0.0	27.0	3.0	63.0	50.0	]
C	[ 256.0	-0.0	244.0	-0.0	-0.0	411.0	428.0	0.0	98.0	135.0	98.0	99.0	]
G	[ 42.0	68.0	9.0	-0.0	-0.0	1.0	-0.0	9.0	203.0	34.0	84.0	82.0	]
T	[ 84.0	49.0	175.0	428.0	428.0	12.0	-0.0	419.0	100.0	256.0	183.0	197.0	]
Motif #3
total sequences 406
A	[ 76.0	56.0	62.0	72.0	34.0	110.0	59.0	15.0	60.0	47.0	75.0	67.0	74.0	77.0	48.0	116.0	52.0	126.0	95.0	105.0	138.0	130.0	]
C	[ 16.0	22.0	6.0	3.0	37.0	64.0	11.0	2.0	0.0	2.0	42.0	8.0	30.0	-0.0	33.0	0.0	22.0	87.0	44.0	22.0	37.0	70.0	]
G	[ 253.0	302.0	298.0	331.0	324.0	21.0	318.0	386.0	314.0	357.0	214.0	172.0	270.0	306.0	279.0	259.0	255.0	144.0	192.0	226.0	179.0	161.0	]
T	[ 61.0	26.0	40.0	0.0	11.0	211.0	18.0	3.0	32.0	-0.0	75.0	159.0	32.0	23.0	46.0	31.0	77.0	49.0	75.0	53.0	52.0	45.0	]
Motif #4
total sequences 374
A	[ 287.0	265.0	89.0	223.0	362.0	324.0	240.0	98.0	160.0	248.0	374.0	285.0	]
C	[ -0.0	3.0	145.0	93.0	8.0	49.0	18.0	150.0	126.0	126.0	0.0	89.0	]
G	[ -0.0	66.0	94.0	5.0	0.0	-0.0	41.0	126.0	8.0	0.0	0.0	-0.0	]
T	[ 87.0	40.0	46.0	53.0	4.0	1.0	75.0	0.0	80.0	-0.0	0.0	0.0	]
Motif #5
total sequences 209
A	[ 42.0	140.0	0.0	203.0	0.0	20.0	0.0	23.0	208.0	4.0	1.0	65.0	]
C	[ 74.0	5.0	0.0	0.0	5.0	96.0	36.0	5.0	1.0	0.0	200.0	8.0	]
G	[ 67.0	3.0	209.0	1.0	0.0	67.0	14.0	0.0	0.0	0.0	0.0	13.0	]
T	[ 26.0	61.0	0.0	5.0	204.0	26.0	159.0	181.0	0.0	205.0	8.0	123.0	]
Motif #6
total sequences 137
A	[ 137.0	108.0	69.0	47.0	36.0	110.0	109.0	125.0	5.0	34.0	54.0	85.0	]
C	[ 0.0	29.0	2.0	18.0	68.0	23.0	0.0	11.0	88.0	65.0	78.0	23.0	]
G	[ 0.0	0.0	-0.0	38.0	0.0	1.0	0.0	1.0	43.0	2.0	5.0	2.0	]
T	[ 0.0	0.0	66.0	34.0	33.0	3.0	28.0	0.0	1.0	36.0	0.0	27.0	]
Motif #7
total sequences 88
A	[ 6.0	0.0	9.0	88.0	0.0	0.0	18.0	14.0	10.0	26.0	25.0	5.0	88.0	0.0	0.0	31.0	15.0	14.0	20.0	]
C	[ 36.0	23.0	0.0	0.0	0.0	88.0	0.0	47.0	35.0	24.0	22.0	59.0	0.0	0.0	88.0	0.0	24.0	27.0	23.0	]
G	[ 25.0	2.0	1.0	0.0	0.0	0.0	2.0	12.0	8.0	24.0	17.0	24.0	0.0	0.0	0.0	2.0	34.0	21.0	17.0	]
T	[ 21.0	63.0	78.0	0.0	88.0	0.0	68.0	15.0	35.0	14.0	24.0	0.0	0.0	88.0	0.0	55.0	15.0	26.0	28.0	]
Motif #8
total sequences 75
A	[ 21.0	19.0	15.0	23.0	4.0	6.0	15.0	27.0	25.0	4.0	28.0	0.0	0.0	5.0	0.0	1.0	21.0	0.0	0.0	0.0	22.0	0.0	1.0	0.0	0.0	15.0	12.0	47.0	18.0	]
C	[ 21.0	26.0	12.0	5.0	10.0	29.0	32.0	11.0	17.0	21.0	8.0	20.0	45.0	1.0	75.0	74.0	54.0	40.0	75.0	3.0	0.0	24.0	6.0	0.0	2.0	26.0	29.0	4.0	24.0	]
G	[ 25.0	6.0	19.0	27.0	38.0	23.0	10.0	8.0	21.0	19.0	25.0	47.0	0.0	57.0	0.0	0.0	0.0	0.0	0.0	0.0	44.0	51.0	0.0	73.0	67.0	3.0	16.0	14.0	15.0	]
T	[ 8.0	24.0	29.0	20.0	23.0	17.0	18.0	29.0	12.0	31.0	14.0	8.0	30.0	12.0	0.0	0.0	0.0	35.0	0.0	72.0	9.0	0.0	68.0	2.0	6.0	31.0	18.0	10.0	18.0	]
Motif #9
total sequences 65
A	[ 65.0	26.0	35.0	42.0	0.0	0.0	65.0	36.0	34.0	13.0	9.0	11.0	]
C	[ -0.0	13.0	30.0	0.0	-0.0	-0.0	0.0	3.0	4.0	37.0	16.0	2.0	]
G	[ -0.0	26.0	-0.0	-0.0	65.0	65.0	-0.0	26.0	27.0	0.0	18.0	52.0	]
T	[ -0.0	0.0	0.0	23.0	0.0	-0.0	-0.0	0.0	-0.0	15.0	22.0	0.0	]
Motif #10
total sequences 52
A	[ -0.0	51.0	10.0	17.0	44.0	43.0	3.0	-0.0	52.0	52.0	30.0	-0.0	]
C	[ 30.0	-0.0	-0.0	1.0	-0.0	-0.0	0.0	1.0	0.0	0.0	2.0	16.0	]
G	[ 22.0	1.0	42.0	34.0	-0.0	8.0	49.0	49.0	0.0	0.0	20.0	36.0	]
T	[ -0.0	-0.0	-0.0	0.0	8.0	1.0	0.0	2.0	-0.0	0.0	0.0	-0.0	]
Motif #11
total sequences 45
A	[ 6.0	-0.0	1.0	-0.0	-0.0	-0.0	-0.0	0.0	-0.0	1.0	1.0	-0.0	]
C	[ 13.0	-0.0	0.0	45.0	0.0	21.0	18.0	-0.0	0.0	42.0	44.0	0.0	]
G	[ -0.0	15.0	0.0	-0.0	-0.0	15.0	1.0	-0.0	-0.0	2.0	-0.0	0.0	]
T	[ 26.0	30.0	44.0	0.0	45.0	9.0	26.0	45.0	45.0	-0.0	0.0	45.0	]
Motif #12
total sequences 31
A	[ 31.0	1.0	0.0	8.0	31.0	31.0	28.0	-0.0	7.0	24.0	21.0	8.0	]
C	[ 0.0	-0.0	3.0	22.0	-0.0	-0.0	-0.0	1.0	-0.0	6.0	2.0	0.0	]
G	[ -0.0	0.0	28.0	1.0	0.0	0.0	3.0	2.0	24.0	0.0	7.0	18.0	]
T	[ -0.0	30.0	0.0	-0.0	0.0	0.0	-0.0	28.0	0.0	1.0	1.0	5.0	]
Motif #1; total sequences 834; NaGATAaNNatct / agatNNtTATCtN
Motif #2; total sequences 428; cacTTCCTNtNN / NNaNAGGAAgtg
Motif #3; total sequences 406; gggGgtgGgGgNgggggNNgNN / NNcNNcccccNcCcCcacCccc
Motif #4; total sequences 374; aaNaAAaNNaAa / tTtNNtTTtNtt
Motif #5; total sequences 209; NaGATNtTATCt / aGATAaNATCtN
Motif #6; total sequences 137; AaaNNAaAcNca / tgNgTtTNNttT
Motif #7; total sequences 88; NtTATCtcNNNcATCtNNN / NNNaGATgNNNgaGATAaN
Motif #8; total sequences 75; NNNNgNNNNNNgcgCCccCTggTGGNNaN / NtNNCCAccAGggGGcgcNNNNNNcNNNN
Motif #9; total sequences 65; ANaaGGAaacNg / cNgttTCCttNT
Motif #10; total sequences 52; cAGgAAGGAAag / ctTTCCTTcCTg
Motif #11; total sequences 45; ttTCTNtTTCCT / AGGAAaNAGAaa
Motif #12; total sequences 31; ATGcAAATgaag / cttcATTTgCAT

Full posterior for run 7 is 17116.364435
