Number of sequences: 2054
Number of programs: 6
Number of motifs: 13
Motif widths: 12 13 23 28 13 19 12 12 23 15 12 12 12 
Program 1: total 649
 motif #1: 649 of 649 (0.999846 posterior)
 motif #2: 166 of 649 (0.255853 posterior)
 motif #3: 66 of 649 (0.101818 posterior)
 motif #5: 34 of 649 (0.052526 posterior)
 motif #7: 42 of 649 (0.064849 posterior)
 motif #8: 53 of 649 (0.081793 posterior)
 motif #10: 6 of 649 (0.009396 posterior)
 motif #11: 17 of 649 (0.026340 posterior)
 motif #12: 13 of 649 (0.020179 posterior)

Program 2: total 466

Program 3: total 440
 motif #2: 147 of 440 (0.334166 posterior)
 motif #3: 58 of 440 (0.131985 posterior)
 motif #4: 213 of 440 (0.484098 posterior)
 motif #5: 6 of 440 (0.013857 posterior)
 motif #7: 29 of 440 (0.066106 posterior)
 motif #8: 12 of 440 (0.027488 posterior)
 motif #9: 56 of 440 (0.127442 posterior)
 motif #10: 33 of 440 (0.075193 posterior)
 motif #11: 12 of 440 (0.027488 posterior)
 motif #12: 9 of 440 (0.020672 posterior)
 motif #13: 5 of 440 (0.011586 posterior)

Program 4: total 219
 motif #2: 10 of 219 (0.046077 posterior)
 motif #3: 219 of 219 (0.999544 posterior)
 motif #5: 48 of 219 (0.219434 posterior)
 motif #7: 18 of 219 (0.082573 posterior)
 motif #8: 2 of 219 (0.009580 posterior)
 motif #11: 6 of 219 (0.027828 posterior)
 motif #13: 14 of 219 (0.064325 posterior)

Program 5: total 151
 motif #2: 49 of 151 (0.324735 posterior)
 motif #3: 3 of 151 (0.020503 posterior)
 motif #4: 8 of 151 (0.053571 posterior)
 motif #5: 151 of 151 (0.999339 posterior)
 motif #7: 12 of 151 (0.080026 posterior)
 motif #8: 14 of 151 (0.093254 posterior)
 motif #10: 4 of 151 (0.027116 posterior)
 motif #12: 5 of 151 (0.033730 posterior)
 motif #13: 3 of 151 (0.020503 posterior)

Program 6: total 129
 motif #1: 6 of 129 (0.047214 posterior)
 motif #2: 15 of 129 (0.116873 posterior)
 motif #3: 27 of 129 (0.209752 posterior)
 motif #4: 33 of 129 (0.256192 posterior)
 motif #6: 129 of 129 (0.999226 posterior)
 motif #8: 11 of 129 (0.085913 posterior)
 motif #10: 3 of 129 (0.023994 posterior)
 motif #11: 5 of 129 (0.039474 posterior)
 motif #13: 1 of 129 (0.008514 posterior)

Motif #1
total sequences 655
A	[ 277.0	212.0	293.0	-0.0	10.0	3.0	32.0	650.0	1.0	-0.0	183.0	111.0	]
C	[ 63.0	34.0	96.0	89.0	277.0	85.0	30.0	5.0	-0.0	614.0	0.0	184.0	]
G	[ 179.0	318.0	45.0	22.0	206.0	27.0	-0.0	0.0	-0.0	-0.0	13.0	181.0	]
T	[ 136.0	91.0	221.0	544.0	162.0	540.0	593.0	-0.0	654.0	41.0	459.0	179.0	]
Motif #2
total sequences 387
A	[ 26.0	49.0	246.0	-0.0	33.0	0.0	0.0	-0.0	9.0	10.0	60.0	37.0	60.0	]
C	[ 201.0	184.0	41.0	274.0	0.0	-0.0	376.0	383.0	-0.0	105.0	75.0	91.0	99.0	]
G	[ 33.0	48.0	42.0	-0.0	0.0	0.0	-0.0	-0.0	-0.0	225.0	32.0	91.0	52.0	]
T	[ 127.0	106.0	58.0	113.0	354.0	387.0	11.0	4.0	378.0	47.0	220.0	168.0	176.0	]
Motif #3
total sequences 373
A	[ 64.0	4.0	61.0	82.0	1.0	54.0	57.0	0.0	35.0	0.0	63.0	82.0	54.0	39.0	12.0	32.0	43.0	106.0	29.0	0.0	87.0	20.0	59.0	]
C	[ 171.0	162.0	134.0	94.0	214.0	168.0	69.0	258.0	198.0	238.0	183.0	187.0	231.0	147.0	188.0	262.0	247.0	102.0	183.0	296.0	124.0	222.0	209.0	]
G	[ 39.0	0.0	54.0	60.0	62.0	23.0	34.0	28.0	0.0	14.0	0.0	21.0	4.0	7.0	48.0	0.0	-0.0	21.0	53.0	0.0	4.0	0.0	16.0	]
T	[ 99.0	207.0	124.0	137.0	96.0	128.0	213.0	87.0	140.0	121.0	127.0	83.0	84.0	180.0	125.0	79.0	83.0	144.0	108.0	77.0	158.0	131.0	89.0	]
Motif #4
total sequences 254
A	[ 57.0	19.0	36.0	28.0	26.0	14.0	20.0	29.0	49.0	8.0	35.0	45.0	0.0	54.0	-0.0	38.0	49.0	23.0	44.0	35.0	17.0	0.0	0.0	69.0	48.0	43.0	66.0	8.0	]
C	[ 14.0	-0.0	32.0	36.0	30.0	55.0	32.0	1.0	6.0	33.0	15.0	4.0	60.0	-0.0	16.0	-0.0	-0.0	46.0	48.0	-0.0	55.0	71.0	64.0	19.0	50.0	67.0	18.0	66.0	]
G	[ 39.0	115.0	53.0	44.0	37.0	45.0	59.0	97.0	91.0	8.0	46.0	31.0	106.0	19.0	54.0	-0.0	52.0	86.0	2.0	11.0	45.0	8.0	24.0	33.0	44.0	8.0	26.0	52.0	]
T	[ 144.0	120.0	133.0	146.0	161.0	140.0	143.0	127.0	108.0	205.0	158.0	174.0	88.0	181.0	184.0	216.0	153.0	99.0	160.0	208.0	137.0	175.0	166.0	133.0	112.0	136.0	144.0	128.0	]
Motif #5
total sequences 239
A	[ 63.0	192.0	0.0	239.0	0.0	14.0	51.0	12.0	54.0	239.0	2.0	0.0	72.0	]
C	[ 85.0	-0.0	-0.0	-0.0	1.0	97.0	70.0	51.0	3.0	-0.0	-0.0	239.0	1.0	]
G	[ 42.0	0.0	239.0	0.0	0.0	70.0	66.0	10.0	3.0	0.0	0.0	0.0	5.0	]
T	[ 49.0	47.0	0.0	-0.0	238.0	58.0	52.0	166.0	179.0	0.0	237.0	-0.0	161.0	]
Motif #6
total sequences 129
A	[ 21.0	25.0	3.0	13.0	129.0	0.0	0.0	28.0	10.0	16.0	47.0	42.0	27.0	127.0	0.0	0.0	39.0	33.0	34.0	]
C	[ 30.0	53.0	30.0	-0.0	-0.0	1.0	129.0	0.0	49.0	51.0	37.0	30.0	60.0	0.0	0.0	129.0	2.0	27.0	35.0	]
G	[ 29.0	29.0	4.0	0.0	0.0	0.0	0.0	-0.0	30.0	8.0	23.0	22.0	38.0	2.0	0.0	0.0	0.0	44.0	19.0	]
T	[ 49.0	22.0	92.0	116.0	0.0	128.0	-0.0	101.0	40.0	54.0	22.0	35.0	4.0	-0.0	129.0	-0.0	88.0	25.0	41.0	]
Motif #7
total sequences 101
A	[ 11.0	1.0	-0.0	-0.0	1.0	1.0	3.0	5.0	3.0	15.0	36.0	0.0	]
C	[ -0.0	5.0	-0.0	-0.0	-0.0	0.0	1.0	-0.0	9.0	50.0	24.0	18.0	]
G	[ 5.0	90.0	0.0	89.0	100.0	30.0	2.0	-0.0	21.0	31.0	6.0	9.0	]
T	[ 85.0	5.0	101.0	12.0	-0.0	70.0	95.0	96.0	68.0	5.0	35.0	74.0	]
Motif #8
total sequences 92
A	[ 7.0	1.0	8.0	0.0	0.0	28.0	-0.0	-0.0	5.0	9.0	18.0	30.0	]
C	[ 1.0	-0.0	-0.0	-0.0	-0.0	11.0	-0.0	-0.0	-0.0	-0.0	15.0	21.0	]
G	[ 72.0	91.0	77.0	92.0	92.0	0.0	85.0	92.0	87.0	83.0	50.0	33.0	]
T	[ 12.0	0.0	7.0	-0.0	0.0	53.0	7.0	-0.0	-0.0	0.0	9.0	8.0	]
Motif #9
total sequences 56
A	[ 9.0	0.0	8.0	56.0	0.0	0.0	10.0	3.0	8.0	26.0	11.0	56.0	0.0	0.0	16.0	9.0	13.0	20.0	6.0	14.0	18.0	8.0	21.0	]
C	[ 25.0	12.0	0.0	0.0	0.0	56.0	3.0	25.0	25.0	7.0	21.0	0.0	-0.0	56.0	0.0	18.0	32.0	9.0	14.0	32.0	5.0	22.0	9.0	]
G	[ 11.0	0.0	0.0	0.0	0.0	0.0	0.0	9.0	1.0	0.0	24.0	0.0	0.0	0.0	0.0	22.0	1.0	6.0	20.0	1.0	17.0	20.0	6.0	]
T	[ 11.0	44.0	48.0	0.0	56.0	0.0	43.0	19.0	22.0	23.0	0.0	0.0	56.0	0.0	40.0	7.0	10.0	21.0	16.0	9.0	16.0	6.0	20.0	]
Motif #10
total sequences 46
A	[ 30.0	7.0	1.0	46.0	-0.0	10.0	39.0	0.0	23.0	3.0	-0.0	0.0	6.0	29.0	6.0	]
C	[ 0.0	39.0	45.0	0.0	31.0	20.0	-0.0	0.0	0.0	0.0	0.0	0.0	35.0	0.0	18.0	]
G	[ 9.0	-0.0	0.0	0.0	15.0	-0.0	3.0	46.0	23.0	23.0	46.0	45.0	0.0	14.0	22.0	]
T	[ 7.0	0.0	0.0	-0.0	0.0	16.0	4.0	0.0	0.0	20.0	0.0	1.0	5.0	3.0	-0.0	]
Motif #11
total sequences 40
A	[ 7.0	-0.0	-0.0	-0.0	-0.0	-0.0	-0.0	10.0	7.0	1.0	6.0	18.0	]
C	[ 33.0	-0.0	-0.0	-0.0	-0.0	-0.0	0.0	-0.0	10.0	30.0	0.0	13.0	]
G	[ -0.0	-0.0	40.0	-0.0	40.0	40.0	3.0	4.0	9.0	0.0	-0.0	-0.0	]
T	[ 0.0	40.0	0.0	40.0	-0.0	-0.0	37.0	26.0	14.0	9.0	34.0	9.0	]
Motif #12
total sequences 27
A	[ -0.0	27.0	26.0	27.0	0.0	24.0	27.0	18.0	0.0	24.0	27.0	23.0	]
C	[ 24.0	0.0	-0.0	0.0	22.0	3.0	0.0	0.0	27.0	3.0	0.0	0.0	]
G	[ 0.0	0.0	0.0	0.0	-0.0	-0.0	0.0	9.0	0.0	-0.0	0.0	3.0	]
T	[ 3.0	0.0	1.0	0.0	5.0	0.0	-0.0	-0.0	0.0	0.0	0.0	1.0	]
Motif #13
total sequences 23
A	[ -0.0	-0.0	5.0	-0.0	3.0	5.0	-0.0	3.0	-0.0	-0.0	23.0	1.0	]
C	[ 2.0	12.0	-0.0	9.0	19.0	3.0	-0.0	-0.0	10.0	-0.0	-0.0	-0.0	]
G	[ -0.0	-0.0	0.0	14.0	-0.0	0.0	15.0	-0.0	-0.0	-0.0	-0.0	-0.0	]
T	[ 21.0	11.0	18.0	-0.0	1.0	15.0	8.0	20.0	13.0	23.0	-0.0	22.0	]
Motif #1; total sequences 655; NNNTNTTATCtN / NaGATAANANNN
Motif #2; total sequences 387; cNacTTCCTgtNN / NNacAGGAAgtNg
Motif #3; total sequences 373; NtNNcNtcccNccNcccNNcNcc / ggNgNNgggNggNgggaNgNNaN
Motif #4; total sequences 254; tKtttttNNTttNttTtNtTttttNttt / aaaNaaaaAaNaAaaNaaANNaaaaaMa
Motif #5; total sequences 239; NAGATNNttATCt / aGATaaNNATCTN
Motif #6; total sequences 129; NNtTATCtNNNNNATCtNN / NNaGATNNNNNaGATAaNN
Motif #7; total sequences 101; TGTGGtTTtNNt / aNNaAAaCCACA
Motif #8; total sequences 92; gGGGGtGGGGgN / NcCCCCaCCCCc
Motif #9; total sequences 56; NtTATCtNNNNATCtNcNNcNNN / NNNgNNgNaGATNNNNaGATAaN
Motif #10; total sequences 46; aCCAcNAGRKGGcaN / NtgCCMYCTNgTGGt
Motif #11; total sequences 40; CTGTGGTtNcTN / NAgNaACCACAG
Motif #12; total sequences 27; CAAACAAaCAAA / TTTGtTTGTTTG
Motif #13; total sequences 23; TctgCtgTtTAT / ATAaAcaGcagA

Full posterior for run 1 is 14173.171562
