1	chr1:4776043-4776557	2	148	NA	NA	NA	NA	
2	chr1:6444160-6445158	2	-34	NA	NA	NA	NA	
3	chr1:7143290-7143850	3	NA	67	NA	NA	NA	
4	chr1:9671914-9672572	2	115	NA	NA	NA	NA	
5	chr1:10310627-10311059	2	-41	NA	187	NA	NA	
6	chr1:10820932-10821411	3	NA	-49	NA	NA	NA	
7	chr1:13559302-13559750	2	63	NA	NA	NA	NA	
8	chr1:14086364-14086863	4	NA	NA	53	NA	NA	
9	chr1:16602705-16603296	3	NA	114	NA	NA	NA	
10	chr1:24565712-24569728	2	49	NA	NA	NA	NA	
11	chr1:34181341-34181720	1	NA	NA	NA	NA	NA	
12	chr1:35881023-35881523	2	-72	NA	NA	NA	NA	
13	chr1:36535850-36536331	2	100	NA	NA	NA	NA	
14	chr1:36667629-36668145	2	71	NA	NA	NA	NA	
15	chr1:36864863-36865559	2	-185	NA	-53	NA	NA	
16	chr1:36872155-36872787	1	NA	NA	NA	NA	NA	
17	chr1:37261814-37262338	3	NA	101	NA	NA	NA	
18	chr1:37527387-37527785	1	NA	NA	NA	NA	NA	
19	chr1:38828267-38828857	3	NA	66	NA	NA	NA	
20	chr1:39478785-39479270	1	NA	NA	NA	NA	NA	
21	chr1:39952375-39952854	3	NA	-168	NA	NA	NA	
22	chr1:40157755-40158368	2	7	NA	NA	NA	NA	
23	chr1:40215593-40216288	1	NA	NA	NA	NA	NA	
24	chr1:40419955-40420865	3	NA	-68	NA	NA	NA	
25	chr1:40633080-40633599	2	-20	NA	NA	NA	NA	
26	chr1:43113391-43113936	4	NA	NA	NA	135	NA	
27	chr1:43298116-43298694	3	NA	17	NA	NA	NA	
28	chr1:43408306-43408672	2	100	NA	NA	NA	NA	
29	chr1:43427137-43427639	4	NA	NA	NA	131	NA	
30	chr1:45768785-45769575	2	145	NA	NA	NA	NA	
31	chr1:51393094-51393646	1	NA	NA	NA	NA	NA	
32	chr1:51537811-51538909	1	NA	NA	NA	NA	NA	
33	chr1:52074557-52075028	3	NA	45	NA	NA	NA	
34	chr1:53739514-53740134	1	NA	NA	NA	NA	NA	
35	chr1:53758810-53759367	1	NA	NA	NA	NA	NA	
36	chr1:53853750-53854202	4	NA	NA	NA	75	NA	
37	chr1:54030803-54031327	1	NA	NA	NA	NA	NA	
38	chr1:54366062-54366604	4	NA	NA	33	NA	NA	
39	chr1:54604949-54605363	3	NA	-180	NA	NA	NA	
40	chr1:54819587-54820127	1	NA	NA	NA	NA	NA	
41	chr1:55381076-55381605	3	NA	-109	NA	NA	NA	
42	chr1:55390620-55391038	1	NA	NA	NA	NA	NA	
43	chr1:57374132-57374479	4	NA	NA	NA	NA	96	
44	chr1:57545239-57545656	4	NA	NA	-88	NA	NA	
45	chr1:58714469-58715012	2	-124	NA	NA	NA	NA	
46	chr1:59117370-59118031	2	125	NA	147	NA	NA	
47	chr1:59420157-59420715	2	84	NA	NA	NA	NA	
48	chr1:59948076-59948510	3	NA	-160	NA	NA	NA	
49	chr1:60019310-60019870	1	NA	NA	NA	NA	NA	
50	chr1:60352951-60353491	1	NA	NA	NA	NA	NA	
51	chr1:60457733-60458142	1	NA	NA	NA	NA	NA	
52	chr1:60658159-60658787	1	NA	NA	NA	NA	NA	
53	chr1:60721340-60722288	4	NA	NA	173	NA	NA	
54	chr1:60827211-60827902	1	NA	NA	NA	NA	NA	
55	chr1:60855192-60856070	3	NA	-58	NA	NA	NA	
56	chr1:60930613-60931185	2	-55	NA	NA	NA	NA	
57	chr1:62573324-62573736	1	NA	NA	NA	NA	NA	
58	chr1:63063540-63064066	2	-133	NA	NA	NA	NA	
59	chr1:64018932-64019450	3	NA	-128	NA	NA	NA	
60	chr1:64799025-64799505	3	NA	40	NA	NA	NA	
61	chr1:66485628-66486273	4	NA	NA	150	NA	NA	
62	chr1:66947192-66947954	2	-84	NA	NA	NA	NA	
63	chr1:69446760-69447295	2	-101	NA	NA	NA	NA	
64	chr1:69590485-69591087	1	NA	NA	NA	NA	NA	
65	chr1:69613840-69614599	1	NA	NA	NA	NA	NA	
66	chr1:70933353-70933957	3	NA	73	NA	NA	NA	
67	chr1:74701498-74702044	2	-93	NA	NA	NA	NA	
68	chr1:78581626-78582151	4	NA	NA	NA	-107	NA	
69	chr1:80092993-80093447	1	NA	NA	NA	NA	NA	
70	chr1:80268680-80269092	4	NA	NA	-8	NA	NA	
71	chr1:80525536-80526157	3	NA	125	NA	NA	NA	
72	chr1:81160531-81160930	1	NA	NA	NA	NA	NA	
73	chr1:81169296-81169773	1	NA	NA	NA	NA	NA	
74	chr1:87517638-87518150	3	NA	112	NA	NA	NA	
75	chr1:87529184-87529609	4	NA	NA	-102	NA	NA	
76	chr1:87727853-87728263	3	NA	104	118	NA	NA	
77	chr1:87879311-87879756	4	NA	NA	-38	NA	NA	
78	chr1:88175165-88175805	4	NA	NA	NA	-142	NA	
79	chr1:88414748-88415344	4	NA	NA	NA	121	NA	
80	chr1:89438826-89439166	4	NA	NA	-34	NA	NA	
81	chr1:89669055-89669420	2	-76	NA	NA	NA	NA	
82	chr1:89730666-89731328	2	-87	NA	12	NA	NA	
83	chr1:89733298-89733946	2	-37	NA	NA	NA	NA	
84	chr1:89741208-89741950	3	NA	147	NA	NA	NA	
85	chr1:89766934-89767313	2	24	NA	NA	NA	NA	
86	chr1:90108765-90109459	3	NA	-115	NA	NA	NA	
87	chr1:90306503-90307071	4	NA	NA	-151	NA	NA	
88	chr1:90409036-90409589	2	-27	NA	NA	NA	NA	
89	chr1:90515864-90516133	2	-113	NA	NA	NA	NA	
90	chr1:90540132-90540761	2	9	NA	NA	NA	NA	
91	chr1:93509072-93509567	1	NA	NA	NA	NA	NA	
92	chr1:93899717-93900322	2	84	NA	NA	NA	NA	
93	chr1:95290346-95290830	2	-158	NA	NA	NA	NA	
94	chr1:95484507-95484981	1	NA	NA	NA	NA	NA	
95	chr1:96634173-96634671	3	NA	-61	NA	NA	NA	
96	chr1:97485780-97486608	2	24	NA	NA	NA	NA	
97	chr1:107370577-107371085	1	NA	NA	NA	NA	NA	
98	chr1:107979279-107979860	1	NA	NA	NA	NA	NA	
99	chr1:108145715-108146321	2	32	NA	123	NA	NA	
100	chr1:108216280-108216792	1	NA	NA	NA	NA	NA	
101	chr1:108490605-108491174	3	NA	38	NA	NA	NA	
102	chr1:108698283-108698884	1	NA	NA	NA	NA	NA	
103	chr1:120273363-120274003	4	NA	NA	NA	70	NA	
104	chr1:120304403-120305112	3	NA	-75	NA	NA	NA	
105	chr1:121319452-121319891	2	-119	NA	NA	NA	NA	
106	chr1:122060544-122060854	1	NA	NA	NA	NA	NA	
107	chr1:127294139-127294627	2	-163	NA	NA	NA	NA	
108	chr1:127326515-127326815	2	-91	NA	NA	NA	NA	
109	chr1:127690531-127690900	1	NA	NA	NA	NA	NA	
110	chr1:129042350-129042862	2	-61	NA	NA	NA	NA	
111	chr1:129136598-129137028	1	NA	NA	NA	NA	NA	
112	chr1:129143300-129143767	3	NA	93	NA	NA	NA	
113	chr1:129177124-129177545	3	NA	-32	NA	NA	NA	
114	chr1:129191061-129191929	2	173	NA	NA	NA	NA	
115	chr1:130154687-130155090	1	NA	NA	NA	NA	NA	
116	chr1:130305783-130306267	3	NA	-153	NA	NA	NA	
117	chr1:130418094-130418505	1	NA	NA	NA	NA	NA	
118	chr1:130442240-130442694	4	NA	NA	NA	156	NA	
119	chr1:132571461-132571804	3	NA	-49	NA	NA	NA	
120	chr1:132625039-132625615	1	NA	NA	NA	NA	NA	
121	chr1:132907300-132907855	1	NA	NA	NA	NA	NA	
122	chr1:133031911-133032431	3	NA	146	129	NA	NA	
123	chr1:133177682-133178140	3	NA	-31	NA	NA	NA	
124	chr1:133838118-133838604	2	-168	NA	NA	NA	NA	
125	chr1:134209151-134209683	1	NA	NA	NA	NA	NA	
126	chr1:134966948-134967523	1	NA	NA	NA	NA	NA	
127	chr1:135085166-135085493	1	NA	NA	NA	NA	NA	
128	chr1:135372556-135373047	4	NA	NA	-97	NA	NA	
129	chr1:135398735-135399246	1	NA	NA	NA	NA	NA	
130	chr1:135881740-135882196	4	NA	NA	100	NA	NA	
131	chr1:136681866-136682225	3	NA	144	NA	NA	NA	
132	chr1:136807929-136808458	2	-105	NA	NA	NA	NA	
133	chr1:136947507-136947912	3	NA	-46	32	NA	NA	
134	chr1:137372169-137372678	3	NA	-145	NA	NA	NA	
135	chr1:137448005-137448547	4	NA	NA	-16	NA	NA	
136	chr1:138395736-138396282	2	-122	NA	NA	NA	NA	
137	chr1:138416927-138417363	3	NA	145	NA	NA	NA	
138	chr1:138501774-138502211	4	NA	NA	-108	NA	NA	
139	chr1:138516073-138516359	2	-83	NA	NA	NA	NA	
140	chr1:139622871-139624184	2	116	NA	NA	NA	NA	
141	chr1:139688776-139689177	1	NA	NA	NA	NA	NA	
142	chr1:139761616-139762032	2	-137	NA	NA	NA	NA	
143	chr1:139952700-139953601	1	NA	NA	NA	NA	NA	
144	chr1:140120268-140120804	1	NA	NA	NA	NA	NA	
145	chr1:140662769-140663165	4	NA	NA	NA	NA	42	
146	chr1:140792083-140792787	3	NA	169	NA	NA	NA	
147	chr1:140894154-140894934	2	120	NA	NA	NA	NA	
148	chr1:143700929-143701406	1	NA	NA	NA	NA	NA	
149	chr1:145017300-145017859	4	NA	NA	NA	78	NA	
150	chr1:145125861-145126358	2	-8	NA	NA	NA	NA	
151	chr1:145768334-145769600	2	5	NA	NA	NA	NA	
152	chr1:145795695-145796155	3	NA	46	59	NA	NA	
153	chr1:145838916-145839200	2	-57	NA	-143	NA	NA	
154	chr1:145975311-145976077	3	NA	-33	NA	NA	NA	
155	chr1:146018999-146019785	3	NA	57	NA	NA	NA	
156	chr1:146168700-146168986	4	NA	NA	NA	NA	-13	
157	chr1:146262009-146262766	2	-186	NA	NA	NA	NA	
158	chr1:153250479-153251018	2	22	NA	NA	NA	NA	
159	chr1:153515716-153516643	3	NA	137	NA	NA	NA	
160	chr1:153846829-153847513	2	49	NA	NA	NA	NA	
161	chr1:154282912-154283346	2	162	NA	NA	NA	NA	
162	chr1:154541654-154542083	1	NA	NA	NA	NA	NA	
163	chr1:155141893-155142405	1	NA	NA	NA	NA	NA	
164	chr1:155242385-155242943	1	NA	NA	NA	NA	NA	
165	chr1:156917076-156917789	2	-140	NA	NA	NA	NA	
166	chr1:157084492-157084909	2	106	NA	NA	NA	NA	
167	chr1:157546356-157546819	1	NA	NA	NA	NA	NA	
168	chr1:157569115-157569499	3	NA	123	NA	NA	NA	
169	chr1:158101152-158101601	1	NA	NA	NA	NA	NA	
170	chr1:158117158-158117637	2	102	NA	NA	NA	NA	
171	chr1:158410726-158411233	1	NA	NA	NA	NA	NA	
172	chr1:158510191-158510457	2	126	NA	-103	NA	NA	
173	chr1:158746615-158746964	1	NA	NA	NA	NA	NA	
174	chr1:158827612-158828177	4	NA	NA	134	NA	NA	
175	chr1:159317791-159318573	4	NA	NA	NA	-147	NA	
176	chr1:161571693-161572174	2	173	NA	-77	NA	NA	
177	chr1:161597274-161597808	4	NA	NA	-156	NA	NA	
178	chr1:161864112-161864575	4	NA	NA	NA	64	NA	
179	chr1:161890311-161890718	2	55	NA	-82	NA	NA	
180	chr1:162504033-162504455	3	NA	130	NA	NA	NA	
181	chr1:163507399-163508262	2	102	NA	19	NA	NA	
182	chr1:163724298-163724757	2	-42	NA	NA	NA	NA	
183	chr1:165739969-165740577	2	-32	NA	NA	NA	NA	
184	chr1:166770323-166770946	3	NA	121	-157	NA	NA	
185	chr1:166851034-166851591	1	NA	NA	NA	NA	NA	
186	chr1:167490454-167491000	1	NA	NA	NA	NA	NA	
187	chr1:167545916-167546566	2	-87	NA	NA	NA	NA	
188	chr1:167681602-167682129	2	16	NA	NA	NA	NA	
189	chr1:167719493-167720164	3	NA	-55	NA	NA	NA	
190	chr1:167803546-167804161	3	NA	38	NA	NA	NA	
191	chr1:167822684-167823247	3	NA	149	NA	NA	NA	
192	chr1:167851047-167851681	3	NA	86	NA	NA	NA	
193	chr1:167851922-167852140	1	NA	NA	NA	NA	NA	
194	chr1:168679894-168680307	3	NA	134	NA	NA	NA	
195	chr1:171368858-171369317	3	NA	89	NA	NA	NA	
196	chr1:172554543-172555228	3	NA	157	NA	NA	NA	
197	chr1:172787254-172788037	4	NA	NA	181	NA	NA	
198	chr1:173608732-173609390	2	-33	NA	NA	NA	NA	
199	chr1:173652236-173652627	3	NA	136	NA	NA	NA	
200	chr1:173851747-173852355	3	NA	143	NA	NA	NA	
201	chr1:175877337-175878093	2	-159	NA	-7	NA	NA	
202	chr1:178682186-178682655	4	NA	NA	-136	NA	NA	
203	chr1:178822879-178823272	1	NA	NA	NA	NA	NA	
204	chr1:179095887-179096143	3	NA	-65	NA	NA	NA	
205	chr1:181006345-181006842	1	NA	NA	NA	NA	NA	
206	chr1:181396185-181396500	1	NA	NA	NA	NA	NA	
207	chr1:181945557-181946172	3	NA	132	NA	NA	NA	
208	chr1:182101138-182101567	2	-156	NA	NA	NA	NA	
209	chr1:182174994-182175933	1	NA	NA	NA	NA	NA	
210	chr1:182224981-182225341	3	NA	-127	NA	NA	NA	
211	chr1:182661508-182661831	1	NA	NA	NA	NA	NA	
212	chr1:182753804-182754087	2	90	NA	NA	NA	NA	
213	chr1:182960918-182961233	3	NA	-17	NA	NA	NA	
214	chr1:184046959-184047334	1	NA	NA	NA	NA	NA	
215	chr1:184194799-184195173	4	NA	NA	-32	NA	NA	
216	chr1:185361232-185361880	1	NA	NA	NA	NA	NA	
217	chr1:185792486-185792913	1	NA	NA	NA	NA	NA	
218	chr1:185802392-185803061	2	-63	NA	NA	NA	NA	
219	chr1:186080117-186080932	1	NA	NA	NA	NA	NA	
220	chr1:191309313-191310131	2	30	NA	NA	NA	NA	
221	chr1:192894380-192894942	1	NA	NA	NA	NA	NA	
222	chr1:193327677-193328129	2	-90	NA	NA	NA	NA	
223	chr1:194852055-194852294	1	NA	NA	NA	NA	NA	
224	chr1:195251210-195251930	2	178	NA	NA	NA	NA	
225	chr1:195549319-195549743	4	NA	NA	NA	-139	NA	
226	chr1:196942202-196942595	1	NA	NA	NA	NA	NA	
227	chr10:3460707-3461135	2	97	NA	NA	NA	NA	
228	chr10:5543378-5543782	1	NA	NA	NA	NA	NA	
229	chr10:5673825-5674129	1	NA	NA	NA	NA	NA	
230	chr10:7229351-7229687	1	NA	NA	NA	NA	NA	
231	chr10:7320421-7320905	2	-94	NA	NA	NA	NA	
232	chr10:7352540-7353047	1	NA	NA	NA	NA	NA	
233	chr10:7657165-7657761	1	NA	NA	NA	NA	NA	
234	chr10:8221854-8222181	2	-36	NA	-64	NA	NA	
235	chr10:10014296-10014843	2	105	NA	NA	NA	NA	
236	chr10:10045536-10045999	3	NA	-161	NA	NA	NA	
237	chr10:12501604-12502123	2	175	NA	NA	NA	NA	
238	chr10:12550528-12551048	4	NA	NA	-142	NA	NA	
239	chr10:12697747-12698237	1	NA	NA	NA	NA	NA	
240	chr10:13396884-13397335	2	141	NA	NA	NA	NA	
241	chr10:13678719-13679224	1	NA	NA	NA	NA	NA	
242	chr10:13683574-13684171	2	-156	NA	62	NA	NA	
243	chr10:13688750-13689736	3	NA	81	NA	NA	NA	
244	chr10:13776871-13777544	2	-157	NA	NA	NA	NA	
245	chr10:13805893-13806754	4	NA	NA	24	-93	NA	
246	chr10:17417932-17418753	4	NA	NA	11	NA	NA	
247	chr10:17655353-17655854	3	NA	-72	NA	NA	NA	
248	chr10:18353272-18353817	3	NA	143	NA	NA	NA	
249	chr10:18642559-18643179	2	31	NA	-167	NA	NA	
250	chr10:18751540-18752389	2	14	NA	NA	NA	NA	
251	chr10:18847046-18847506	1	NA	NA	NA	NA	NA	
252	chr10:18875619-18876442	1	NA	NA	NA	NA	NA	
253	chr10:18915890-18916490	2	60	NA	NA	-91	NA	
254	chr10:18957167-18957761	3	NA	-173	NA	NA	NA	
255	chr10:19194590-19195583	1	NA	NA	NA	NA	NA	
256	chr10:19255137-19255717	1	NA	NA	NA	NA	NA	
257	chr10:19309100-19309525	1	NA	NA	NA	NA	NA	
258	chr10:19407464-19408000	2	65	NA	NA	NA	NA	
259	chr10:19436918-19437509	3	NA	87	NA	NA	NA	
260	chr10:19591596-19592164	3	NA	-116	NA	NA	NA	
261	chr10:19604415-19605254	2	47	NA	NA	NA	NA	
262	chr10:19628488-19629203	3	NA	-90	NA	NA	NA	
263	chr10:20223196-20223778	2	98	NA	135	NA	NA	
264	chr10:20472441-20472885	1	NA	NA	NA	NA	NA	
265	chr10:20789910-20790507	1	NA	NA	NA	NA	NA	
266	chr10:21831769-21832407	1	NA	NA	NA	NA	NA	
267	chr10:23980770-23981291	3	NA	-74	NA	NA	NA	
268	chr10:24279816-24280417	1	NA	NA	NA	NA	NA	
269	chr10:25093540-25094204	4	NA	NA	NA	48	NA	
270	chr10:26014382-26015110	1	NA	NA	NA	NA	NA	
271	chr10:26047941-26048900	3	NA	132	NA	NA	NA	
272	chr10:26065091-26065368	1	NA	NA	NA	NA	NA	
273	chr10:26486615-26487140	2	-177	NA	NA	NA	NA	
274	chr10:28283366-28283930	3	NA	-90	NA	NA	NA	
275	chr10:30350290-30350810	2	54	NA	NA	NA	NA	
276	chr10:30405579-30406024	2	154	NA	NA	NA	NA	
277	chr10:33726015-33726481	1	NA	NA	NA	NA	NA	
278	chr10:38810626-38811207	3	NA	-123	NA	NA	NA	
279	chr10:39353363-39353743	2	5	NA	NA	NA	NA	
280	chr10:39372249-39372644	3	NA	-93	NA	NA	NA	
281	chr10:39502583-39503200	2	-126	NA	NA	NA	NA	
282	chr10:39680401-39680884	3	NA	-116	NA	NA	NA	
283	chr10:39842584-39843246	4	NA	NA	NA	NA	-145	
284	chr10:40135810-40136297	1	NA	NA	NA	NA	NA	
285	chr10:41745714-41746045	1	NA	NA	NA	NA	NA	
286	chr10:41828168-41828694	3	NA	53	NA	NA	NA	
287	chr10:42556482-42556871	4	NA	NA	21	NA	NA	
288	chr10:42585682-42586351	2	-45	NA	NA	NA	NA	
289	chr10:43094322-43095023	2	107	NA	NA	NA	NA	
290	chr10:43357887-43358403	2	76	NA	NA	NA	NA	
291	chr10:43559008-43559394	3	NA	-175	NA	NA	NA	
292	chr10:43685604-43685952	4	NA	NA	NA	163	NA	
293	chr10:43809860-43810186	1	NA	NA	NA	NA	NA	
294	chr10:44134432-44134824	4	NA	NA	NA	NA	-102	
295	chr10:44695612-44696000	1	NA	NA	NA	NA	NA	
296	chr10:53081702-53082192	3	NA	72	NA	NA	NA	
297	chr10:53500519-53501231	3	NA	111	NA	NA	NA	
298	chr10:53629967-53630626	3	NA	34	NA	NA	NA	
299	chr10:53721108-53721652	2	-132	NA	NA	NA	NA	
300	chr10:53736271-53737012	1	NA	NA	NA	NA	NA	
301	chr10:55881850-55882606	4	NA	NA	-25	NA	NA	
302	chr10:56170769-56171163	2	-43	NA	NA	NA	NA	
303	chr10:57738750-57739508	2	-59	NA	NA	NA	NA	
304	chr10:57875398-57876071	1	NA	NA	NA	NA	NA	
305	chr10:58787126-58787698	3	NA	-157	NA	NA	NA	
306	chr10:59005398-59005903	2	152	NA	NA	NA	NA	
307	chr10:59343917-59344480	1	NA	NA	NA	NA	NA	
308	chr10:59576171-59576409	1	NA	NA	NA	NA	NA	
309	chr10:61363621-61364057	1	NA	NA	NA	NA	NA	
310	chr10:61724389-61724757	1	NA	NA	NA	NA	NA	
311	chr10:66224826-66225096	1	NA	NA	NA	NA	NA	
312	chr10:66883040-66883384	1	NA	NA	NA	NA	NA	
313	chr10:67360411-67361083	2	-60	NA	NA	NA	NA	
314	chr10:67634341-67634818	2	133	NA	NA	NA	NA	
315	chr10:67634963-67635322	4	NA	NA	NA	73	NA	
316	chr10:67923255-67923640	2	-70	NA	NA	-81	NA	
317	chr10:68563911-68564327	1	NA	NA	NA	NA	NA	
318	chr10:69489077-69489437	4	NA	NA	-107	NA	NA	
319	chr10:74975369-74975956	3	NA	-88	NA	NA	NA	
320	chr10:75252349-75252738	3	NA	-55	NA	NA	NA	
321	chr10:75340848-75341417	2	-132	NA	NA	NA	NA	
322	chr10:75395080-75395648	1	NA	NA	NA	NA	NA	
323	chr10:77635272-77635916	4	NA	NA	NA	94	NA	
324	chr10:77774874-77775526	2	49	NA	NA	NA	NA	
325	chr10:77997488-77998478	1	NA	NA	NA	NA	NA	
326	chr10:79183930-79184379	3	NA	-13	NA	NA	NA	
327	chr10:79311981-79312399	2	46	NA	NA	NA	NA	
328	chr10:79629983-79630532	3	NA	-19	NA	NA	NA	
329	chr10:79836793-79837512	2	76	NA	NA	NA	NA	
330	chr10:80201639-80202059	2	98	NA	NA	NA	NA	
331	chr10:80913305-80913844	3	NA	96	NA	NA	NA	
332	chr10:82434233-82434750	3	NA	-6	NA	NA	NA	
333	chr10:82550512-82551006	3	NA	125	NA	NA	NA	
334	chr10:82566910-82567356	2	140	NA	77	NA	NA	
335	chr10:82573152-82573825	2	43	NA	NA	NA	NA	
336	chr10:84078522-84079184	2	-62	NA	NA	NA	NA	
337	chr10:84205135-84205650	4	NA	NA	NA	130	NA	
338	chr10:92500392-92501032	1	NA	NA	NA	NA	NA	
339	chr10:92553718-92554853	1	NA	NA	NA	NA	NA	
340	chr10:92575475-92576099	4	NA	NA	NA	NA	-139	
341	chr10:92592108-92592762	1	NA	NA	NA	NA	NA	
342	chr10:92765657-92766234	1	NA	NA	NA	NA	NA	
343	chr10:93173079-93173525	3	NA	13	NA	NA	NA	
344	chr10:93848551-93848945	3	NA	43	NA	NA	NA	
345	chr10:94496097-94496984	2	-51	NA	NA	NA	NA	
346	chr10:94848198-94848553	4	NA	NA	NA	98	NA	
347	chr10:94946423-94947011	1	NA	NA	NA	NA	NA	
348	chr10:95148326-95148745	2	168	NA	NA	NA	NA	
349	chr10:95210964-95211317	4	NA	NA	NA	NA	106	
350	chr10:95507170-95507615	2	-70	NA	NA	NA	NA	
351	chr10:95735456-95735885	2	-40	NA	NA	NA	NA	
352	chr10:95926171-95926593	1	NA	NA	NA	NA	NA	
353	chr10:96154443-96154846	2	188	NA	NA	NA	NA	
354	chr10:98624293-98624708	1	NA	NA	NA	NA	NA	
355	chr10:98823216-98823423	1	NA	NA	NA	NA	NA	
356	chr10:98846270-98846912	3	NA	-149	NA	NA	NA	
357	chr10:98881036-98881479	2	26	NA	NA	NA	NA	
358	chr10:105001241-105001767	4	NA	NA	171	NA	NA	
359	chr10:105070590-105071222	2	125	NA	NA	NA	NA	
360	chr10:107336423-107336724	3	NA	-96	NA	NA	NA	
361	chr10:110145903-110146603	2	116	NA	NA	NA	NA	
362	chr10:110506362-110506856	4	NA	NA	112	NA	NA	
363	chr10:110511970-110512503	1	NA	NA	NA	NA	NA	
364	chr10:114501287-114501755	3	NA	95	NA	NA	NA	
365	chr10:115953244-115953745	2	89	NA	NA	NA	NA	
366	chr10:116585482-116585878	2	6	NA	NA	NA	NA	
367	chr10:116781214-116781812	1	NA	NA	NA	NA	NA	
368	chr10:116901969-116902576	3	NA	74	NA	NA	NA	
369	chr10:117187603-117188101	1	NA	NA	NA	NA	NA	
370	chr10:117246825-117247335	2	52	NA	NA	NA	NA	
371	chr10:117297854-117298199	1	NA	NA	NA	NA	NA	
372	chr10:117321263-117321862	1	NA	NA	NA	NA	NA	
373	chr10:117355786-117356287	2	93	NA	NA	NA	NA	
374	chr10:117575266-117576021	2	-151	NA	NA	NA	NA	
375	chr10:117883902-117885338	3	NA	-142	NA	NA	NA	
376	chr10:117910572-117910958	1	NA	NA	NA	NA	NA	
377	chr10:120298629-120299251	2	-189	NA	NA	NA	NA	
378	chr10:120667060-120667539	1	NA	NA	NA	NA	NA	
379	chr10:121981629-121982260	4	NA	NA	39	NA	NA	
380	chr10:122023371-122024059	2	-67	NA	NA	NA	NA	
381	chr10:122054777-122055688	4	NA	NA	NA	-116	NA	
382	chr10:122220304-122220680	4	NA	NA	NA	NA	-79	
383	chr10:122389608-122389999	2	-153	NA	NA	NA	NA	
384	chr10:125480496-125481231	1	NA	NA	NA	NA	NA	
385	chr10:126597399-126597897	1	NA	NA	NA	NA	NA	
386	chr10:127407791-127408310	3	NA	-73	NA	NA	NA	
387	chr10:127726463-127727066	3	NA	77	-54	NA	NA	
388	chr10:127772118-127772492	1	NA	NA	NA	NA	NA	
389	chr10:127907399-127908136	3	NA	64	156	NA	NA	
390	chr10:127929154-127929579	1	NA	NA	NA	NA	NA	
391	chr10:129725268-129726673	1	NA	NA	NA	NA	NA	
392	chr10:129739289-129739764	3	NA	-124	93	NA	NA	
393	chr11:3075914-3076796	1	NA	NA	NA	NA	NA	
394	chr11:3101712-3102233	3	NA	-170	NA	NA	NA	
395	chr11:3213094-3213741	2	-108	NA	89	NA	NA	
396	chr11:4103077-4103594	2	-150	NA	NA	NA	NA	
397	chr11:4146696-4147239	2	9	NA	NA	NA	NA	
398	chr11:5153379-5154197	4	NA	NA	-63	NA	NA	
399	chr11:5195532-5196287	4	NA	NA	NA	-119	NA	
400	chr11:5197527-5198137	3	NA	-108	NA	NA	NA	
401	chr11:5311531-5312439	3	NA	-2	NA	NA	NA	
402	chr11:5342480-5343093	3	NA	162	NA	NA	NA	
403	chr11:5409492-5409919	4	NA	NA	NA	NA	153	
404	chr11:5417467-5417926	4	NA	NA	NA	-99	NA	
405	chr11:5900135-5900476	2	-31	NA	NA	NA	NA	
406	chr11:6463159-6463592	2	-101	NA	NA	NA	NA	
407	chr11:6604851-6605410	1	NA	NA	NA	NA	NA	
408	chr11:8458799-8459247	3	NA	142	NA	NA	NA	
409	chr11:8466289-8466879	4	NA	NA	95	-73	NA	
410	chr11:8692016-8692422	1	NA	NA	NA	NA	NA	
411	chr11:10176142-10176834	4	NA	NA	3	NA	NA	
412	chr11:11369522-11370240	3	NA	123	NA	NA	NA	
413	chr11:11421938-11422430	1	NA	NA	NA	NA	NA	
414	chr11:11463673-11464655	1	NA	NA	NA	NA	NA	
415	chr11:11578860-11579498	4	NA	NA	-76	NA	NA	
416	chr11:11611338-11612141	1	NA	NA	NA	NA	NA	
417	chr11:11626027-11626692	3	NA	-29	NA	NA	NA	
418	chr11:11760560-11760967	2	-184	NA	NA	NA	NA	
419	chr11:20148604-20149217	2	102	NA	NA	NA	NA	
420	chr11:20954084-20954557	4	NA	NA	140	NA	NA	
421	chr11:21081400-21081947	1	NA	NA	NA	NA	NA	
422	chr11:22526172-22526537	3	NA	-186	NA	NA	NA	
423	chr11:22576448-22576926	2	-145	NA	-160	NA	NA	
424	chr11:22592285-22593322	2	164	NA	NA	NA	NA	
425	chr11:22744961-22745608	3	NA	136	NA	NA	NA	
426	chr11:22757735-22758278	1	NA	NA	NA	NA	NA	
427	chr11:22765412-22765910	1	NA	NA	NA	NA	NA	
428	chr11:22819257-22819699	3	NA	65	NA	NA	NA	
429	chr11:23207604-23208200	4	NA	NA	NA	NA	-33	
430	chr11:23607401-23607776	3	NA	-2	NA	NA	NA	
431	chr11:23668525-23669201	1	NA	NA	NA	NA	NA	
432	chr11:23701940-23702402	2	-2	NA	NA	NA	NA	
433	chr11:23719017-23719530	2	-47	NA	NA	NA	NA	
434	chr11:23948998-23949441	3	NA	-112	NA	NA	NA	
435	chr11:30063713-30064326	1	NA	NA	NA	NA	NA	
436	chr11:31570768-31571154	1	NA	NA	NA	NA	NA	
437	chr11:31913689-31914033	2	-102	NA	NA	NA	NA	
438	chr11:31961912-31962298	4	NA	NA	NA	-144	NA	
439	chr11:32095865-32096515	2	11	NA	NA	NA	NA	
440	chr11:32099962-32100656	2	94	NA	NA	NA	NA	
441	chr11:32346002-32346468	4	NA	NA	NA	NA	102	
442	chr11:32548040-32548636	2	98	NA	NA	NA	NA	
443	chr11:32587245-32587699	3	NA	-106	NA	NA	NA	
444	chr11:33838702-33839273	4	NA	NA	103	NA	NA	
445	chr11:33839292-33840213	1	NA	NA	NA	NA	NA	
446	chr11:33993064-33993785	2	52	NA	NA	NA	NA	
447	chr11:34677458-34677863	1	NA	NA	NA	NA	NA	
448	chr11:43274040-43274623	2	180	NA	NA	NA	NA	
449	chr11:43335995-43336490	2	-110	NA	NA	NA	NA	
450	chr11:43367397-43367970	1	NA	NA	NA	NA	NA	
451	chr11:43979561-43980247	1	NA	NA	NA	NA	NA	
452	chr11:45637902-45638425	4	NA	NA	138	NA	NA	
453	chr11:46187077-46187810	2	-44	NA	-15	NA	NA	
454	chr11:46232679-46233321	2	-58	NA	NA	NA	NA	
455	chr11:46264248-46264962	2	159	NA	NA	NA	NA	
456	chr11:46474188-46474433	2	-74	NA	41	NA	NA	
457	chr11:48717807-48718239	4	NA	NA	154	NA	NA	
458	chr11:48924775-48925219	2	147	NA	NA	NA	NA	
459	chr11:49550060-49550598	2	-130	NA	NA	NA	NA	
460	chr11:49829638-49830233	1	NA	NA	NA	NA	NA	
461	chr11:49969065-49969534	1	NA	NA	NA	NA	NA	
462	chr11:51600949-51601453	4	NA	NA	NA	-100	NA	
463	chr11:51792589-51793123	1	NA	NA	NA	NA	NA	
464	chr11:51915669-51916130	1	NA	NA	NA	NA	NA	
465	chr11:52084205-52084890	4	NA	NA	NA	NA	-17	
466	chr11:52127689-52128078	2	-131	NA	NA	NA	NA	
467	chr11:52157345-52158172	2	184	NA	NA	NA	NA	
468	chr11:53173761-53174086	2	156	NA	-138	NA	NA	
469	chr11:53188459-53189119	3	NA	-156	NA	NA	NA	
470	chr11:53293693-53294057	1	NA	NA	NA	NA	NA	
471	chr11:53598319-53598775	2	-39	NA	NA	NA	NA	
472	chr11:53906478-53906941	1	NA	NA	NA	NA	NA	
473	chr11:53983732-53984189	4	NA	NA	162	NA	NA	
474	chr11:54025678-54026119	2	-178	NA	NA	NA	NA	
475	chr11:54280629-54281072	1	NA	NA	NA	NA	NA	
476	chr11:54412058-54412690	2	177	NA	-121	NA	NA	
477	chr11:54710167-54710610	1	NA	NA	NA	NA	NA	
478	chr11:55368922-55369262	4	NA	NA	NA	NA	42	
479	chr11:57480992-57481525	4	NA	NA	6	NA	NA	
480	chr11:57543022-57543569	1	NA	NA	NA	NA	NA	
481	chr11:57782784-57783352	2	90	NA	NA	NA	NA	
482	chr11:58005910-58006251	3	NA	76	-46	NA	NA	
483	chr11:58119164-58119581	3	NA	47	NA	NA	NA	
484	chr11:58598656-58599212	1	NA	NA	NA	NA	NA	
485	chr11:58645667-58646333	1	NA	NA	NA	NA	NA	
486	chr11:58797666-58797933	2	-134	NA	NA	NA	NA	
487	chr11:60046689-60047152	4	NA	NA	NA	-27	NA	
488	chr11:62257507-62257951	1	NA	NA	NA	NA	NA	
489	chr11:62370160-62370641	3	NA	68	NA	NA	NA	
490	chr11:62827828-62828280	1	NA	NA	NA	NA	NA	
491	chr11:62828603-62829001	1	NA	NA	NA	NA	NA	
492	chr11:63724478-63724997	1	NA	NA	NA	NA	NA	
493	chr11:65610896-65611609	1	NA	NA	NA	NA	NA	
494	chr11:68481192-68481645	1	NA	NA	NA	NA	NA	
495	chr11:68680550-68680947	3	NA	142	NA	NA	NA	
496	chr11:68889443-68890107	1	NA	NA	NA	NA	NA	
497	chr11:68933332-68933820	2	-109	NA	NA	NA	NA	
498	chr11:69182657-69183253	4	NA	NA	NA	NA	5	
499	chr11:69748992-69749717	1	NA	NA	NA	NA	NA	
500	chr11:70392335-70392718	4	NA	NA	NA	-142	NA	
501	chr11:71812574-71812971	1	NA	NA	NA	NA	NA	
502	chr11:72262571-72262985	2	-162	NA	NA	NA	NA	
503	chr11:72952657-72953381	3	NA	54	NA	NA	NA	
504	chr11:74334033-74334436	4	NA	NA	NA	55	NA	
505	chr11:74908370-74908916	2	78	NA	NA	NA	NA	
506	chr11:75011446-75012026	3	NA	69	NA	NA	NA	
507	chr11:75167232-75167606	1	NA	NA	NA	NA	NA	
508	chr11:75350676-75351306	1	NA	NA	NA	NA	NA	
509	chr11:75701543-75701989	3	NA	-175	NA	NA	NA	
510	chr11:75772795-75773334	1	NA	NA	NA	NA	NA	
511	chr11:75901024-75901618	2	-72	NA	NA	NA	NA	
512	chr11:76216095-76216635	1	NA	NA	NA	NA	NA	
513	chr11:77218354-77219344	4	NA	NA	NA	180	NA	
514	chr11:77364105-77364653	4	NA	NA	NA	64	NA	
515	chr11:78352346-78352927	1	NA	NA	NA	NA	NA	
516	chr11:78514084-78514569	2	105	NA	NA	NA	NA	
517	chr11:78646495-78646843	2	-77	NA	NA	NA	NA	
518	chr11:79489631-79490170	4	NA	NA	NA	-91	NA	
519	chr11:79686379-79686763	4	NA	NA	114	NA	NA	
520	chr11:80198541-80199169	1	NA	NA	NA	NA	NA	
521	chr11:80240559-80241082	2	-178	NA	NA	NA	NA	
522	chr11:80431192-80431556	1	NA	NA	NA	NA	NA	
523	chr11:82761017-82761429	2	-186	NA	NA	NA	NA	
524	chr11:82856876-82858152	1	NA	NA	NA	NA	NA	
525	chr11:83433394-83434024	3	NA	110	NA	NA	NA	
526	chr11:83990788-83991455	3	NA	-39	NA	NA	NA	
527	chr11:85269932-85270624	2	154	NA	NA	NA	NA	
528	chr11:85553894-85554694	4	NA	NA	NA	-45	NA	
529	chr11:86248312-86248828	2	126	NA	167	NA	NA	
530	chr11:86615499-86616134	2	114	NA	NA	NA	NA	
531	chr11:87061440-87061927	2	-37	NA	NA	NA	NA	
532	chr11:87259566-87260061	1	NA	NA	NA	NA	NA	
533	chr11:87567717-87568323	2	-163	NA	25	NA	NA	
534	chr11:87575259-87576487	1	NA	NA	NA	NA	NA	
535	chr11:87715586-87716041	3	NA	-61	NA	NA	NA	
536	chr11:87885376-87886243	3	NA	153	NA	NA	NA	
537	chr11:87961349-87962191	1	NA	NA	NA	NA	NA	
538	chr11:88430232-88430818	3	NA	-43	NA	NA	NA	
539	chr11:90037014-90037649	3	NA	38	NA	NA	NA	
540	chr11:90064921-90065370	2	-3	NA	NA	NA	NA	
541	chr11:93623317-93623742	1	NA	NA	NA	NA	NA	
542	chr11:93851845-93852577	3	NA	-95	NA	NA	NA	
543	chr11:94407824-94408415	1	NA	NA	NA	NA	NA	
544	chr11:94774581-94775167	4	NA	NA	-59	26	NA	
545	chr11:95172700-95173300	1	NA	NA	NA	NA	NA	
546	chr11:96257522-96258070	2	58	NA	NA	NA	NA	
547	chr11:96276236-96276565	2	20	NA	NA	NA	NA	
548	chr11:96694799-96695181	2	-180	NA	NA	NA	NA	
549	chr11:96845599-96846052	3	NA	-148	NA	NA	NA	
550	chr11:96975022-96975737	4	NA	NA	NA	-74	NA	
551	chr11:97348314-97348783	2	-145	NA	NA	NA	NA	
552	chr11:97480993-97481524	4	NA	NA	68	NA	NA	
553	chr11:97842182-97842668	1	NA	NA	NA	NA	NA	
554	chr11:98285819-98286937	3	NA	-172	NA	NA	NA	
555	chr11:98367529-98368000	1	NA	NA	NA	NA	NA	
556	chr11:98534844-98535237	2	-156	NA	NA	NA	NA	
557	chr11:99066626-99067132	1	NA	NA	NA	NA	NA	
558	chr11:100398000-100398405	4	NA	NA	NA	-160	NA	
559	chr11:100681728-100682200	1	NA	NA	NA	NA	NA	
560	chr11:100707753-100708047	4	NA	NA	-81	NA	NA	
561	chr11:100934002-100934545	3	NA	152	NA	NA	NA	
562	chr11:101037652-101038078	2	140	NA	57	NA	NA	
563	chr11:101474432-101474765	2	-123	NA	NA	NA	NA	
564	chr11:102814623-102815177	2	-157	NA	NA	NA	NA	
565	chr11:104366776-104367211	3	NA	-116	NA	NA	NA	
566	chr11:104476904-104477608	3	NA	-105	NA	NA	NA	
567	chr11:104784619-104785162	2	140	NA	NA	NA	NA	
568	chr11:105882763-105883027	2	-1	NA	NA	NA	NA	
569	chr11:106084953-106085237	1	NA	NA	NA	NA	NA	
570	chr11:106169765-106170120	1	NA	NA	NA	NA	NA	
571	chr11:106254845-106255253	4	NA	NA	-117	-155	NA	
572	chr11:106300983-106301471	1	NA	NA	NA	NA	NA	
573	chr11:106372697-106373036	2	-79	NA	NA	NA	NA	
574	chr11:106568199-106568856	1	NA	NA	NA	NA	NA	
575	chr11:106606345-106606960	2	-135	NA	-70	NA	NA	
576	chr11:108726666-108727519	2	-107	NA	NA	NA	NA	
577	chr11:108843870-108844221	2	134	NA	NA	NA	NA	
578	chr11:108980919-108981177	1	NA	NA	NA	NA	NA	
579	chr11:109196447-109197086	1	NA	NA	NA	NA	NA	
580	chr11:109438399-109438794	1	NA	NA	NA	NA	NA	
581	chr11:110214724-110215368	3	NA	-100	NA	NA	NA	
582	chr11:111503801-111504326	2	93	NA	NA	NA	NA	
583	chr11:113525631-113526237	3	NA	-75	NA	NA	NA	
584	chr11:115152037-115152561	3	NA	126	NA	NA	NA	
585	chr11:115235214-115235705	2	-116	NA	NA	NA	NA	
586	chr11:115297656-115298035	2	-145	NA	94	NA	NA	
587	chr11:115319995-115320543	3	NA	-128	NA	NA	NA	
588	chr11:115528902-115529310	3	NA	30	NA	NA	NA	
589	chr11:115562820-115563192	2	-92	NA	NA	NA	NA	
590	chr11:116153463-116154076	3	NA	140	186	NA	NA	
591	chr11:116477277-116477480	2	115	NA	NA	NA	NA	
592	chr11:116598773-116599352	3	NA	-98	NA	NA	NA	
593	chr11:117415062-117415680	3	NA	73	NA	NA	NA	
594	chr11:117752302-117752937	1	NA	NA	NA	NA	NA	
595	chr11:119529403-119530036	3	NA	-50	NA	NA	NA	
596	chr11:120219614-120219974	2	-18	NA	NA	NA	NA	
597	chr11:120854970-120855315	1	NA	NA	NA	NA	NA	
598	chr12:3109866-3110221	1	NA	NA	NA	NA	NA	
599	chr12:3264313-3265106	2	154	NA	NA	NA	NA	
600	chr12:3890155-3890575	3	NA	-138	NA	NA	NA	
601	chr12:3982216-3982913	4	NA	NA	NA	49	NA	
602	chr12:9055220-9056126	1	NA	NA	NA	NA	NA	
603	chr12:11256508-11257181	4	NA	NA	179	NA	NA	
604	chr12:12399049-12399589	2	23	NA	85	NA	NA	
605	chr12:15830404-15831128	1	NA	NA	NA	NA	NA	
606	chr12:16033909-16034491	4	NA	NA	NA	NA	110	
607	chr12:16613888-16614218	2	-149	NA	NA	NA	NA	
608	chr12:16764644-16765253	2	184	NA	NA	NA	NA	
609	chr12:17571132-17571618	2	-79	NA	NA	NA	NA	
610	chr12:17751418-17751903	3	NA	-131	NA	NA	NA	
611	chr12:21625071-21625513	2	89	NA	NA	NA	NA	
612	chr12:21697783-21698348	3	NA	39	NA	NA	NA	
613	chr12:25599469-25600321	3	NA	2	NA	NA	NA	
614	chr12:26041749-26042232	4	NA	NA	-125	-171	NA	
615	chr12:29431953-29432774	1	NA	NA	NA	NA	NA	
616	chr12:31951611-31952049	4	NA	NA	-72	NA	NA	
617	chr12:32792144-32792732	3	NA	-91	NA	NA	NA	
618	chr12:33768154-33768782	3	NA	93	NA	NA	NA	
619	chr12:35708628-35709458	2	119	NA	NA	NA	NA	
620	chr12:36139523-36140263	1	NA	NA	NA	NA	NA	
621	chr12:36271416-36271941	2	107	NA	NA	NA	NA	
622	chr12:36665601-36666385	2	142	NA	-10	NA	NA	
623	chr12:40593654-40593987	2	-34	NA	NA	NA	NA	
624	chr12:42984222-42984635	3	NA	178	NA	NA	NA	
625	chr12:52550267-52550995	2	66	NA	NA	NA	NA	
626	chr12:52606326-52606953	3	NA	104	NA	NA	NA	
627	chr12:53287953-53288661	1	NA	NA	NA	NA	NA	
628	chr12:53565897-53566441	2	-184	NA	NA	NA	NA	
629	chr12:53720264-53720773	1	NA	NA	NA	NA	NA	
630	chr12:53739701-53740316	2	-104	NA	NA	NA	NA	
631	chr12:55109538-55109876	2	-116	NA	NA	NA	NA	
632	chr12:55214836-55215321	1	NA	NA	NA	NA	NA	
633	chr12:55235049-55235642	4	NA	NA	87	-49	NA	
634	chr12:55488286-55488816	4	NA	NA	NA	NA	-135	
635	chr12:55968116-55968569	2	20	NA	NA	NA	NA	
636	chr12:56381906-56382440	3	NA	-172	NA	NA	NA	
637	chr12:56638340-56638930	1	NA	NA	NA	NA	NA	
638	chr12:56753810-56754434	1	NA	NA	NA	NA	NA	
639	chr12:65983732-65984542	1	NA	NA	NA	NA	NA	
640	chr12:70388446-70388808	3	NA	-79	NA	NA	NA	
641	chr12:70463188-70463560	1	NA	NA	NA	NA	NA	
642	chr12:70997263-70997834	1	NA	NA	NA	NA	NA	
643	chr12:71150733-71151253	2	-102	NA	147	NA	NA	
644	chr12:73968959-73969256	2	-87	NA	NA	NA	NA	
645	chr12:74086736-74087229	3	NA	69	NA	NA	NA	
646	chr12:74409793-74410709	4	NA	NA	NA	161	NA	
647	chr12:74516979-74517749	2	-3	NA	NA	NA	NA	
648	chr12:74611044-74611818	2	47	NA	NA	NA	NA	
649	chr12:74639288-74639568	4	NA	NA	-28	NA	NA	
650	chr12:76606012-76606676	3	NA	88	NA	NA	NA	
651	chr12:77473143-77473441	1	NA	NA	NA	NA	NA	
652	chr12:78032184-78032875	2	-66	NA	NA	NA	NA	
653	chr12:78250146-78251116	1	NA	NA	NA	NA	NA	
654	chr12:80310665-80311223	1	NA	NA	NA	NA	NA	
655	chr12:80348522-80349135	2	56	NA	NA	NA	NA	
656	chr12:81713507-81714360	3	NA	158	NA	NA	NA	
657	chr12:82512872-82513373	1	NA	NA	NA	NA	NA	
658	chr12:82777910-82778507	1	NA	NA	NA	NA	NA	
659	chr12:83105937-83106348	3	NA	-97	66	NA	NA	
660	chr12:84923623-84924055	2	-180	NA	NA	NA	NA	
661	chr12:85662641-85663008	2	-173	NA	NA	NA	NA	
662	chr12:86333633-86334077	2	-17	NA	170	NA	NA	
663	chr12:86521402-86522083	1	NA	NA	NA	NA	NA	
664	chr12:86834139-86835125	4	NA	NA	55	-122	NA	
665	chr12:86860463-86860991	4	NA	NA	NA	-168	NA	
666	chr12:86936240-86936728	4	NA	NA	179	NA	NA	
667	chr12:87576464-87576836	3	NA	-65	NA	NA	NA	
668	chr12:87833947-87835013	1	NA	NA	NA	NA	NA	
669	chr12:88082133-88082484	2	-33	NA	NA	NA	NA	
670	chr12:88942070-88942496	3	-57	166	NA	NA	NA	
671	chr12:89869385-89869971	4	NA	NA	-61	100	NA	
672	chr12:91144272-91144844	1	NA	NA	NA	NA	NA	
673	chr12:91470824-91471710	3	NA	114	NA	NA	NA	
674	chr12:97457329-97457703	1	NA	NA	NA	NA	NA	
675	chr12:98647700-98648468	2	-149	NA	NA	NA	NA	
676	chr12:98670630-98671298	2	-40	NA	NA	NA	NA	
677	chr12:99759733-99760077	1	NA	NA	NA	NA	NA	
678	chr12:99962375-99962819	4	NA	NA	107	NA	NA	
679	chr12:100237340-100237612	3	NA	138	NA	NA	NA	
680	chr12:100507991-100508699	2	91	NA	NA	NA	NA	
681	chr12:101395134-101395669	2	-87	NA	-67	NA	NA	
682	chr12:101821493-101822019	1	NA	NA	NA	NA	NA	
683	chr12:102217845-102218298	3	NA	69	NA	NA	NA	
684	chr12:102820251-102820731	1	NA	NA	NA	NA	NA	
685	chr12:102857797-102858220	2	-27	NA	NA	NA	NA	
686	chr12:103006641-103007183	3	NA	-33	NA	NA	NA	
687	chr12:103075608-103076133	1	NA	NA	NA	NA	NA	
688	chr12:103145756-103146314	3	NA	-83	NA	NA	NA	
689	chr12:103732312-103733129	1	NA	NA	NA	NA	NA	
690	chr12:104458983-104459313	2	-47	NA	NA	NA	NA	
691	chr12:106435121-106435835	4	NA	NA	122	NA	NA	
692	chr12:106711906-106712736	4	NA	NA	109	NA	NA	
693	chr12:106966187-106966898	2	91	NA	NA	NA	NA	
694	chr12:107059455-107059801	2	-66	NA	NA	NA	NA	
695	chr12:107560928-107561514	2	148	NA	NA	NA	NA	
696	chr12:107608323-107608721	1	NA	NA	NA	NA	NA	
697	chr12:107950205-107950642	2	-79	NA	NA	NA	NA	
698	chr12:108176937-108177612	3	NA	-80	NA	NA	NA	
699	chr12:108177646-108178134	2	111	NA	NA	NA	NA	
700	chr12:109003285-109003805	1	NA	NA	NA	NA	NA	
701	chr12:109904480-109904965	1	NA	NA	NA	NA	NA	
702	chr12:110945272-110945795	4	NA	NA	NA	-27	NA	
703	chr12:110950802-110951438	2	-68	NA	NA	NA	NA	
704	chr12:111185759-111186191	1	NA	NA	NA	NA	NA	
705	chr12:111699738-111700130	1	NA	NA	NA	NA	NA	
706	chr12:112007716-112008061	1	NA	NA	NA	NA	NA	
707	chr12:112291184-112291646	4	NA	NA	NA	NA	123	
708	chr12:112319737-112320360	4	NA	NA	144	NA	NA	
709	chr12:112354011-112354739	3	NA	41	NA	NA	NA	
710	chr12:113281139-113281713	2	135	NA	NA	NA	NA	
711	chr12:113302664-113303122	1	NA	NA	NA	NA	NA	
712	chr12:113317803-113318343	3	NA	-95	NA	NA	NA	
713	chr12:113615757-113616355	4	NA	NA	-49	142	NA	
714	chr12:115056996-115057643	2	52	NA	NA	NA	NA	
715	chr12:115238473-115239081	1	NA	NA	NA	NA	NA	
716	chr12:115438718-115439104	1	NA	NA	NA	NA	NA	
717	chr12:115759775-115760102	2	-57	NA	-32	NA	NA	
718	chr12:116051383-116051916	4	NA	NA	14	NA	NA	
719	chr12:116295506-116295724	1	NA	NA	NA	NA	NA	
720	chr12:116335445-116335996	1	NA	NA	NA	NA	NA	
721	chr12:116696353-116697006	1	NA	NA	NA	NA	NA	
722	chr13:3372064-3372548	2	-108	NA	NA	NA	NA	
723	chr13:4255997-4256465	3	NA	146	NA	NA	NA	
724	chr13:5305356-5305903	2	-98	NA	NA	NA	NA	
725	chr13:5312079-5312579	1	NA	NA	NA	NA	NA	
726	chr13:6251412-6251767	3	NA	-58	NA	NA	NA	
727	chr13:6403785-6404083	1	NA	NA	NA	NA	NA	
728	chr13:6450918-6451371	2	98	NA	NA	NA	NA	
729	chr13:6452254-6453128	3	NA	-18	NA	NA	NA	
730	chr13:8456023-8456476	2	-134	NA	NA	NA	NA	
731	chr13:9010816-9011506	1	NA	NA	NA	NA	NA	
732	chr13:10065849-10066463	2	-19	NA	NA	NA	NA	
733	chr13:12644892-12645305	2	162	NA	28	NA	NA	
734	chr13:13396889-13397300	4	NA	NA	-45	79	NA	
735	chr13:13753905-13754352	3	NA	-114	NA	NA	NA	
736	chr13:16815964-16816414	3	NA	-11	NA	NA	NA	
737	chr13:17587929-17588403	1	NA	NA	NA	NA	NA	
738	chr13:19191150-19192202	3	NA	-136	NA	NA	NA	
739	chr13:19644416-19644786	1	NA	NA	NA	NA	NA	
740	chr13:20268811-20269512	4	NA	NA	163	NA	NA	
741	chr13:21188790-21189257	3	NA	-59	NA	NA	NA	
742	chr13:21242012-21242413	3	NA	57	NA	NA	NA	
743	chr13:21982531-21982996	1	NA	NA	NA	NA	NA	
744	chr13:22012927-22013437	3	NA	-141	NA	NA	NA	
745	chr13:23526402-23527095	2	1	NA	NA	NA	NA	
746	chr13:23628543-23629164	3	NA	-41	NA	NA	NA	
747	chr13:23692231-23693274	1	NA	NA	NA	NA	NA	
748	chr13:23768914-23769484	1	NA	NA	NA	NA	NA	
749	chr13:24025006-24025684	4	NA	NA	121	NA	NA	
750	chr13:24541095-24541876	1	NA	NA	NA	NA	NA	
751	chr13:24623270-24623752	2	58	NA	NA	NA	NA	
752	chr13:28700313-28701043	3	NA	167	NA	NA	NA	
753	chr13:28950326-28950797	1	NA	NA	NA	NA	NA	
754	chr13:29242585-29243093	2	43	NA	NA	NA	NA	
755	chr13:29753840-29754497	1	NA	NA	NA	NA	NA	
756	chr13:30173489-30174544	2	-98	NA	NA	NA	NA	
757	chr13:30199454-30200091	2	-92	NA	NA	NA	NA	
758	chr13:30266688-30267187	1	NA	NA	NA	NA	NA	
759	chr13:31812479-31813290	1	NA	NA	NA	NA	NA	
760	chr13:32186941-32187468	1	NA	NA	NA	NA	NA	
761	chr13:32187480-32187908	1	NA	NA	NA	NA	NA	
762	chr13:34126503-34127172	1	NA	NA	NA	NA	NA	
763	chr13:34871416-34872419	4	NA	NA	37	NA	NA	
764	chr13:35763344-35763960	3	NA	115	NA	NA	NA	
765	chr13:35829257-35829623	4	NA	NA	-72	NA	NA	
766	chr13:37129114-37129724	2	-51	NA	NA	NA	NA	
767	chr13:37545250-37545716	2	-17	NA	-2	NA	NA	
768	chr13:41249784-41250241	3	NA	-106	NA	NA	NA	
769	chr13:42311483-42312074	2	-3	NA	NA	NA	NA	
770	chr13:44350705-44351097	2	20	NA	NA	NA	NA	
771	chr13:45003670-45004252	1	NA	NA	NA	NA	NA	
772	chr13:45052114-45052656	1	NA	NA	NA	NA	NA	
773	chr13:45167235-45167825	2	30	NA	NA	NA	NA	
774	chr13:45914948-45915540	1	NA	NA	NA	NA	NA	
775	chr13:45925107-45925667	1	NA	NA	NA	NA	NA	
776	chr13:46855990-46856439	4	NA	NA	-36	NA	NA	
777	chr13:48540491-48540965	1	NA	NA	NA	NA	NA	
778	chr13:49318988-49319290	3	NA	-87	NA	NA	NA	
779	chr13:51779815-51780594	4	NA	NA	-59	NA	NA	
780	chr13:51792837-51793320	1	NA	NA	NA	NA	NA	
781	chr13:51821227-51821648	2	73	NA	NA	NA	NA	
782	chr13:52733872-52734230	1	NA	NA	NA	NA	NA	
783	chr13:52813184-52813578	2	-156	NA	NA	NA	NA	
784	chr13:52820038-52820444	2	-26	NA	NA	NA	NA	
785	chr13:52995021-52995614	2	-113	NA	-136	NA	NA	
786	chr13:54583295-54583760	1	NA	NA	NA	NA	NA	
787	chr13:55472458-55472830	1	NA	NA	NA	NA	NA	
788	chr13:56035636-56036237	3	NA	95	NA	NA	NA	
789	chr13:56305273-56305674	4	NA	NA	NA	-11	NA	
790	chr13:56516298-56517425	1	NA	NA	NA	NA	NA	
791	chr13:56713396-56713889	2	-146	NA	NA	NA	NA	
792	chr13:58126374-58126918	3	NA	135	NA	NA	NA	
793	chr13:58397439-58398071	2	-127	NA	NA	NA	NA	
794	chr13:59478093-59478570	4	NA	NA	121	-83	NA	
795	chr13:59787925-59788552	3	NA	63	NA	NA	NA	
796	chr13:60477802-60478289	2	-31	NA	NA	NA	NA	
797	chr13:60747956-60748402	2	-11	NA	NA	NA	NA	
798	chr13:62889789-62890250	3	NA	-92	NA	NA	NA	
799	chr13:62927582-62928029	3	NA	103	NA	NA	NA	
800	chr13:64255415-64255934	1	NA	NA	NA	NA	NA	
801	chr13:64425604-64426383	1	NA	NA	NA	NA	NA	
802	chr13:64455410-64456120	1	NA	NA	NA	NA	NA	
803	chr13:64464755-64465247	2	67	NA	NA	NA	NA	
804	chr13:67426051-67427122	2	112	NA	NA	NA	NA	
805	chr13:67933281-67933833	2	-37	NA	NA	NA	NA	
806	chr13:69048672-69049127	3	NA	-83	NA	NA	NA	
807	chr13:75106229-75106707	3	NA	-66	NA	NA	NA	
808	chr13:76344019-76344484	3	NA	-11	NA	NA	NA	
809	chr13:77902358-77902725	4	NA	NA	-177	NA	NA	
810	chr13:82135636-82136671	1	NA	NA	NA	NA	NA	
811	chr13:83553339-83553862	2	-128	NA	NA	NA	NA	
812	chr13:85691309-85692599	3	NA	76	NA	NA	NA	
813	chr13:85978112-85978659	4	NA	NA	-131	NA	NA	
814	chr13:89731021-89731644	3	NA	-106	NA	NA	NA	
815	chr13:91488459-91489046	2	-52	NA	NA	NA	NA	
816	chr13:93774713-93775113	2	26	NA	NA	NA	NA	
817	chr13:94230484-94230968	2	-52	NA	NA	NA	NA	
818	chr13:94871908-94872317	1	NA	NA	NA	NA	NA	
819	chr13:95895331-95895994	1	NA	NA	NA	NA	NA	
820	chr13:96693689-96694177	2	-64	NA	31	NA	NA	
821	chr13:96797575-96798300	1	NA	NA	NA	NA	NA	
822	chr13:97057147-97057661	3	NA	63	NA	NA	NA	
823	chr13:97829931-97830373	3	NA	-126	NA	NA	NA	
824	chr13:98291150-98291426	1	NA	NA	NA	NA	NA	
825	chr13:98862295-98862644	3	NA	111	NA	NA	NA	
826	chr13:99891811-99892203	2	-65	NA	161	NA	NA	
827	chr13:100002988-100003832	2	5	NA	NA	NA	NA	
828	chr13:100226275-100226736	1	NA	NA	NA	NA	NA	
829	chr13:100246499-100246993	2	120	NA	-36	NA	NA	
830	chr13:100445510-100445972	2	60	NA	NA	NA	NA	
831	chr13:100498791-100499495	1	NA	NA	NA	NA	NA	
832	chr13:102073368-102073786	1	NA	NA	NA	NA	NA	
833	chr13:102836733-102837271	3	NA	-142	NA	NA	NA	
834	chr13:104891119-104891724	2	-93	NA	NA	NA	NA	
835	chr13:105297378-105297825	2	79	NA	NA	NA	NA	
836	chr13:105406211-105406758	4	NA	NA	NA	NA	179	
837	chr13:105694728-105695170	1	NA	NA	NA	NA	NA	
838	chr13:105743409-105744013	3	NA	106	140	NA	NA	
839	chr13:105899344-105900077	1	NA	NA	NA	NA	NA	
840	chr13:106398847-106399276	3	NA	-140	NA	NA	NA	
841	chr13:108215759-108216115	1	NA	NA	NA	NA	NA	
842	chr13:108729137-108729672	3	NA	-156	NA	NA	NA	
843	chr13:110692087-110692943	1	NA	NA	NA	NA	NA	
844	chr13:112777696-112778151	2	138	NA	NA	NA	NA	
845	chr13:113560223-113560749	1	NA	NA	NA	NA	NA	
846	chr13:113780528-113780988	1	NA	NA	NA	NA	NA	
847	chr13:114191759-114192723	2	97	NA	-164	NA	NA	
848	chr13:114221443-114222062	2	79	NA	NA	NA	NA	
849	chr13:114222707-114223232	2	167	NA	NA	NA	NA	
850	chr13:114246034-114246494	2	28	NA	NA	NA	NA	
851	chr13:114374930-114375414	3	NA	-100	NA	NA	NA	
852	chr13:114700650-114701435	3	NA	52	-65	NA	NA	
853	chr13:115913971-115914587	1	NA	NA	NA	NA	NA	
854	chr13:116016594-116017178	3	NA	176	-130	NA	NA	
855	chr13:118262967-118263407	1	NA	NA	NA	NA	NA	
856	chr13:118295740-118296081	1	NA	NA	NA	NA	NA	
857	chr14:6635184-6635770	1	NA	NA	NA	NA	NA	
858	chr14:7048641-7048931	2	-115	NA	-158	NA	NA	
859	chr14:14966515-14967306	3	NA	-78	NA	NA	NA	
860	chr14:15159662-15160385	4	NA	NA	NA	NA	30	
861	chr14:16699024-16699601	4	NA	NA	NA	NA	-160	
862	chr14:17613863-17614121	1	NA	NA	NA	NA	NA	
863	chr14:19561304-19561825	2	-155	NA	NA	NA	NA	
864	chr14:19574072-19574694	3	NA	-13	NA	NA	NA	
865	chr14:20285391-20285878	4	NA	NA	NA	135	NA	
866	chr14:20328083-20328790	1	NA	NA	NA	NA	NA	
867	chr14:20349234-20349617	1	NA	NA	NA	NA	NA	
868	chr14:22189536-22190143	1	NA	NA	NA	NA	NA	
869	chr14:22263799-22264507	4	NA	NA	-94	-55	NA	
870	chr14:23865599-23866128	3	NA	59	NA	NA	NA	
871	chr14:23977730-23978255	1	NA	NA	NA	NA	NA	
872	chr14:28826213-28826686	3	106	-58	NA	NA	NA	
873	chr14:28839020-28839584	3	NA	82	NA	NA	NA	
874	chr14:30243126-30243636	2	91	NA	NA	NA	NA	
875	chr14:30262405-30262845	1	NA	NA	NA	NA	NA	
876	chr14:30399026-30399945	2	-57	NA	NA	NA	NA	
877	chr14:30738155-30738891	3	NA	90	NA	NA	NA	
878	chr14:33504061-33504682	4	NA	NA	-25	NA	NA	
879	chr14:35145749-35146656	1	NA	NA	NA	NA	NA	
880	chr14:44249627-44250374	1	NA	NA	NA	NA	NA	
881	chr14:44532718-44533099	2	145	NA	NA	NA	NA	
882	chr14:45825651-45826040	2	181	NA	NA	NA	NA	
883	chr14:45916625-45917050	4	NA	NA	-124	NA	NA	
884	chr14:46288618-46289102	4	NA	NA	NA	28	NA	
885	chr14:47344123-47344458	2	123	NA	NA	NA	NA	
886	chr14:49744175-49744740	3	NA	154	NA	NA	NA	
887	chr14:50043574-50044028	1	NA	NA	NA	NA	NA	
888	chr14:51411426-51412027	4	NA	NA	NA	-56	NA	
889	chr14:51560087-51560819	3	NA	-8	NA	NA	NA	
890	chr14:51674810-51675468	1	NA	NA	NA	NA	NA	
891	chr14:52054147-52054701	2	-130	NA	NA	NA	NA	
892	chr14:52061237-52061625	1	NA	NA	NA	NA	NA	
893	chr14:52411849-52412725	3	NA	62	NA	NA	NA	
894	chr14:52642244-52642662	2	15	NA	NA	NA	NA	
895	chr14:52855704-52856239	2	-96	NA	NA	NA	NA	
896	chr14:52861234-52861906	2	102	NA	NA	NA	NA	
897	chr14:53185067-53185879	4	NA	NA	-44	NA	NA	
898	chr14:53315444-53315894	1	NA	NA	NA	NA	NA	
899	chr14:53471801-53472251	1	NA	NA	NA	NA	NA	
900	chr14:53756661-53756995	3	NA	-0	-88	NA	NA	
901	chr14:54336485-54336740	2	105	NA	NA	NA	NA	
902	chr14:54557828-54558379	2	45	NA	NA	NA	NA	
903	chr14:54572888-54573230	3	NA	113	NA	NA	NA	
904	chr14:57865194-57865549	1	NA	NA	NA	NA	NA	
905	chr14:59546784-59547386	2	-155	NA	NA	NA	NA	
906	chr14:60001388-60001861	2	-131	NA	NA	NA	NA	
907	chr14:60308599-60309004	2	165	NA	NA	NA	NA	
908	chr14:60615778-60616191	2	-67	NA	NA	NA	NA	
909	chr14:61072684-61073437	4	NA	NA	NA	-164	NA	
910	chr14:61172923-61173460	2	-106	NA	NA	NA	NA	
911	chr14:61752904-61753503	2	-55	NA	NA	NA	NA	
912	chr14:61882086-61882584	3	NA	72	NA	NA	NA	
913	chr14:63398238-63398467	3	NA	-83	NA	NA	NA	
914	chr14:63838690-63839540	3	NA	-89	NA	NA	NA	
915	chr14:63869298-63869868	4	NA	NA	NA	92	NA	
916	chr14:64054853-64055659	3	NA	-64	NA	NA	NA	
917	chr14:64502206-64502821	2	90	NA	NA	NA	NA	
918	chr14:65143374-65143902	2	149	NA	NA	NA	NA	
919	chr14:67941434-67942065	2	-4	NA	NA	NA	NA	
920	chr14:68006366-68007051	2	-155	NA	NA	NA	NA	
921	chr14:69551484-69551931	2	-53	NA	NA	NA	NA	
922	chr14:69881327-69881903	3	NA	122	NA	NA	NA	
923	chr14:71819323-71819723	4	NA	NA	NA	-160	NA	
924	chr14:72125466-72126140	1	NA	NA	NA	NA	NA	
925	chr14:73430727-73431229	2	99	NA	NA	NA	NA	
926	chr14:74247357-74247831	3	NA	54	NA	NA	NA	
927	chr14:74320659-74320976	1	NA	NA	NA	NA	NA	
928	chr14:74817191-74817671	3	NA	-52	NA	NA	NA	
929	chr14:74922671-74923066	1	NA	NA	NA	NA	NA	
930	chr14:75418144-75418711	2	-41	NA	NA	NA	NA	
931	chr14:76119145-76119732	2	-108	NA	NA	NA	NA	
932	chr14:77168617-77169263	2	8	NA	NA	NA	NA	
933	chr14:77352782-77353337	2	131	NA	NA	NA	NA	
934	chr14:85478286-85478819	3	NA	-131	NA	NA	NA	
935	chr14:85972741-85973299	1	NA	NA	NA	NA	NA	
936	chr14:86271420-86272015	3	NA	-38	NA	NA	NA	
937	chr14:86545604-86546041	4	NA	NA	166	NA	NA	
938	chr14:99342411-99342841	1	NA	NA	NA	NA	NA	
939	chr14:100335468-100336250	3	NA	-98	-31	NA	NA	
940	chr14:100778784-100779333	2	-27	NA	NA	NA	NA	
941	chr14:101696685-101697123	1	NA	NA	NA	NA	NA	
942	chr14:101964806-101965258	2	30	NA	NA	NA	NA	
943	chr14:104585844-104586594	3	NA	58	NA	NA	NA	
944	chr14:120617842-120618508	1	NA	NA	NA	NA	NA	
945	chr14:120618876-120619874	3	NA	180	NA	NA	NA	
946	chr14:120656494-120656884	4	NA	NA	NA	NA	108	
947	chr14:121122738-121123269	2	-30	NA	NA	NA	NA	
948	chr15:5393466-5394000	3	NA	104	NA	NA	NA	
949	chr15:5457726-5458644	1	NA	NA	NA	NA	NA	
950	chr15:5724184-5724868	3	NA	-87	NA	NA	NA	
951	chr15:6539684-6540482	2	6	NA	NA	NA	NA	
952	chr15:6551521-6551996	2	-140	NA	NA	NA	NA	
953	chr15:8509775-8510377	1	NA	NA	NA	NA	NA	
954	chr15:9416877-9417557	3	NA	133	NA	NA	NA	
955	chr15:9525509-9526099	2	125	NA	NA	NA	NA	
956	chr15:10030152-10030653	3	NA	-85	NA	NA	NA	
957	chr15:11952771-11953199	1	NA	NA	NA	NA	NA	
958	chr15:12036724-12037187	1	NA	NA	NA	NA	NA	
959	chr15:14469637-14470011	1	NA	NA	NA	NA	NA	
960	chr15:25214366-25214796	4	NA	NA	-109	NA	NA	
961	chr15:25246636-25247158	1	NA	NA	NA	NA	NA	
962	chr15:25441788-25442467	2	126	NA	NA	NA	NA	
963	chr15:25562700-25563232	3	NA	125	NA	NA	NA	
964	chr15:33961477-33962007	1	NA	NA	NA	NA	NA	
965	chr15:34002031-34002545	2	28	NA	NA	NA	NA	
966	chr15:34009072-34009560	1	NA	NA	NA	NA	NA	
967	chr15:36106787-36107390	2	47	NA	NA	NA	NA	
968	chr15:36551795-36552150	1	NA	NA	NA	NA	NA	
969	chr15:36950660-36951112	4	NA	NA	NA	NA	80	
970	chr15:41580803-41581156	3	NA	160	-131	NA	NA	
971	chr15:41960980-41961671	1	NA	NA	NA	NA	NA	
972	chr15:44450622-44451290	3	NA	177	NA	NA	NA	
973	chr15:48431470-48431999	1	NA	NA	NA	NA	NA	
974	chr15:50137245-50137922	1	NA	NA	NA	NA	NA	
975	chr15:50528665-50529095	2	-79	NA	-147	NA	NA	
976	chr15:51676625-51677093	3	NA	-39	NA	NA	NA	
977	chr15:55029238-55029813	1	NA	NA	NA	NA	NA	
978	chr15:55377073-55377631	1	NA	NA	NA	NA	NA	
979	chr15:57460063-57460373	1	NA	NA	NA	NA	NA	
980	chr15:57532903-57533278	2	-42	NA	NA	NA	NA	
981	chr15:57650601-57651027	1	NA	NA	NA	NA	NA	
982	chr15:58840813-58841212	2	-45	NA	NA	NA	NA	
983	chr15:59349577-59350037	4	NA	NA	161	NA	NA	
984	chr15:59481821-59482380	2	151	NA	NA	NA	NA	
985	chr15:61069576-61070019	3	NA	167	NA	NA	NA	
986	chr15:61821923-61822752	1	NA	NA	NA	NA	NA	
987	chr15:62715379-62715766	1	NA	NA	NA	NA	NA	
988	chr15:63085024-63086193	2	-144	NA	NA	NA	NA	
989	chr15:63109283-63109869	3	NA	-14	NA	NA	NA	
990	chr15:63446617-63447122	1	NA	NA	NA	NA	NA	
991	chr15:66618577-66619074	3	NA	134	-120	NA	NA	
992	chr15:66648043-66648621	3	NA	-123	NA	NA	NA	
993	chr15:66874853-66875383	4	NA	NA	-133	NA	NA	
994	chr15:66933002-66933595	2	-65	NA	NA	NA	NA	
995	chr15:66958575-66958878	3	NA	106	NA	NA	NA	
996	chr15:67239540-67240010	3	NA	164	NA	NA	NA	
997	chr15:72989019-72989615	2	1	NA	NA	NA	NA	
998	chr15:73552249-73552647	3	NA	-80	NA	NA	NA	
999	chr15:74741638-74742158	3	NA	27	NA	NA	NA	
1000	chr15:74913232-74914409	1	NA	NA	NA	NA	NA	
1001	chr15:75144463-75145148	3	NA	-29	NA	NA	NA	
1002	chr15:76498088-76498430	2	-69	NA	33	NA	NA	
1003	chr15:76976684-76977275	3	NA	-99	NA	NA	NA	
1004	chr15:77048087-77048494	3	NA	177	NA	NA	NA	
1005	chr15:77798185-77798703	3	NA	-81	NA	NA	NA	
1006	chr15:78322203-78322757	2	52	NA	NA	NA	NA	
1007	chr15:78403489-78404006	2	141	NA	NA	NA	NA	
1008	chr15:78532042-78532377	4	NA	NA	NA	81	NA	
1009	chr15:78750742-78751226	2	171	NA	-77	NA	NA	
1010	chr15:79515729-79516317	4	NA	NA	NA	-51	NA	
1011	chr15:80365238-80365932	3	NA	-133	NA	NA	NA	
1012	chr15:80408538-80408941	1	NA	NA	NA	NA	NA	
1013	chr15:80761990-80762691	3	NA	60	NA	NA	NA	
1014	chr15:81026670-81027182	1	NA	NA	NA	NA	NA	
1015	chr15:81843369-81843881	1	NA	NA	NA	NA	NA	
1016	chr15:82742126-82742673	1	NA	NA	NA	NA	NA	
1017	chr15:83225729-83227074	1	NA	NA	NA	NA	NA	
1018	chr15:85217759-85218170	3	NA	75	NA	NA	NA	
1019	chr15:85636856-85637427	4	NA	NA	NA	NA	-54	
1020	chr15:85995911-85996531	1	NA	NA	NA	NA	NA	
1021	chr15:88252002-88252334	1	NA	NA	NA	NA	NA	
1022	chr15:91444134-91444549	3	NA	176	NA	NA	NA	
1023	chr15:91889057-91889761	3	NA	-15	NA	NA	NA	
1024	chr15:93776539-93777094	1	NA	NA	NA	NA	NA	
1025	chr15:93825999-93826652	1	NA	NA	NA	NA	NA	
1026	chr15:94062757-94063864	1	NA	NA	NA	NA	NA	
1027	chr15:95585242-95585627	2	-159	NA	NA	NA	NA	
1028	chr15:95700506-95701032	1	NA	NA	NA	NA	NA	
1029	chr15:95718422-95718988	2	3	NA	NA	NA	NA	
1030	chr15:96371289-96371648	2	181	NA	NA	NA	NA	
1031	chr15:96478631-96479344	2	168	NA	NA	NA	NA	
1032	chr15:97076454-97076980	3	NA	-29	NA	NA	NA	
1033	chr15:97201030-97201570	1	NA	NA	NA	NA	NA	
1034	chr15:97218585-97219072	2	100	NA	NA	NA	NA	
1035	chr15:97283599-97284108	4	NA	NA	186	NA	NA	
1036	chr15:97576288-97576684	1	NA	NA	NA	NA	NA	
1037	chr15:97672129-97672744	2	-67	NA	NA	NA	NA	
1038	chr15:97989948-97990462	3	NA	23	NA	NA	NA	
1039	chr15:98334305-98334691	1	NA	NA	NA	NA	NA	
1040	chr15:98820295-98820965	3	NA	100	NA	NA	NA	
1041	chr15:98837015-98837833	1	NA	NA	NA	NA	NA	
1042	chr15:98953544-98954198	4	NA	NA	-188	116	NA	
1043	chr15:98958200-98958935	1	NA	NA	NA	NA	NA	
1044	chr15:99031128-99031478	3	NA	185	NA	NA	NA	
1045	chr15:99079664-99080059	1	NA	NA	NA	NA	NA	
1046	chr15:99864819-99865137	1	NA	NA	NA	NA	NA	
1047	chr15:100245864-100246230	4	NA	NA	-107	NA	NA	
1048	chr15:100725539-100726003	2	99	NA	NA	NA	NA	
1049	chr15:100975330-100975756	1	NA	NA	NA	NA	NA	
1050	chr15:100980162-100980817	1	NA	NA	NA	NA	NA	
1051	chr15:101724329-101724732	4	NA	NA	NA	92	NA	
1052	chr15:102053248-102053679	1	NA	NA	NA	NA	NA	
1053	chr15:102067172-102067698	4	NA	NA	NA	94	NA	
1054	chr15:103096931-103097449	1	NA	NA	NA	NA	NA	
1055	chr16:3813045-3813344	1	NA	NA	NA	NA	NA	
1056	chr16:3891634-3891914	2	-69	NA	NA	NA	NA	
1057	chr16:4297848-4298553	2	-8	NA	NA	NA	NA	
1058	chr16:4354106-4354595	1	NA	NA	NA	NA	NA	
1059	chr16:4498905-4499484	3	NA	130	-152	NA	NA	
1060	chr16:4697706-4698216	3	NA	-53	NA	NA	NA	
1061	chr16:5297592-5297920	3	NA	-122	NA	NA	NA	
1062	chr16:5308750-5309293	2	48	NA	NA	NA	NA	
1063	chr16:5370934-5371498	4	NA	NA	NA	-106	NA	
1064	chr16:8321871-8322411	3	NA	162	NA	NA	NA	
1065	chr16:8555105-8555568	3	NA	129	NA	NA	NA	
1066	chr16:10383037-10383404	1	NA	NA	NA	NA	NA	
1067	chr16:10467193-10468046	1	NA	NA	NA	NA	NA	
1068	chr16:10586016-10586472	3	NA	-101	NA	NA	NA	
1069	chr16:10882933-10883292	1	NA	NA	NA	NA	NA	
1070	chr16:11022817-11023079	1	NA	NA	NA	NA	NA	
1071	chr16:11198320-11198977	4	NA	NA	140	NA	NA	
1072	chr16:13779393-13779941	2	-164	NA	NA	NA	NA	
1073	chr16:15673722-15674298	3	NA	-175	NA	NA	NA	
1074	chr16:15674541-15675056	1	NA	NA	NA	NA	NA	
1075	chr16:16891883-16892627	1	NA	NA	NA	NA	NA	
1076	chr16:16929245-16929818	3	NA	121	NA	NA	NA	
1077	chr16:17366476-17367007	3	NA	40	NA	NA	NA	
1078	chr16:17862803-17863316	1	NA	NA	NA	NA	NA	
1079	chr16:17988769-17989166	4	NA	NA	NA	110	NA	
1080	chr16:18373497-18374088	3	NA	18	NA	NA	NA	
1081	chr16:18631480-18631983	2	143	NA	169	NA	NA	
1082	chr16:20104688-20105485	4	NA	NA	NA	-157	NA	
1083	chr16:20197452-20198020	2	160	NA	-130	NA	NA	
1084	chr16:21745447-21746014	1	NA	NA	NA	NA	NA	
1085	chr16:22311018-22311776	3	NA	-165	NA	NA	NA	
1086	chr16:22346781-22347546	2	-18	NA	-121	NA	NA	
1087	chr16:22432070-22432610	1	NA	NA	NA	NA	NA	
1088	chr16:23089922-23090993	2	45	NA	NA	NA	NA	
1089	chr16:23388247-23388707	3	NA	-54	NA	NA	NA	
1090	chr16:24066153-24066804	2	120	NA	NA	NA	NA	
1091	chr16:24263556-24264106	2	-71	NA	NA	NA	NA	
1092	chr16:24454091-24454757	2	-160	NA	NA	NA	NA	
1093	chr16:24792391-24792745	1	NA	NA	NA	NA	NA	
1094	chr16:30143723-30144540	1	NA	NA	NA	NA	NA	
1095	chr16:30294113-30294694	2	72	NA	NA	NA	NA	
1096	chr16:30776620-30776964	3	NA	59	-168	NA	NA	
1097	chr16:31641516-31642168	2	-114	NA	NA	NA	NA	
1098	chr16:31674158-31674703	2	-72	NA	-10	NA	NA	
1099	chr16:31993737-31994379	1	NA	NA	NA	NA	NA	
1100	chr16:32007626-32008222	1	NA	NA	NA	NA	NA	
1101	chr16:32050697-32051176	1	NA	NA	NA	NA	NA	
1102	chr16:32082949-32083560	3	NA	-46	NA	NA	NA	
1103	chr16:32626882-32627193	4	NA	NA	NA	151	NA	
1104	chr16:32732591-32733018	2	70	NA	-129	NA	NA	
1105	chr16:32773110-32773437	2	-0	NA	NA	NA	NA	
1106	chr16:33263244-33263760	3	NA	113	NA	NA	NA	
1107	chr16:33607604-33608241	2	-176	NA	NA	NA	NA	
1108	chr16:34437782-34438089	2	-170	NA	NA	NA	NA	
1109	chr16:38504389-38504880	4	NA	NA	NA	NA	184	
1110	chr16:38648934-38649382	3	NA	-167	NA	NA	NA	
1111	chr16:38675276-38675649	1	NA	NA	NA	NA	NA	
1112	chr16:42091692-42092434	4	NA	NA	NA	NA	-97	
1113	chr16:43331142-43331756	3	NA	101	NA	NA	NA	
1114	chr16:43609438-43610235	1	NA	NA	NA	NA	NA	
1115	chr16:44611072-44611575	4	NA	NA	NA	NA	171	
1116	chr16:44677365-44678054	1	NA	NA	NA	NA	NA	
1117	chr16:44944405-44945042	1	NA	NA	NA	NA	NA	
1118	chr16:45142804-45143539	1	NA	NA	NA	NA	NA	
1119	chr16:45171202-45171842	1	NA	NA	NA	NA	NA	
1120	chr16:45255421-45256311	1	NA	NA	NA	NA	NA	
1121	chr16:45861267-45862136	2	116	NA	-131	NA	NA	
1122	chr16:48696318-48697582	1	NA	NA	NA	NA	NA	
1123	chr16:48705796-48706649	2	-30	NA	NA	NA	NA	
1124	chr16:48728891-48729762	3	NA	23	NA	NA	NA	
1125	chr16:49619260-49619915	2	-23	NA	NA	NA	NA	
1126	chr16:49694123-49694753	1	NA	NA	NA	NA	NA	
1127	chr16:49710327-49711043	2	-40	NA	-129	NA	NA	
1128	chr16:50655415-50656105	3	NA	24	NA	NA	NA	
1129	chr16:51313031-51313776	3	NA	-130	NA	NA	NA	
1130	chr16:51326290-51326956	1	NA	NA	NA	NA	NA	
1131	chr16:51594350-51594765	2	166	NA	177	NA	NA	
1132	chr16:51671159-51671795	1	NA	NA	NA	NA	NA	
1133	chr16:52000749-52001812	3	NA	187	NA	NA	NA	
1134	chr16:52092727-52093274	1	NA	NA	NA	NA	NA	
1135	chr16:55999717-56000157	2	-31	NA	NA	NA	NA	
1136	chr16:57188314-57188775	2	115	NA	NA	NA	NA	
1137	chr16:57392405-57392999	3	NA	74	NA	NA	NA	
1138	chr16:57506384-57507017	2	84	NA	-64	NA	NA	
1139	chr16:57525993-57526636	1	NA	NA	NA	NA	NA	
1140	chr16:62837905-62838587	4	NA	NA	NA	NA	-144	
1141	chr16:62882597-62883029	2	-128	NA	NA	NA	NA	
1142	chr16:64700512-64701267	3	NA	180	-12	NA	NA	
1143	chr16:64792513-64792982	2	124	NA	NA	NA	NA	
1144	chr16:66352816-66353336	3	NA	138	NA	NA	NA	
1145	chr16:70196149-70196653	3	NA	-37	NA	NA	NA	
1146	chr16:70450953-70451514	3	NA	90	NA	NA	NA	
1147	chr16:76108176-76108646	2	113	NA	NA	NA	NA	
1148	chr16:76132055-76132900	2	166	NA	NA	NA	NA	
1149	chr16:76166346-76166938	1	NA	NA	NA	NA	NA	
1150	chr16:76181872-76182716	1	NA	NA	NA	NA	NA	
1151	chr16:76198137-76198760	4	NA	NA	NA	NA	-172	
1152	chr16:76216868-76217351	1	NA	NA	NA	NA	NA	
1153	chr16:76236873-76237789	1	NA	NA	NA	NA	NA	
1154	chr16:76431854-76432736	3	NA	127	NA	NA	NA	
1155	chr16:76891600-76892124	2	24	NA	-57	NA	NA	
1156	chr16:76898575-76899539	1	NA	NA	NA	NA	NA	
1157	chr16:76977825-76978175	2	-113	NA	NA	NA	NA	
1158	chr16:79765042-79766067	1	NA	NA	NA	NA	NA	
1159	chr16:87550656-87551255	2	148	NA	NA	NA	NA	
1160	chr16:87590129-87590752	4	NA	NA	-34	NA	NA	
1161	chr16:87615180-87615705	3	NA	-147	NA	NA	NA	
1162	chr16:89861839-89862293	1	NA	NA	NA	NA	NA	
1163	chr16:89874714-89875313	3	NA	65	NA	NA	NA	
1164	chr16:89882386-89882896	2	57	NA	NA	NA	NA	
1165	chr16:91262939-91263798	1	NA	NA	NA	NA	NA	
1166	chr16:91336853-91337461	2	110	NA	NA	NA	NA	
1167	chr16:91359171-91359717	3	NA	102	NA	NA	NA	
1168	chr16:91379634-91380149	3	NA	77	NA	NA	NA	
1169	chr16:91423346-91423651	1	NA	NA	NA	NA	NA	
1170	chr16:93152353-93153139	1	NA	NA	NA	NA	NA	
1171	chr16:93664906-93665451	4	NA	NA	NA	-117	NA	
1172	chr16:94740412-94740984	3	NA	108	NA	NA	NA	
1173	chr16:95543138-95543630	1	NA	NA	NA	NA	NA	
1174	chr16:95842584-95842993	1	NA	NA	NA	NA	NA	
1175	chr16:95858901-95859713	4	NA	NA	NA	NA	-58	
1176	chr16:95965677-95966171	1	NA	NA	NA	NA	NA	
1177	chr16:95990986-95991262	2	-96	NA	NA	NA	NA	
1178	chr16:96378363-96378695	4	NA	NA	34	NA	NA	
1179	chr17:3166094-3166439	2	-66	NA	-103	NA	NA	
1180	chr17:5397453-5397934	3	NA	-69	NA	NA	NA	
1181	chr17:5760843-5761262	2	122	NA	-18	NA	NA	
1182	chr17:7013584-7014046	1	NA	NA	NA	NA	NA	
1183	chr17:8110588-8111060	2	104	NA	NA	NA	NA	
1184	chr17:10055132-10055663	4	NA	NA	NA	-134	NA	
1185	chr17:12337742-12338331	2	-133	NA	-51	NA	NA	
1186	chr17:12623765-12624221	1	NA	NA	NA	NA	NA	
1187	chr17:12701196-12701553	1	NA	NA	NA	NA	NA	
1188	chr17:12826832-12827454	3	NA	-145	NA	NA	NA	
1189	chr17:15536486-15536955	1	NA	NA	NA	NA	NA	
1190	chr17:17099024-17099617	3	NA	-27	NA	NA	NA	
1191	chr17:17313169-17313732	2	-40	NA	NA	NA	NA	
1192	chr17:22525799-22526264	3	NA	130	NA	NA	NA	
1193	chr17:23290872-23291659	4	NA	NA	NA	-148	NA	
1194	chr17:23482135-23482565	2	-9	NA	NA	NA	NA	
1195	chr17:23498180-23498668	3	NA	-55	NA	NA	NA	
1196	chr17:23585948-23586787	2	62	NA	NA	NA	NA	
1197	chr17:24911764-24912394	3	NA	49	-90	NA	NA	
1198	chr17:26118328-26118668	1	NA	NA	NA	NA	NA	
1199	chr17:27050760-27051125	1	NA	NA	NA	NA	NA	
1200	chr17:27519845-27520573	3	NA	136	NA	NA	NA	
1201	chr17:27546399-27546899	3	NA	76	NA	NA	NA	
1202	chr17:27844936-27845433	1	NA	NA	NA	NA	NA	
1203	chr17:28018927-28019279	1	NA	NA	NA	NA	NA	
1204	chr17:28340077-28340736	3	NA	-84	NA	NA	NA	
1205	chr17:28463406-28463987	1	NA	NA	NA	NA	NA	
1206	chr17:28609896-28610540	2	-94	NA	NA	NA	NA	
1207	chr17:28777357-28777573	2	-66	NA	NA	NA	NA	
1208	chr17:28838695-28839065	2	-88	NA	NA	NA	NA	
1209	chr17:29074121-29074423	2	-99	NA	NA	NA	NA	
1210	chr17:29084713-29085256	3	NA	-96	NA	NA	NA	
1211	chr17:29496441-29496773	1	NA	NA	NA	NA	NA	
1212	chr17:29706850-29707643	1	NA	NA	NA	NA	NA	
1213	chr17:29754219-29755190	2	-162	NA	NA	NA	NA	
1214	chr17:29885881-29886151	2	67	NA	NA	NA	NA	
1215	chr17:30952645-30953178	3	NA	92	51	NA	NA	
1216	chr17:32052455-32053070	1	NA	NA	NA	NA	NA	
1217	chr17:32771647-32772132	2	108	NA	NA	NA	NA	
1218	chr17:33432587-33432962	1	NA	NA	NA	NA	NA	
1219	chr17:34005768-34006191	1	NA	NA	NA	NA	NA	
1220	chr17:34239055-34239437	2	94	NA	NA	NA	NA	
1221	chr17:34676228-34676596	4	NA	NA	NA	-142	NA	
1222	chr17:34782574-34783014	3	NA	-69	NA	NA	NA	
1223	chr17:34948589-34949065	3	NA	84	NA	NA	NA	
1224	chr17:35631567-35632164	4	NA	NA	NA	NA	114	
1225	chr17:35839227-35839738	2	189	NA	NA	NA	NA	
1226	chr17:36433618-36434149	2	152	NA	NA	NA	NA	
1227	chr17:36590397-36591038	1	NA	NA	NA	NA	NA	
1228	chr17:36617136-36617834	2	126	NA	NA	NA	NA	
1229	chr17:39450957-39456976	1	NA	NA	NA	NA	NA	
1230	chr17:42463355-42463870	1	NA	NA	NA	NA	NA	
1231	chr17:42730307-42730868	2	-82	NA	NA	NA	NA	
1232	chr17:43585448-43585906	1	NA	NA	NA	NA	NA	
1233	chr17:44117527-44118075	2	86	NA	111	NA	NA	
1234	chr17:44282499-44283310	2	-41	NA	NA	NA	NA	
1235	chr17:44953679-44954280	3	NA	71	NA	NA	NA	
1236	chr17:46175551-46176176	2	-99	NA	NA	NA	NA	
1237	chr17:46311887-46312385	3	NA	164	NA	NA	NA	
1238	chr17:47754952-47755226	3	NA	84	NA	NA	NA	
1239	chr17:49796175-49796482	4	NA	NA	NA	97	NA	
1240	chr17:49891740-49892041	2	-22	NA	NA	NA	NA	
1241	chr17:50096339-50096780	1	NA	NA	NA	NA	NA	
1242	chr17:50243006-50243392	3	NA	41	NA	NA	NA	
1243	chr17:50873145-50873955	3	NA	129	NA	NA	NA	
1244	chr17:51278847-51279567	3	NA	175	NA	NA	NA	
1245	chr17:51371298-51372074	1	NA	NA	NA	NA	NA	
1246	chr17:51501238-51501569	4	NA	NA	NA	18	NA	
1247	chr17:51627032-51628258	3	NA	146	NA	NA	NA	
1248	chr17:51743043-51744088	3	NA	140	-128	NA	NA	
1249	chr17:51776801-51777323	2	-102	NA	NA	NA	NA	
1250	chr17:51813189-51814172	2	42	NA	NA	NA	NA	
1251	chr17:55910815-55911407	1	NA	NA	NA	NA	NA	
1252	chr17:56745464-56746101	3	NA	31	NA	NA	NA	
1253	chr17:56879608-56880115	3	NA	134	NA	NA	NA	
1254	chr17:57023230-57023915	2	141	NA	NA	NA	NA	
1255	chr17:59922128-59922501	2	-171	NA	NA	NA	NA	
1256	chr17:66006419-66006906	3	NA	-113	NA	NA	NA	
1257	chr17:66394855-66395238	1	NA	NA	NA	NA	NA	
1258	chr17:69170022-69170454	2	165	NA	NA	NA	NA	
1259	chr17:70811752-70812311	2	93	NA	NA	NA	NA	
1260	chr17:70878080-70879042	3	NA	183	NA	NA	NA	
1261	chr17:71365042-71365721	4	NA	NA	-103	NA	NA	
1262	chr17:72806832-72807471	1	NA	NA	NA	NA	NA	
1263	chr17:72844628-72845091	4	NA	NA	-164	NA	NA	
1264	chr17:73046804-73047716	1	NA	NA	NA	NA	NA	
1265	chr17:73074511-73075040	2	-67	NA	NA	NA	NA	
1266	chr17:74298888-74299450	2	91	NA	NA	NA	NA	
1267	chr17:80053952-80054584	2	-90	NA	104	NA	NA	
1268	chr17:80067186-80067529	2	-66	NA	NA	NA	NA	
1269	chr17:80268547-80268920	1	NA	NA	NA	NA	NA	
1270	chr17:83215328-83215710	1	NA	NA	NA	NA	NA	
1271	chr17:83302384-83302689	3	NA	-75	NA	NA	NA	
1272	chr17:83871447-83872020	2	-112	NA	NA	NA	NA	
1273	chr17:84024411-84025036	1	NA	NA	NA	NA	NA	
1274	chr17:84052952-84053448	1	NA	NA	NA	NA	NA	
1275	chr17:84071287-84071754	2	61	NA	NA	NA	NA	
1276	chr17:84238888-84239458	2	136	NA	80	NA	NA	
1277	chr17:84327940-84328531	1	NA	NA	NA	NA	NA	
1278	chr17:84530116-84530681	2	-163	NA	NA	NA	NA	
1279	chr17:85072378-85072795	1	NA	NA	NA	NA	NA	
1280	chr17:85782374-85782975	4	NA	NA	122	-99	NA	
1281	chr17:86146997-86147455	1	NA	NA	NA	NA	NA	
1282	chr17:86586652-86587159	2	-94	NA	NA	NA	NA	
1283	chr17:86687525-86687839	4	NA	NA	-22	NA	NA	
1284	chr17:86788605-86789152	1	NA	NA	NA	NA	NA	
1285	chr17:87110794-87111427	2	-46	NA	NA	NA	NA	
1286	chr17:87950708-87951521	2	-187	NA	NA	NA	NA	
1287	chr18:3005174-3006088	2	-144	NA	NA	NA	NA	
1288	chr18:3281556-3282052	4	NA	NA	176	-126	NA	
1289	chr18:4182675-4183314	3	NA	54	NA	NA	NA	
1290	chr18:4309165-4309780	4	NA	NA	132	NA	NA	
1291	chr18:6137581-6137949	2	-76	NA	NA	NA	NA	
1292	chr18:6514436-6515374	2	67	NA	NA	NA	NA	
1293	chr18:7868184-7868534	1	NA	NA	NA	NA	NA	
1294	chr18:9380797-9381701	1	NA	NA	NA	NA	NA	
1295	chr18:9966507-9966909	2	-158	NA	NA	NA	NA	
1296	chr18:12056728-12057211	2	45	NA	NA	NA	NA	
1297	chr18:12269099-12269626	1	NA	NA	NA	NA	NA	
1298	chr18:13267542-13267986	1	NA	NA	NA	NA	NA	
1299	chr18:14924197-14924694	2	116	NA	NA	NA	NA	
1300	chr18:15451378-15451779	1	NA	NA	NA	NA	NA	
1301	chr18:15604289-15604880	1	NA	NA	NA	NA	NA	
1302	chr18:21100030-21100509	2	72	NA	NA	NA	NA	
1303	chr18:23708947-23709686	4	NA	NA	137	NA	NA	
1304	chr18:24055879-24056570	2	61	NA	NA	NA	NA	
1305	chr18:24433123-24433498	2	89	NA	NA	NA	NA	
1306	chr18:27859237-27859463	1	NA	NA	NA	NA	NA	
1307	chr18:31904331-31904805	1	NA	NA	NA	NA	NA	
1308	chr18:33088287-33089084	2	16	NA	NA	NA	NA	
1309	chr18:33096833-33097334	2	174	NA	-112	NA	NA	
1310	chr18:34534585-34535074	3	NA	-80	NA	NA	NA	
1311	chr18:35112191-35112665	3	NA	-58	NA	NA	NA	
1312	chr18:35878686-35879052	1	NA	NA	NA	NA	NA	
1313	chr18:35947632-35948274	1	NA	NA	NA	NA	NA	
1314	chr18:36688559-36688890	2	90	NA	NA	NA	NA	
1315	chr18:38277565-38277990	2	33	NA	-86	NA	NA	
1316	chr18:38609212-38609789	2	181	NA	88	NA	NA	
1317	chr18:38640520-38640924	4	NA	NA	122	NA	NA	
1318	chr18:38699665-38700014	2	-18	NA	-140	NA	NA	
1319	chr18:39208799-39209362	1	NA	NA	NA	NA	NA	
1320	chr18:39583751-39584166	3	NA	-58	NA	NA	NA	
1321	chr18:39644986-39645993	1	NA	NA	NA	NA	NA	
1322	chr18:40308272-40308857	4	NA	NA	94	59	NA	
1323	chr18:40433982-40434372	1	NA	NA	NA	NA	NA	
1324	chr18:42400783-42401439	2	123	NA	NA	NA	NA	
1325	chr18:43569128-43569687	4	NA	NA	75	NA	NA	
1326	chr18:46217917-46218435	4	NA	NA	53	NA	NA	
1327	chr18:50134098-50134675	1	NA	NA	NA	NA	NA	
1328	chr18:50139748-50140229	2	80	NA	NA	NA	NA	
1329	chr18:50149460-50150030	2	47	NA	NA	NA	NA	
1330	chr18:55218915-55219371	2	8	NA	NA	NA	NA	
1331	chr18:55592151-55592811	4	NA	NA	NA	-45	NA	
1332	chr18:56064745-56065001	1	NA	NA	NA	NA	NA	
1333	chr18:57182149-57182592	1	NA	NA	NA	NA	NA	
1334	chr18:61009669-61010320	3	NA	-61	NA	NA	NA	
1335	chr18:61173025-61173506	2	92	NA	69	NA	NA	
1336	chr18:62250720-62251490	2	-66	NA	NA	NA	NA	
1337	chr18:62806691-62807319	1	NA	NA	NA	NA	NA	
1338	chr18:62845323-62845720	2	153	NA	-57	NA	NA	
1339	chr18:67338060-67338448	4	NA	NA	-173	NA	NA	
1340	chr18:67850177-67850853	2	92	NA	NA	NA	NA	
1341	chr18:69077045-69077437	1	NA	NA	NA	NA	NA	
1342	chr18:69199566-69199995	1	NA	NA	NA	NA	NA	
1343	chr18:69236745-69237202	2	-86	NA	NA	NA	NA	
1344	chr18:69469912-69470606	4	NA	NA	NA	NA	69	
1345	chr18:73603774-73604102	4	NA	NA	NA	-84	NA	
1346	chr18:73752053-73752327	3	NA	94	NA	NA	NA	
1347	chr18:73878883-73879381	1	NA	NA	NA	NA	NA	
1348	chr18:73884269-73884884	2	125	NA	NA	NA	NA	
1349	chr18:74393911-74394404	2	37	NA	NA	NA	NA	
1350	chr18:75292792-75293314	3	NA	-53	NA	NA	NA	
1351	chr18:75403919-75404490	2	-15	NA	NA	NA	NA	
1352	chr18:75447354-75448074	1	NA	NA	NA	NA	NA	
1353	chr18:75502752-75503315	2	96	NA	-124	NA	NA	
1354	chr18:77394356-77394948	1	NA	NA	NA	NA	NA	
1355	chr18:78182403-78182995	3	NA	-69	NA	NA	NA	
1356	chr18:78374251-78374792	3	NA	22	NA	NA	NA	
1357	chr18:78532436-78532886	1	NA	NA	NA	NA	NA	
1358	chr18:79123636-79124031	1	NA	NA	NA	NA	NA	
1359	chr18:79465579-79466137	2	-87	NA	NA	NA	NA	
1360	chr18:80900357-80900902	3	NA	-41	NA	NA	NA	
1361	chr18:82024644-82025135	2	-100	NA	NA	NA	NA	
1362	chr18:82355489-82355941	1	NA	NA	NA	NA	NA	
1363	chr18:82818483-82819140	1	NA	NA	NA	NA	NA	
1364	chr18:82981173-82981632	1	NA	NA	NA	NA	NA	
1365	chr18:83641898-83642345	4	NA	NA	-71	NA	NA	
1366	chr18:89058711-89059282	2	59	NA	NA	NA	NA	
1367	chr19:3451745-3452634	1	NA	NA	NA	NA	NA	
1368	chr19:3554195-3554679	1	NA	NA	NA	NA	NA	
1369	chr19:3805230-3806109	1	NA	NA	NA	NA	NA	
1370	chr19:3837475-3837879	2	114	NA	NA	NA	NA	
1371	chr19:4119506-4120147	2	109	NA	NA	NA	NA	
1372	chr19:4196301-4196552	2	66	NA	181	NA	NA	
1373	chr19:4878649-4879463	2	168	NA	1	NA	NA	
1374	chr19:5724249-5724781	2	153	NA	NA	NA	NA	
1375	chr19:5802090-5802740	2	-145	NA	NA	NA	NA	
1376	chr19:5911237-5911998	3	NA	55	NA	NA	NA	
1377	chr19:7019792-7020176	1	NA	NA	NA	NA	NA	
1378	chr19:7183182-7183557	2	153	NA	NA	NA	NA	
1379	chr19:7537685-7538209	1	NA	NA	NA	NA	NA	
1380	chr19:7662574-7662885	2	-80	NA	NA	NA	NA	
1381	chr19:9146860-9147336	2	-2	NA	NA	NA	NA	
1382	chr19:10673297-10673745	3	NA	-19	NA	NA	NA	
1383	chr19:10936473-10936869	2	-151	NA	NA	NA	NA	
1384	chr19:11160756-11161231	4	NA	NA	NA	63	NA	
1385	chr19:11368092-11368804	2	-12	NA	NA	NA	NA	
1386	chr19:11514145-11514713	3	NA	-162	NA	NA	NA	
1387	chr19:11656917-11657595	2	-174	NA	NA	NA	NA	
1388	chr19:11835003-11835719	1	NA	NA	NA	NA	NA	
1389	chr19:12031648-12032168	1	NA	NA	NA	NA	NA	
1390	chr19:12093624-12094215	2	63	NA	-101	NA	NA	
1391	chr19:12608403-12609419	2	-164	NA	NA	NA	NA	
1392	chr19:12864258-12865153	3	NA	40	NA	NA	NA	
1393	chr19:12879865-12880499	1	NA	NA	NA	NA	NA	
1394	chr19:12886720-12887363	1	NA	NA	NA	NA	NA	
1395	chr19:17046159-17046945	3	NA	-99	NA	NA	NA	
1396	chr19:20477118-20477846	2	50	NA	NA	NA	NA	
1397	chr19:23390324-23390823	1	NA	NA	NA	NA	NA	
1398	chr19:23424519-23424768	1	NA	NA	NA	NA	NA	
1399	chr19:24403462-24403691	2	87	NA	155	NA	NA	
1400	chr19:24593485-24594034	1	NA	NA	NA	NA	NA	
1401	chr19:24967305-24967707	1	NA	NA	NA	NA	NA	
1402	chr19:25089940-25090240	2	89	NA	NA	NA	NA	
1403	chr19:25378091-25378735	1	NA	NA	NA	NA	NA	
1404	chr19:25427664-25428234	3	NA	-134	NA	NA	NA	
1405	chr19:27058580-27059105	2	-45	NA	NA	NA	NA	
1406	chr19:27073546-27074135	2	12	NA	NA	NA	NA	
1407	chr19:28753154-28753497	4	NA	NA	NA	NA	-92	
1408	chr19:29213701-29214149	2	150	NA	NA	NA	NA	
1409	chr19:29519371-29520503	2	-185	NA	NA	NA	NA	
1410	chr19:30098239-30098787	2	-134	NA	NA	166	NA	
1411	chr19:30437748-30438377	2	-75	NA	NA	NA	NA	
1412	chr19:31276521-31276800	3	NA	-116	NA	NA	NA	
1413	chr19:32214703-32215196	1	NA	NA	NA	NA	NA	
1414	chr19:32341473-32342023	2	-115	NA	NA	NA	NA	
1415	chr19:32563364-32563969	4	NA	NA	NA	NA	174	
1416	chr19:33040903-33041399	1	NA	NA	NA	NA	NA	
1417	chr19:33064641-33065171	2	1	NA	NA	NA	NA	
1418	chr19:33147344-33147990	2	-155	NA	NA	NA	NA	
1419	chr19:33296671-33297336	3	NA	-84	NA	NA	NA	
1420	chr19:33432296-33433692	1	NA	NA	NA	NA	NA	
1421	chr19:34185976-34186574	2	-99	NA	-87	NA	NA	
1422	chr19:34549693-34549952	3	NA	67	NA	NA	NA	
1423	chr19:36589344-36590037	2	154	NA	NA	NA	NA	
1424	chr19:36604506-36604960	2	86	NA	NA	NA	NA	
1425	chr19:36637571-36638062	2	-118	NA	NA	NA	NA	
1426	chr19:36991730-36992384	1	NA	NA	NA	NA	NA	
1427	chr19:38118668-38119419	1	NA	NA	NA	NA	NA	
1428	chr19:38466411-38466875	2	-1	NA	NA	NA	NA	
1429	chr19:39003070-39003433	1	NA	NA	NA	NA	NA	
1430	chr19:41075476-41076027	4	NA	NA	-12	NA	NA	
1431	chr19:42258146-42258548	4	NA	NA	NA	-46	NA	
1432	chr19:42576714-42577274	2	35	NA	NA	NA	NA	
1433	chr19:43473757-43474304	2	-93	NA	NA	NA	NA	
1434	chr19:43594388-43594757	1	NA	NA	NA	NA	NA	
1435	chr19:43653468-43653906	1	NA	NA	NA	NA	NA	
1436	chr19:44337896-44338507	2	113	NA	NA	NA	NA	
1437	chr19:44363957-44364386	3	NA	-181	NA	NA	NA	
1438	chr19:44566119-44566476	1	NA	NA	NA	NA	NA	
1439	chr19:45117197-45117607	2	-163	NA	NA	NA	NA	
1440	chr19:45526297-45526852	4	NA	NA	69	NA	NA	
1441	chr19:45705973-45706488	3	NA	-55	NA	NA	NA	
1442	chr19:46050613-46050970	2	-95	NA	NA	NA	NA	
1443	chr19:46524387-46524794	2	-113	NA	NA	NA	NA	
1444	chr19:46909981-46910564	2	-117	NA	NA	NA	NA	
1445	chr19:47972097-47972365	4	NA	NA	111	93	NA	
1446	chr19:53496398-53496849	2	22	NA	NA	NA	NA	
1447	chr19:54100660-54101156	2	-28	NA	NA	NA	NA	
1448	chr19:54750840-54751332	1	NA	NA	NA	NA	NA	
1449	chr19:55153612-55154171	2	71	NA	NA	NA	NA	
1450	chr19:55461980-55462559	2	-74	NA	NA	NA	NA	
1451	chr19:55936028-55936536	1	NA	NA	NA	NA	NA	
1452	chr19:56254299-56254563	2	179	NA	NA	NA	NA	
1453	chr19:58206775-58207237	2	-16	NA	NA	NA	NA	
1454	chr19:58349817-58350238	2	106	NA	NA	NA	NA	
1455	chr19:58429915-58430594	2	100	NA	NA	NA	NA	
1456	chr19:58438672-58439210	2	-79	NA	NA	NA	NA	
1457	chr19:58465980-58466536	2	-152	NA	NA	NA	NA	
1458	chr19:59301737-59301993	3	NA	145	NA	NA	NA	
1459	chr19:59454572-59454895	3	NA	-70	11	NA	NA	
1460	chr19:60413278-60413640	1	NA	NA	NA	NA	NA	
1461	chr2:3250933-3251361	1	NA	NA	NA	NA	NA	
1462	chr2:3590516-3590962	1	NA	NA	NA	NA	NA	
1463	chr2:3622405-3623023	4	NA	NA	NA	NA	108	
1464	chr2:5532324-5532708	1	NA	NA	NA	NA	NA	
1465	chr2:5635494-5635881	3	NA	-102	70	NA	NA	
1466	chr2:6308721-6309263	1	NA	NA	NA	NA	NA	
1467	chr2:6637572-6638521	1	NA	NA	NA	NA	NA	
1468	chr2:9034312-9035212	3	NA	-98	NA	NA	NA	
1469	chr2:9482232-9482895	1	NA	NA	NA	NA	NA	
1470	chr2:9510256-9510778	2	93	NA	-166	NA	NA	
1471	chr2:9749140-9749583	2	-58	NA	NA	NA	NA	
1472	chr2:9915510-9915901	1	NA	NA	NA	NA	NA	
1473	chr2:9929399-9929948	2	-49	NA	NA	NA	NA	
1474	chr2:11110863-11111667	2	-97	NA	NA	NA	NA	
1475	chr2:11561128-11561799	1	NA	NA	NA	NA	NA	
1476	chr2:11580507-11581162	3	NA	85	NA	NA	NA	
1477	chr2:12802963-12803425	1	NA	NA	NA	NA	NA	
1478	chr2:12989126-12989464	1	NA	NA	NA	NA	NA	
1479	chr2:13215282-13216063	3	NA	127	NA	NA	NA	
1480	chr2:13353278-13354370	1	NA	NA	NA	NA	NA	
1481	chr2:14050408-14050926	4	NA	NA	-185	NA	NA	
1482	chr2:14574704-14575492	2	47	NA	NA	NA	NA	
1483	chr2:14878830-14879332	2	119	NA	NA	NA	NA	
1484	chr2:17281326-17282046	3	NA	81	NA	NA	NA	
1485	chr2:18442106-18442624	1	NA	NA	NA	NA	NA	
1486	chr2:18815611-18815957	2	46	NA	-189	NA	NA	
1487	chr2:18877238-18877886	4	NA	NA	144	NA	NA	
1488	chr2:19518772-19519303	2	-126	NA	NA	NA	NA	
1489	chr2:21122874-21123318	2	-159	NA	NA	NA	NA	
1490	chr2:21134079-21134402	3	NA	84	NA	NA	NA	
1491	chr2:22440208-22441139	2	127	NA	NA	NA	NA	
1492	chr2:25563579-25563871	1	NA	NA	NA	NA	NA	
1493	chr2:26271436-26271999	1	NA	NA	NA	NA	NA	
1494	chr2:26282837-26283429	2	-68	NA	NA	NA	NA	
1495	chr2:26560763-26561439	4	NA	NA	NA	NA	61	
1496	chr2:26575173-26575741	4	NA	NA	NA	NA	-181	
1497	chr2:26860750-26861217	2	-88	NA	NA	NA	NA	
1498	chr2:28367916-28368438	4	NA	NA	-104	NA	NA	
1499	chr2:29494499-29495092	4	NA	NA	129	NA	NA	
1500	chr2:29671626-29672101	1	NA	NA	NA	NA	NA	
1501	chr2:30416650-30417208	3	NA	148	NA	NA	NA	
1502	chr2:31061285-31061829	1	NA	NA	NA	NA	NA	
1503	chr2:31772910-31773392	3	NA	89	NA	NA	NA	
1504	chr2:31885414-31886046	3	NA	128	NA	NA	NA	
1505	chr2:32185367-32185814	1	NA	NA	NA	NA	NA	
1506	chr2:32245304-32245736	2	-136	NA	NA	NA	NA	
1507	chr2:32286146-32286739	2	49	NA	NA	NA	NA	
1508	chr2:32317201-32317642	2	41	NA	140	NA	NA	
1509	chr2:32516150-32516503	3	NA	-32	NA	NA	NA	
1510	chr2:32599453-32599851	2	38	NA	NA	NA	NA	
1511	chr2:33225799-33226156	3	NA	-42	NA	NA	NA	
1512	chr2:33570611-33571047	1	NA	NA	NA	NA	NA	
1513	chr2:34783640-34784154	1	NA	NA	NA	NA	NA	
1514	chr2:34948221-34948539	2	98	NA	NA	NA	NA	
1515	chr2:35094729-35095324	1	NA	NA	NA	NA	NA	
1516	chr2:35150449-35151544	1	NA	NA	NA	NA	NA	
1517	chr2:35244374-35244856	2	50	NA	NA	NA	NA	
1518	chr2:35803724-35804312	3	NA	163	NA	NA	NA	
1519	chr2:37593626-37594265	4	NA	NA	NA	-139	NA	
1520	chr2:38293674-38294249	1	NA	NA	NA	NA	NA	
1521	chr2:38358412-38358716	4	NA	NA	NA	-96	NA	
1522	chr2:38673701-38674350	1	NA	NA	NA	NA	NA	
1523	chr2:38827519-38827987	1	NA	NA	NA	NA	NA	
1524	chr2:43549638-43550192	3	NA	153	NA	NA	NA	
1525	chr2:43620298-43621197	4	NA	NA	NA	81	NA	
1526	chr2:46124520-46125340	4	NA	NA	NA	-94	NA	
1527	chr2:48294991-48295534	1	NA	NA	NA	NA	NA	
1528	chr2:49595025-49595531	1	NA	NA	NA	NA	NA	
1529	chr2:49610676-49611135	2	-84	NA	NA	NA	NA	
1530	chr2:49667953-49668578	1	NA	NA	NA	NA	NA	
1531	chr2:51734052-51734329	1	NA	NA	NA	NA	NA	
1532	chr2:52132814-52133296	1	NA	NA	NA	NA	NA	
1533	chr2:52801108-52801762	1	NA	NA	NA	NA	NA	
1534	chr2:57180603-57181256	2	50	NA	-13	NA	NA	
1535	chr2:57968749-57969619	1	NA	NA	NA	NA	NA	
1536	chr2:58971654-58972037	2	33	NA	NA	NA	NA	
1537	chr2:59270419-59271225	3	NA	126	NA	NA	NA	
1538	chr2:60231689-60232220	3	NA	-45	NA	NA	NA	
1539	chr2:60503103-60503670	1	NA	NA	NA	NA	NA	
1540	chr2:60575277-60575901	2	-134	NA	NA	NA	NA	
1541	chr2:60646117-60646618	2	-159	NA	NA	NA	NA	
1542	chr2:60724481-60725144	2	59	NA	NA	NA	NA	
1543	chr2:60853304-60853717	1	NA	NA	NA	NA	NA	
1544	chr2:60938355-60938790	3	NA	184	NA	NA	NA	
1545	chr2:61178952-61179401	1	NA	NA	NA	NA	NA	
1546	chr2:62152858-62153490	1	NA	NA	NA	NA	NA	
1547	chr2:62274380-62274939	2	-106	NA	NA	NA	NA	
1548	chr2:65148224-65148625	3	NA	-108	NA	NA	NA	
1549	chr2:65845558-65846235	2	106	NA	NA	NA	NA	
1550	chr2:65949569-65950128	4	NA	NA	-105	NA	NA	
1551	chr2:68231179-68231770	3	NA	-33	NA	NA	NA	
1552	chr2:68594290-68594862	1	NA	NA	NA	NA	NA	
1553	chr2:68738036-68738524	4	NA	NA	170	NA	NA	
1554	chr2:68760233-68760717	2	-102	NA	NA	NA	NA	
1555	chr2:70675806-70676541	2	73	NA	-99	NA	NA	
1556	chr2:70833020-70833719	3	NA	114	NA	NA	NA	
1557	chr2:70932847-70933421	2	74	NA	-57	NA	NA	
1558	chr2:71094351-71094746	2	29	NA	NA	NA	NA	
1559	chr2:71140701-71141181	3	NA	135	NA	NA	NA	
1560	chr2:71160868-71161464	1	NA	NA	NA	NA	NA	
1561	chr2:71327145-71327709	2	-92	NA	NA	NA	NA	
1562	chr2:72202283-72202799	2	-10	NA	NA	NA	NA	
1563	chr2:72293564-72294381	1	NA	NA	NA	NA	NA	
1564	chr2:73839569-73840042	1	NA	NA	NA	NA	NA	
1565	chr2:74051885-74052136	1	NA	NA	NA	NA	NA	
1566	chr2:74873677-74874592	2	133	NA	NA	NA	NA	
1567	chr2:75385141-75385729	2	111	NA	67	NA	NA	
1568	chr2:75389226-75389916	1	NA	NA	NA	NA	NA	
1569	chr2:75401214-75401948	4	NA	NA	NA	-14	NA	
1570	chr2:75785966-75786527	1	NA	NA	NA	NA	NA	
1571	chr2:75922909-75923701	2	69	NA	NA	NA	NA	
1572	chr2:76038820-76039371	2	-90	NA	-29	NA	NA	
1573	chr2:78985652-78986426	3	NA	61	NA	NA	NA	
1574	chr2:79038665-79039512	3	NA	186	NA	NA	NA	
1575	chr2:79050409-79051340	2	-135	NA	NA	NA	NA	
1576	chr2:80068794-80069287	2	-170	NA	NA	NA	NA	
1577	chr2:83523563-83524278	2	97	NA	NA	NA	NA	
1578	chr2:83546154-83546520	1	NA	NA	NA	NA	NA	
1579	chr2:84514697-84515407	4	NA	NA	-120	NA	NA	
1580	chr2:84580067-84580679	1	NA	NA	NA	NA	NA	
1581	chr2:90365443-90365962	3	NA	-44	79	NA	NA	
1582	chr2:90384345-90384752	2	-174	NA	NA	NA	NA	
1583	chr2:92676698-92677020	3	NA	-91	NA	NA	NA	
1584	chr2:92731673-92732273	2	-178	NA	-60	NA	NA	
1585	chr2:93565954-93566645	1	NA	NA	NA	NA	NA	
1586	chr2:93650994-93651465	1	NA	NA	NA	NA	NA	
1587	chr2:101273452-101273944	4	NA	NA	NA	-102	NA	
1588	chr2:101352105-101353033	1	NA	NA	NA	NA	NA	
1589	chr2:101424519-101425296	1	NA	NA	NA	NA	NA	
1590	chr2:101437830-101438617	3	NA	117	NA	NA	NA	
1591	chr2:101472721-101473182	1	NA	NA	NA	NA	NA	
1592	chr2:102652934-102653264	3	NA	131	NA	NA	NA	
1593	chr2:102849788-102850193	3	NA	-15	NA	NA	NA	
1594	chr2:103409971-103410538	4	NA	NA	129	NA	NA	
1595	chr2:103436390-103436863	2	-139	NA	NA	NA	NA	
1596	chr2:103672012-103672376	2	-125	NA	NA	NA	NA	
1597	chr2:103703118-103703641	4	NA	NA	-42	NA	NA	
1598	chr2:104326262-104326998	4	NA	NA	NA	66	NA	
1599	chr2:104618269-104619016	2	172	NA	NA	NA	NA	
1600	chr2:117034215-117034522	2	-116	NA	NA	NA	NA	
1601	chr2:117090439-117091592	1	NA	NA	NA	NA	NA	
1602	chr2:117108897-117109575	2	-77	NA	NA	NA	NA	
1603	chr2:118027790-118028113	3	NA	-84	NA	NA	NA	
1604	chr2:118329583-118330137	1	NA	NA	NA	NA	NA	
1605	chr2:118350886-118351414	1	NA	NA	NA	NA	NA	
1606	chr2:118438944-118439387	2	-26	NA	NA	NA	NA	
1607	chr2:118942057-118942785	3	NA	-148	NA	NA	NA	
1608	chr2:119078534-119079215	1	NA	NA	NA	NA	NA	
1609	chr2:120041889-120042333	1	NA	NA	NA	NA	NA	
1610	chr2:120114905-120115675	4	NA	NA	NA	NA	12	
1611	chr2:120401349-120402237	1	NA	NA	NA	NA	NA	
1612	chr2:121998457-121999037	4	NA	NA	NA	77	NA	
1613	chr2:122444986-122445508	1	NA	NA	NA	NA	NA	
1614	chr2:122480990-122481580	4	NA	NA	NA	109	NA	
1615	chr2:125427046-125427765	2	-39	NA	NA	NA	NA	
1616	chr2:125468504-125469145	1	NA	NA	NA	NA	NA	
1617	chr2:125639394-125640046	1	NA	NA	NA	NA	NA	
1618	chr2:126174688-126175111	3	NA	61	-13	NA	NA	
1619	chr2:126995663-126995983	1	NA	NA	NA	NA	NA	
1620	chr2:127775087-127775501	2	147	NA	NA	NA	NA	
1621	chr2:127895194-127896081	3	NA	168	NA	NA	NA	
1622	chr2:128236194-128236666	1	NA	NA	NA	NA	NA	
1623	chr2:128389258-128389744	2	-62	NA	NA	NA	NA	
1624	chr2:130450854-130451278	2	-115	NA	NA	NA	NA	
1625	chr2:131114111-131114628	3	NA	85	NA	NA	NA	
1626	chr2:131537915-131538572	2	-69	NA	NA	NA	NA	
1627	chr2:131661897-131662433	3	NA	160	NA	NA	NA	
1628	chr2:131665953-131666402	1	NA	NA	NA	NA	NA	
1629	chr2:131681038-131681329	2	-82	NA	NA	NA	NA	
1630	chr2:132071048-132071430	3	NA	-46	NA	NA	NA	
1631	chr2:132299088-132299513	3	NA	-161	NA	NA	NA	
1632	chr2:139743038-139743579	2	28	NA	NA	NA	NA	
1633	chr2:146040370-146040800	1	NA	NA	NA	NA	NA	
1634	chr2:147070283-147070929	2	-17	NA	-88	NA	NA	
1635	chr2:147074592-147075047	1	NA	NA	NA	NA	NA	
1636	chr2:148346314-148346848	2	60	NA	NA	NA	NA	
1637	chr2:148974585-148975126	1	NA	NA	NA	NA	NA	
1638	chr2:149802892-149803504	2	-11	NA	NA	NA	NA	
1639	chr2:152547795-152548481	2	-135	NA	NA	NA	NA	
1640	chr2:152917215-152917749	3	NA	93	NA	NA	NA	
1641	chr2:153217125-153217648	2	-111	NA	NA	NA	NA	
1642	chr2:154156447-154156930	2	-144	NA	NA	NA	NA	
1643	chr2:154243944-154244272	1	NA	NA	NA	NA	NA	
1644	chr2:154306358-154306706	1	NA	NA	NA	NA	NA	
1645	chr2:154483691-154484391	2	79	NA	NA	NA	NA	
1646	chr2:154546558-154547388	2	29	NA	NA	NA	NA	
1647	chr2:154734310-154734689	1	NA	NA	NA	NA	NA	
1648	chr2:155245930-155246734	1	NA	NA	NA	NA	NA	
1649	chr2:155377420-155377961	3	NA	-122	NA	NA	NA	
1650	chr2:156547768-156548185	4	NA	NA	NA	-96	NA	
1651	chr2:156838705-156839454	3	NA	-68	NA	NA	NA	
1652	chr2:157964674-157965119	1	NA	NA	NA	NA	NA	
1653	chr2:158100486-158101053	2	-143	NA	NA	NA	NA	
1654	chr2:159694884-159695396	1	NA	NA	NA	NA	NA	
1655	chr2:160432961-160433312	1	NA	NA	NA	NA	NA	
1656	chr2:160520493-160520997	1	NA	NA	NA	NA	NA	
1657	chr2:162920450-162921060	3	NA	86	NA	NA	NA	
1658	chr2:162944785-162945342	2	171	NA	132	NA	NA	
1659	chr2:163103215-163103734	1	NA	NA	NA	NA	NA	
1660	chr2:164461550-164461975	1	NA	NA	NA	NA	NA	
1661	chr2:165012762-165013237	3	NA	136	69	NA	NA	
1662	chr2:165200727-165201309	1	NA	NA	NA	NA	NA	
1663	chr2:166347651-166348314	4	NA	NA	182	-98	NA	
1664	chr2:167325734-167326198	3	NA	27	NA	NA	NA	
1665	chr2:167414810-167415211	2	-177	NA	NA	NA	NA	
1666	chr2:167578948-167579407	2	174	NA	NA	NA	NA	
1667	chr2:168286832-168287272	1	NA	NA	NA	NA	NA	
1668	chr2:169356770-169357144	2	-69	NA	NA	NA	NA	
1669	chr2:169817575-169817925	3	NA	-64	NA	NA	NA	
1670	chr2:169865141-169865866	3	NA	-42	NA	NA	NA	
1671	chr2:169884332-169884742	3	NA	114	NA	NA	NA	
1672	chr2:169982687-169983349	1	NA	NA	NA	NA	NA	
1673	chr2:172121086-172121557	2	-169	NA	NA	NA	NA	
1674	chr2:172141767-172142361	3	NA	130	NA	NA	NA	
1675	chr2:172570627-172570869	4	NA	NA	128	NA	NA	
1676	chr2:172792841-172793235	1	NA	NA	NA	NA	NA	
1677	chr2:172793524-172793747	1	NA	NA	NA	NA	NA	
1678	chr2:172872397-172872960	1	NA	NA	NA	NA	NA	
1679	chr2:173098936-173099301	1	NA	NA	NA	NA	NA	
1680	chr2:181846602-181847546	2	52	NA	NA	NA	NA	
1681	chr3:6032245-6032550	1	NA	NA	NA	NA	NA	
1682	chr3:8229262-8229742	3	NA	188	NA	NA	NA	
1683	chr3:8749551-8750172	2	-65	NA	NA	NA	NA	
1684	chr3:9615999-9616905	2	49	NA	NA	NA	NA	
1685	chr3:9848382-9848979	2	-73	NA	NA	NA	NA	
1686	chr3:10272388-10272704	2	71	NA	NA	NA	NA	
1687	chr3:10287146-10287820	3	NA	-11	NA	NA	NA	
1688	chr3:19603026-19603574	1	NA	NA	NA	NA	NA	
1689	chr3:19853935-19854425	3	NA	-46	NA	NA	NA	
1690	chr3:20414659-20415541	3	NA	-143	NA	NA	NA	
1691	chr3:20435753-20436538	3	NA	-36	NA	NA	NA	
1692	chr3:22130615-22131217	1	NA	NA	NA	NA	NA	
1693	chr3:27384652-27385139	2	-141	NA	NA	NA	NA	
1694	chr3:28515447-28516085	2	-121	NA	NA	NA	NA	
1695	chr3:28754005-28754371	3	NA	-146	NA	NA	NA	
1696	chr3:30153473-30154121	1	NA	NA	NA	NA	NA	
1697	chr3:31289413-31290224	4	NA	NA	NA	NA	-136	
1698	chr3:32590048-32590498	2	177	NA	NA	NA	NA	
1699	chr3:36971614-36972045	3	NA	-95	NA	NA	NA	
1700	chr3:37053473-37054318	1	NA	NA	NA	NA	NA	
1701	chr3:37916254-37916636	1	NA	NA	NA	NA	NA	
1702	chr3:37951998-37952452	3	NA	-99	NA	NA	NA	
1703	chr3:38299838-38300341	1	NA	NA	NA	NA	NA	
1704	chr3:41513691-41514192	1	NA	NA	NA	NA	NA	
1705	chr3:51496986-51497500	1	NA	NA	NA	NA	NA	
1706	chr3:51666180-51666716	2	-33	NA	NA	NA	NA	
1707	chr3:51948839-51949240	3	NA	-64	NA	NA	NA	
1708	chr3:52095833-52096383	3	NA	-49	NA	NA	NA	
1709	chr3:52285964-52286552	1	NA	NA	NA	NA	NA	
1710	chr3:52485818-52486301	3	NA	57	NA	NA	NA	
1711	chr3:52546352-52547026	2	-77	NA	62	NA	NA	
1712	chr3:52928111-52928713	2	-42	NA	NA	NA	NA	
1713	chr3:52944297-52944915	1	NA	NA	NA	NA	NA	
1714	chr3:52966208-52966631	3	NA	-148	-77	NA	NA	
1715	chr3:55167703-55168620	2	88	NA	NA	NA	NA	
1716	chr3:55831480-55832277	3	NA	-164	-128	NA	NA	
1717	chr3:59126055-59126544	1	NA	NA	NA	NA	NA	
1718	chr3:59188929-59189472	3	NA	-132	NA	NA	NA	
1719	chr3:59218343-59219030	1	NA	NA	NA	NA	NA	
1720	chr3:59529071-59529542	3	NA	126	NA	NA	NA	
1721	chr3:59790434-59790894	2	171	NA	NA	NA	NA	
1722	chr3:60689260-60690275	4	NA	NA	NA	-100	NA	
1723	chr3:60704066-60704550	4	NA	NA	NA	NA	-114	
1724	chr3:61120088-61120557	3	NA	-38	NA	NA	NA	
1725	chr3:61497508-61497954	1	NA	NA	NA	NA	NA	
1726	chr3:64049124-64049770	2	-29	NA	NA	NA	NA	
1727	chr3:66026117-66026664	1	NA	NA	NA	NA	NA	
1728	chr3:66092398-66092852	4	NA	NA	-115	87	NA	
1729	chr3:69062489-69063163	3	NA	-35	NA	NA	NA	
1730	chr3:69293716-69294286	4	NA	NA	95	NA	NA	
1731	chr3:69444794-69445125	2	2	NA	NA	NA	NA	
1732	chr3:79125418-79125988	4	NA	NA	NA	NA	-156	
1733	chr3:79213701-79214278	3	NA	103	NA	NA	NA	
1734	chr3:79258152-79258647	3	NA	-180	NA	NA	NA	
1735	chr3:79332234-79332768	3	NA	-71	NA	NA	NA	
1736	chr3:84128420-84129088	2	8	NA	NA	NA	NA	
1737	chr3:84894734-84895237	3	NA	-108	NA	NA	NA	
1738	chr3:84934706-84935347	3	NA	59	NA	NA	NA	
1739	chr3:85022067-85022699	1	NA	NA	NA	NA	NA	
1740	chr3:86947231-86947952	2	-69	NA	NA	NA	NA	
1741	chr3:87609726-87610127	1	NA	NA	NA	NA	NA	
1742	chr3:87615522-87615957	1	NA	NA	NA	NA	NA	
1743	chr3:87932012-87932394	3	NA	142	NA	NA	NA	
1744	chr3:88626450-88626899	3	NA	89	NA	NA	NA	
1745	chr3:89015218-89016033	1	NA	NA	NA	NA	NA	
1746	chr3:89377690-89378027	2	-66	NA	NA	NA	NA	
1747	chr3:89482093-89482646	1	NA	NA	NA	NA	NA	
1748	chr3:89958090-89958836	4	NA	NA	167	NA	NA	
1749	chr3:93633825-93634197	1	NA	NA	NA	NA	NA	
1750	chr3:94454099-94454670	1	NA	NA	NA	NA	NA	
1751	chr3:94952561-94953115	3	NA	66	NA	NA	NA	
1752	chr3:95295893-95296576	1	NA	NA	NA	NA	NA	
1753	chr3:95313082-95313659	1	NA	NA	NA	NA	NA	
1754	chr3:96642127-96642848	1	NA	NA	NA	NA	NA	
1755	chr3:96665224-96666039	2	-139	NA	NA	NA	NA	
1756	chr3:96832142-96832689	4	NA	NA	-93	108	NA	
1757	chr3:97057517-97057933	3	NA	-180	NA	NA	NA	
1758	chr3:97296430-97297198	2	175	NA	95	NA	NA	
1759	chr3:98139625-98140135	1	NA	NA	NA	NA	NA	
1760	chr3:101631091-101631482	4	NA	NA	NA	136	NA	
1761	chr3:101734640-101735265	2	-117	NA	NA	NA	NA	
1762	chr3:102874179-102874564	2	-87	NA	NA	NA	NA	
1763	chr3:103907934-103908589	1	NA	NA	NA	NA	NA	
1764	chr3:104745109-104745609	3	NA	99	NA	NA	NA	
1765	chr3:104771984-104772763	1	NA	NA	NA	NA	NA	
1766	chr3:105756012-105756745	1	NA	NA	NA	NA	NA	
1767	chr3:105896499-105897552	2	-23	NA	NA	NA	NA	
1768	chr3:106063927-106064328	1	NA	NA	NA	NA	NA	
1769	chr3:106243249-106243629	1	NA	NA	NA	NA	NA	
1770	chr3:106916493-106917618	1	NA	NA	NA	NA	NA	
1771	chr3:107169102-107169674	4	NA	NA	-92	NA	NA	
1772	chr3:107208639-107209452	4	NA	NA	NA	NA	42	
1773	chr3:107228054-107228487	1	NA	NA	NA	NA	NA	
1774	chr3:107321237-107321749	2	7	NA	NA	NA	NA	
1775	chr3:107924576-107925068	3	NA	-107	NA	NA	NA	
1776	chr3:108269621-108270322	1	NA	NA	NA	NA	NA	
1777	chr3:109081201-109081510	4	NA	NA	NA	NA	-140	
1778	chr3:109109389-109109998	1	NA	NA	NA	NA	NA	
1779	chr3:109138961-109139408	2	123	NA	NA	NA	NA	
1780	chr3:109324337-109324795	2	116	NA	NA	NA	NA	
1781	chr3:109480172-109480867	1	NA	NA	NA	NA	NA	
1782	chr3:109499663-109500296	1	NA	NA	NA	NA	NA	
1783	chr3:109533850-109534319	2	-124	NA	NA	NA	NA	
1784	chr3:119747290-119747814	1	NA	NA	NA	NA	NA	
1785	chr3:121436038-121436456	3	NA	53	NA	NA	NA	
1786	chr3:121539722-121540571	1	NA	NA	NA	NA	NA	
1787	chr3:121709775-121710218	1	NA	NA	NA	NA	NA	
1788	chr3:121794852-121795464	3	NA	4	NA	NA	NA	
1789	chr3:122759207-122759811	1	NA	NA	NA	NA	NA	
1790	chr3:126642775-126643266	1	NA	NA	NA	NA	NA	
1791	chr3:126682923-126683485	1	NA	NA	NA	NA	NA	
1792	chr3:126821513-126821978	2	80	NA	NA	NA	NA	
1793	chr3:126826570-126827322	2	185	NA	-146	NA	NA	
1794	chr3:127450336-127450761	3	-94	-29	NA	NA	NA	
1795	chr3:127755026-127756035	1	NA	NA	NA	NA	NA	
1796	chr3:127854749-127855525	1	NA	NA	NA	NA	NA	
1797	chr3:127933755-127934174	2	70	NA	NA	NA	NA	
1798	chr3:128080388-128080946	3	NA	-58	NA	NA	NA	
1799	chr3:129914591-129915117	3	NA	39	NA	NA	NA	
1800	chr3:130046902-130047400	2	-73	NA	NA	NA	NA	
1801	chr3:130985896-130986462	1	NA	NA	NA	NA	NA	
1802	chr3:135505701-135506190	3	NA	99	NA	NA	NA	
1803	chr3:135619022-135619627	2	31	NA	NA	NA	NA	
1804	chr3:135656491-135657040	2	-62	NA	83	NA	NA	
1805	chr3:136469029-136469389	2	-167	NA	NA	NA	NA	
1806	chr3:136693126-136693642	4	NA	NA	-49	NA	NA	
1807	chr3:137917615-137918116	2	5	NA	NA	NA	NA	
1808	chr3:138271640-138272073	2	92	NA	NA	NA	NA	
1809	chr3:139062260-139062826	3	NA	69	NA	NA	NA	
1810	chr3:141716370-141716963	2	140	NA	NA	NA	NA	
1811	chr3:142236562-142237070	2	-137	NA	NA	NA	NA	
1812	chr3:142850565-142850982	1	NA	NA	NA	NA	NA	
1813	chr3:142954204-142954637	2	-23	NA	NA	NA	NA	
1814	chr3:143089039-143089562	1	NA	NA	NA	NA	NA	
1815	chr3:143620771-143621450	1	NA	NA	NA	NA	NA	
1816	chr3:143840679-143841080	4	NA	NA	-151	NA	NA	
1817	chr3:144198115-144198764	1	NA	NA	NA	NA	NA	
1818	chr3:145475585-145476023	3	NA	-163	NA	NA	NA	
1819	chr3:146620439-146620793	3	NA	-167	NA	NA	NA	
1820	chr3:146623563-146624218	2	153	NA	NA	NA	NA	
1821	chr3:146636230-146636768	1	NA	NA	NA	NA	NA	
1822	chr3:148447622-148448351	2	-61	NA	NA	NA	NA	
1823	chr3:149422736-149423303	1	NA	NA	NA	NA	NA	
1824	chr3:152141555-152142385	2	183	NA	NA	NA	NA	
1825	chr3:153801754-153802285	3	NA	121	NA	NA	NA	
1826	chr3:154265712-154266161	3	NA	-154	NA	NA	NA	
1827	chr3:157873751-157874448	1	NA	NA	NA	NA	NA	
1828	chr4:6219400-6220187	3	NA	-12	NA	NA	NA	
1829	chr4:6828805-6829797	2	143	NA	NA	NA	NA	
1830	chr4:7375546-7376241	2	-176	NA	NA	NA	NA	
1831	chr4:8517957-8518350	4	NA	NA	NA	NA	-24	
1832	chr4:9364174-9364952	1	NA	NA	NA	NA	NA	
1833	chr4:9786213-9786647	2	-135	NA	67	NA	NA	
1834	chr4:10697062-10697514	2	122	NA	NA	NA	NA	
1835	chr4:11086018-11086604	2	172	NA	NA	NA	NA	
1836	chr4:11548654-11549101	1	NA	NA	NA	NA	NA	
1837	chr4:15200082-15200798	1	NA	NA	NA	NA	NA	
1838	chr4:22569017-22569392	1	NA	NA	NA	NA	NA	
1839	chr4:32300421-32300942	4	NA	NA	125	NA	NA	
1840	chr4:32586689-32587043	1	NA	NA	NA	NA	NA	
1841	chr4:32616480-32617100	3	NA	61	NA	NA	NA	
1842	chr4:32619944-32620659	4	NA	NA	-50	NA	NA	
1843	chr4:33197952-33198359	4	NA	NA	NA	182	NA	
1844	chr4:33360651-33361083	1	NA	NA	NA	NA	NA	
1845	chr4:35286714-35287191	1	NA	NA	NA	NA	NA	
1846	chr4:41026364-41027140	4	NA	NA	NA	60	NA	
1847	chr4:41027811-41028449	4	NA	NA	NA	NA	91	
1848	chr4:41065115-41065804	1	NA	NA	NA	NA	NA	
1849	chr4:43525214-43525865	2	147	NA	NA	NA	NA	
1850	chr4:44994669-44995006	1	NA	NA	NA	NA	NA	
1851	chr4:45607411-45607785	3	NA	54	NA	NA	NA	
1852	chr4:45709316-45709835	4	NA	NA	NA	-64	NA	
1853	chr4:46172828-46173274	3	NA	-44	NA	NA	NA	
1854	chr4:46309946-46310335	3	NA	12	NA	NA	NA	
1855	chr4:46409695-46410334	1	NA	NA	NA	NA	NA	
1856	chr4:46463415-46463980	1	NA	NA	NA	NA	NA	
1857	chr4:47340581-47341077	2	-156	NA	NA	NA	NA	
1858	chr4:47446258-47446840	3	NA	-90	NA	NA	NA	
1859	chr4:47540910-47541220	4	NA	NA	-75	NA	NA	
1860	chr4:47585434-47585876	1	NA	NA	NA	NA	NA	
1861	chr4:47834778-47835137	2	73	NA	40	NA	NA	
1862	chr4:48063343-48063878	1	NA	NA	NA	NA	NA	
1863	chr4:49187060-49187470	1	NA	NA	NA	NA	NA	
1864	chr4:53299152-53300141	1	NA	NA	NA	NA	NA	
1865	chr4:54646944-54647324	3	NA	90	NA	NA	NA	
1866	chr4:57068343-57068819	1	NA	NA	NA	NA	NA	
1867	chr4:57145369-57145811	1	NA	NA	NA	NA	NA	
1868	chr4:57891979-57892374	1	NA	NA	NA	NA	NA	
1869	chr4:57995252-57995552	2	128	NA	NA	NA	NA	
1870	chr4:59418190-59418711	3	NA	36	NA	NA	NA	
1871	chr4:59535905-59536301	1	NA	NA	NA	NA	NA	
1872	chr4:59972678-59973183	1	NA	NA	NA	NA	NA	
1873	chr4:61893737-61894155	1	NA	NA	NA	NA	NA	
1874	chr4:62708706-62709218	1	NA	NA	NA	NA	NA	
1875	chr4:62818365-62819022	1	NA	NA	NA	NA	NA	
1876	chr4:63190603-63191066	2	-88	NA	NA	NA	NA	
1877	chr4:69864404-69864710	1	NA	NA	NA	NA	NA	
1878	chr4:79475041-79475876	1	NA	NA	NA	NA	NA	
1879	chr4:82825932-82826370	4	NA	NA	NA	NA	105	
1880	chr4:84353583-84353978	1	NA	NA	NA	NA	NA	
1881	chr4:86357317-86358061	3	NA	68	NA	NA	NA	
1882	chr4:87486862-87487345	3	NA	56	NA	NA	NA	
1883	chr4:87505560-87506208	4	NA	NA	13	NA	NA	
1884	chr4:87516338-87516789	2	61	NA	NA	NA	NA	
1885	chr4:87689931-87690543	2	110	NA	NA	NA	NA	
1886	chr4:87741837-87742387	2	-79	NA	NA	NA	NA	
1887	chr4:94686417-94686726	1	NA	NA	NA	NA	NA	
1888	chr4:95387162-95387740	1	NA	NA	NA	NA	NA	
1889	chr4:97892514-97892750	3	NA	127	NA	NA	NA	
1890	chr4:99445705-99446285	3	NA	-129	NA	NA	NA	
1891	chr4:100665436-100666163	1	NA	NA	NA	NA	NA	
1892	chr4:102009149-102009643	2	-66	NA	NA	NA	NA	
1893	chr4:102179767-102180579	2	186	NA	NA	NA	NA	
1894	chr4:102209238-102210306	1	NA	NA	NA	NA	NA	
1895	chr4:102668396-102669017	1	NA	NA	NA	NA	NA	
1896	chr4:104629501-104630451	1	NA	NA	NA	NA	NA	
1897	chr4:104695053-104695591	3	NA	-42	NA	NA	NA	
1898	chr4:106176925-106177307	2	-33	NA	NA	NA	NA	
1899	chr4:106292124-106292546	1	NA	NA	NA	NA	NA	
1900	chr4:108085708-108086074	1	NA	NA	NA	NA	NA	
1901	chr4:108634476-108634828	1	NA	NA	NA	NA	NA	
1902	chr4:108751470-108751762	1	NA	NA	NA	NA	NA	
1903	chr4:114499349-114499964	3	NA	-118	NA	NA	NA	
1904	chr4:114609109-114609549	1	NA	NA	NA	NA	NA	
1905	chr4:115230846-115231584	2	147	NA	NA	NA	NA	
1906	chr4:115513409-115513766	4	NA	NA	-172	NA	NA	
1907	chr4:116531772-116532261	3	NA	24	NA	NA	NA	
1908	chr4:116687818-116688291	2	-177	NA	NA	NA	NA	
1909	chr4:116748429-116749114	2	-77	NA	NA	NA	NA	
1910	chr4:116975628-116976959	2	63	NA	NA	NA	NA	
1911	chr4:117297545-117297927	2	-51	NA	NA	NA	NA	
1912	chr4:118790977-118791555	2	98	NA	NA	NA	NA	
1913	chr4:119170212-119170657	1	NA	NA	NA	NA	NA	
1914	chr4:119904374-119905037	2	95	NA	NA	NA	NA	
1915	chr4:120296045-120296520	3	NA	86	NA	NA	NA	
1916	chr4:120483735-120484715	3	NA	-152	NA	NA	NA	
1917	chr4:120493322-120493822	1	NA	NA	NA	NA	NA	
1918	chr4:122375351-122375767	1	NA	NA	NA	NA	NA	
1919	chr4:122741020-122741609	2	107	NA	NA	NA	NA	
1920	chr4:123442696-123443256	3	NA	97	NA	NA	NA	
1921	chr4:124254656-124255108	2	-187	NA	NA	NA	NA	
1922	chr4:124640657-124641050	4	NA	NA	NA	NA	-61	
1923	chr4:125605726-125606369	1	NA	NA	NA	NA	NA	
1924	chr4:126045055-126045489	1	NA	NA	NA	NA	NA	
1925	chr4:128193838-128194363	1	NA	NA	NA	NA	NA	
1926	chr4:128237066-128237604	2	50	NA	NA	NA	NA	
1927	chr4:128759533-128759971	4	NA	NA	-54	-117	NA	
1928	chr4:129175964-129176386	2	-181	NA	NA	NA	NA	
1929	chr4:129296198-129296664	3	NA	-131	NA	NA	NA	
1930	chr4:129416446-129416905	2	-111	NA	NA	NA	NA	
1931	chr4:130186311-130186750	1	NA	NA	NA	NA	NA	
1932	chr4:132095670-132095945	1	NA	NA	NA	NA	NA	
1933	chr4:132115377-132115825	2	49	NA	NA	NA	NA	
1934	chr4:132983725-132984151	2	-138	NA	NA	NA	NA	
1935	chr4:133000093-133000745	4	NA	NA	-145	NA	NA	
1936	chr4:133007994-133008321	2	-49	NA	NA	NA	NA	
1937	chr4:133129226-133129648	4	NA	NA	-50	NA	NA	
1938	chr4:134408588-134409075	3	NA	105	NA	NA	NA	
1939	chr4:134426385-134426772	4	NA	NA	NA	NA	135	
1940	chr4:134708439-134708703	4	NA	NA	NA	NA	-112	
1941	chr4:134908517-134909046	2	135	NA	NA	NA	NA	
1942	chr4:135332186-135332460	3	NA	107	NA	NA	NA	
1943	chr4:135372058-135372541	3	NA	88	NA	NA	NA	
1944	chr4:135401507-135402013	1	NA	NA	NA	NA	NA	
1945	chr4:137575603-137576159	1	NA	NA	NA	NA	NA	
1946	chr4:137597229-137597585	3	NA	-180	NA	NA	NA	
1947	chr4:140202966-140203373	2	162	NA	NA	NA	NA	
