Number of sequences: 2054
Number of programs: 4
Number of motifs: 16
Motif widths: 13 12 12 15 12 12 26 12 23 12 12 12 12 12 12 12 
Program 1: total 987
 motif #1: 400 of 987 (0.405288 posterior)
 motif #2: 21 of 987 (0.021374 posterior)
 motif #3: 238 of 987 (0.241187 posterior)
 motif #4: 242 of 987 (0.245239 posterior)
 motif #5: 10 of 987 (0.010231 posterior)
 motif #6: 133 of 987 (0.134826 posterior)
 motif #7: 102 of 987 (0.103424 posterior)
 motif #8: 89 of 987 (0.090255 posterior)
 motif #9: 96 of 987 (0.097346 posterior)
 motif #10: 63 of 987 (0.063918 posterior)
 motif #11: 34 of 987 (0.034542 posterior)
 motif #12: 38 of 987 (0.038594 posterior)
 motif #13: 45 of 987 (0.045685 posterior)
 motif #14: 37 of 987 (0.037581 posterior)
 motif #15: 29 of 987 (0.029477 posterior)
 motif #16: 29 of 987 (0.029477 posterior)

Program 2: total 526

Program 3: total 334
 motif #1: 110 of 334 (0.329443 posterior)
 motif #2: 334 of 334 (0.999701 posterior)
 motif #3: 1 of 334 (0.003291 posterior)
 motif #5: 3 of 334 (0.009276 posterior)
 motif #6: 52 of 334 (0.155895 posterior)
 motif #7: 21 of 334 (0.063136 posterior)
 motif #8: 26 of 334 (0.078097 posterior)
 motif #10: 4 of 334 (0.012268 posterior)
 motif #11: 18 of 334 (0.054159 posterior)
 motif #12: 21 of 334 (0.063136 posterior)
 motif #13: 6 of 334 (0.018253 posterior)
 motif #14: 6 of 334 (0.018253 posterior)

Program 4: total 207
 motif #1: 80 of 207 (0.386583 posterior)
 motif #2: 1 of 207 (0.005309 posterior)
 motif #3: 29 of 207 (0.140444 posterior)
 motif #5: 207 of 207 (0.999517 posterior)
 motif #6: 14 of 207 (0.068050 posterior)
 motif #7: 13 of 207 (0.063224 posterior)
 motif #8: 15 of 207 (0.072876 posterior)
 motif #10: 15 of 207 (0.072876 posterior)
 motif #11: 17 of 207 (0.082529 posterior)
 motif #12: 10 of 207 (0.048745 posterior)
 motif #13: 3 of 207 (0.014961 posterior)
 motif #14: 1 of 207 (0.005309 posterior)
 motif #15: 1 of 207 (0.005309 posterior)

Motif #1
total sequences 590
A	[ 268.0	257.0	344.0	90.0	586.0	0.0	0.0	551.0	546.0	221.0	88.0	172.0	219.0	]
C	[ 78.0	100.0	51.0	309.0	-0.0	0.0	0.0	25.0	-0.0	0.0	88.0	91.0	77.0	]
G	[ 140.0	185.0	140.0	156.0	0.0	590.0	590.0	13.0	15.0	369.0	121.0	248.0	260.0	]
T	[ 104.0	48.0	55.0	35.0	4.0	0.0	0.0	1.0	29.0	-0.0	293.0	79.0	34.0	]
Motif #2
total sequences 356
A	[ 239.0	-0.0	349.0	0.0	15.0	57.0	24.0	69.0	356.0	-0.0	0.0	96.0	]
C	[ 7.0	16.0	3.0	6.0	107.0	109.0	70.0	3.0	0.0	-0.0	354.0	3.0	]
G	[ 8.0	340.0	-0.0	-0.0	91.0	111.0	5.0	-0.0	-0.0	0.0	2.0	5.0	]
T	[ 102.0	-0.0	4.0	350.0	143.0	79.0	257.0	284.0	0.0	356.0	-0.0	252.0	]
Motif #3
total sequences 268
A	[ -0.0	14.0	32.0	-0.0	35.0	34.0	12.0	29.0	102.0	14.0	26.0	5.0	]
C	[ 0.0	10.0	60.0	96.0	1.0	-0.0	74.0	114.0	61.0	1.0	44.0	66.0	]
G	[ -0.0	131.0	132.0	-0.0	0.0	0.0	49.0	15.0	-0.0	0.0	-0.0	1.0	]
T	[ 268.0	113.0	44.0	172.0	232.0	234.0	133.0	110.0	105.0	253.0	198.0	196.0	]
Motif #4
total sequences 242
A	[ 36.0	9.0	23.0	240.0	-0.0	-0.0	47.0	28.0	14.0	61.0	68.0	37.0	218.0	-0.0	2.0	]
C	[ 105.0	37.0	0.0	2.0	4.0	239.0	4.0	86.0	97.0	67.0	48.0	122.0	14.0	5.0	235.0	]
G	[ 47.0	7.0	0.0	-0.0	-0.0	0.0	5.0	57.0	26.0	54.0	43.0	62.0	0.0	4.0	4.0	]
T	[ 54.0	189.0	219.0	0.0	238.0	3.0	186.0	71.0	105.0	60.0	83.0	21.0	10.0	233.0	1.0	]
Motif #5
total sequences 220
A	[ 66.0	147.0	8.0	189.0	-0.0	7.0	6.0	8.0	220.0	0.0	0.0	80.0	]
C	[ 60.0	16.0	0.0	14.0	-0.0	99.0	40.0	5.0	0.0	0.0	220.0	0.0	]
G	[ 52.0	0.0	212.0	4.0	-0.0	65.0	7.0	1.0	0.0	0.0	0.0	7.0	]
T	[ 42.0	57.0	-0.0	13.0	220.0	49.0	167.0	206.0	0.0	220.0	0.0	133.0	]
Motif #6
total sequences 199
A	[ 19.0	38.0	16.0	16.0	2.0	-0.0	57.0	41.0	1.0	23.0	27.0	53.0	]
C	[ 6.0	3.0	-0.0	-0.0	0.0	12.0	31.0	-0.0	1.0	-0.0	-0.0	16.0	]
G	[ 73.0	158.0	169.0	172.0	197.0	168.0	21.0	154.0	197.0	176.0	170.0	103.0	]
T	[ 101.0	0.0	14.0	11.0	0.0	19.0	90.0	4.0	-0.0	0.0	2.0	27.0	]
Motif #7
total sequences 136
A	[ 35.0	10.0	7.0	13.0	27.0	5.0	7.0	22.0	-0.0	13.0	-0.0	16.0	7.0	3.0	-0.0	6.0	6.0	11.0	-0.0	-0.0	13.0	18.0	-0.0	13.0	12.0	5.0	]
C	[ 10.0	19.0	0.0	18.0	1.0	10.0	-0.0	12.0	8.0	-0.0	-0.0	7.0	3.0	-0.0	1.0	-0.0	11.0	-0.0	-0.0	3.0	9.0	12.0	-0.0	10.0	21.0	15.0	]
G	[ 37.0	29.0	46.0	43.0	53.0	27.0	38.0	0.0	46.0	32.0	62.0	38.0	41.0	7.0	32.0	78.0	22.0	6.0	19.0	32.0	46.0	17.0	0.0	24.0	0.0	16.0	]
T	[ 54.0	78.0	83.0	62.0	55.0	94.0	91.0	102.0	82.0	91.0	74.0	75.0	85.0	126.0	103.0	52.0	97.0	119.0	117.0	101.0	68.0	89.0	136.0	89.0	103.0	100.0	]
Motif #8
total sequences 130
A	[ 71.0	69.0	100.0	118.0	-0.0	-0.0	130.0	-0.0	129.0	56.0	46.0	39.0	]
C	[ 29.0	13.0	-0.0	0.0	122.0	130.0	-0.0	130.0	1.0	-0.0	28.0	54.0	]
G	[ 26.0	1.0	6.0	12.0	-0.0	-0.0	-0.0	0.0	-0.0	41.0	43.0	18.0	]
T	[ 4.0	47.0	24.0	-0.0	8.0	-0.0	-0.0	-0.0	-0.0	33.0	13.0	19.0	]
Motif #9
total sequences 96
A	[ 23.0	20.0	25.0	38.0	28.0	19.0	68.0	-0.0	94.0	-0.0	6.0	35.0	44.0	36.0	88.0	-0.0	95.0	0.0	82.0	70.0	19.0	34.0	35.0	]
C	[ 27.0	5.0	29.0	19.0	17.0	29.0	0.0	1.0	-0.0	-0.0	26.0	6.0	8.0	11.0	-0.0	1.0	-0.0	-0.0	0.0	-0.0	21.0	20.0	21.0	]
G	[ 17.0	48.0	28.0	15.0	36.0	31.0	0.0	95.0	-0.0	0.0	45.0	22.0	25.0	43.0	4.0	95.0	1.0	0.0	2.0	25.0	42.0	30.0	23.0	]
T	[ 29.0	23.0	14.0	24.0	15.0	17.0	28.0	0.0	2.0	96.0	19.0	33.0	19.0	6.0	4.0	0.0	-0.0	96.0	12.0	1.0	14.0	12.0	17.0	]
Motif #10
total sequences 82
A	[ 46.0	0.0	10.0	51.0	6.0	71.0	69.0	82.0	0.0	29.0	82.0	41.0	]
C	[ -0.0	42.0	0.0	1.0	59.0	11.0	-0.0	0.0	24.0	43.0	-0.0	10.0	]
G	[ 1.0	3.0	0.0	0.0	16.0	-0.0	-0.0	-0.0	58.0	0.0	0.0	30.0	]
T	[ 35.0	37.0	72.0	30.0	1.0	-0.0	13.0	-0.0	0.0	10.0	0.0	1.0	]
Motif #11
total sequences 69
A	[ 3.0	13.0	2.0	1.0	-0.0	-0.0	0.0	8.0	-0.0	0.0	-0.0	0.0	]
C	[ 11.0	31.0	22.0	1.0	-0.0	0.0	13.0	31.0	-0.0	0.0	2.0	68.0	]
G	[ 17.0	25.0	0.0	25.0	3.0	30.0	56.0	17.0	-0.0	0.0	-0.0	0.0	]
T	[ 38.0	0.0	45.0	42.0	66.0	39.0	0.0	13.0	69.0	69.0	67.0	1.0	]
Motif #12
total sequences 69
A	[ 51.0	61.0	65.0	69.0	69.0	69.0	69.0	68.0	69.0	69.0	69.0	62.0	]
C	[ 0.0	-0.0	0.0	-0.0	-0.0	-0.0	0.0	1.0	-0.0	0.0	-0.0	-0.0	]
G	[ -0.0	8.0	4.0	-0.0	-0.0	-0.0	0.0	0.0	-0.0	0.0	-0.0	0.0	]
T	[ 18.0	-0.0	-0.0	-0.0	0.0	-0.0	-0.0	0.0	0.0	-0.0	-0.0	7.0	]
Motif #13
total sequences 54
A	[ 0.0	24.0	1.0	17.0	0.0	0.0	2.0	20.0	0.0	0.0	0.0	-0.0	]
C	[ 0.0	-0.0	-0.0	-0.0	39.0	0.0	-0.0	-0.0	-0.0	0.0	1.0	5.0	]
G	[ 54.0	-0.0	28.0	37.0	4.0	-0.0	50.0	12.0	54.0	31.0	17.0	-0.0	]
T	[ -0.0	30.0	25.0	0.0	11.0	54.0	2.0	22.0	-0.0	23.0	36.0	49.0	]
Motif #14
total sequences 44
A	[ 7.0	-0.0	-0.0	19.0	-0.0	-0.0	-0.0	16.0	1.0	-0.0	-0.0	-0.0	]
C	[ 1.0	44.0	44.0	25.0	25.0	44.0	-0.0	-0.0	7.0	-0.0	-0.0	-0.0	]
G	[ 32.0	-0.0	-0.0	-0.0	-0.0	-0.0	-0.0	23.0	36.0	-0.0	44.0	38.0	]
T	[ 4.0	-0.0	-0.0	-0.0	19.0	-0.0	44.0	5.0	-0.0	44.0	-0.0	6.0	]
Motif #15
total sequences 30
A	[ 25.0	-0.0	30.0	-0.0	30.0	-0.0	30.0	1.0	30.0	-0.0	29.0	1.0	]
C	[ -0.0	30.0	0.0	23.0	-0.0	30.0	-0.0	20.0	0.0	29.0	0.0	23.0	]
G	[ 5.0	-0.0	-0.0	7.0	0.0	-0.0	-0.0	9.0	0.0	-0.0	-0.0	-0.0	]
T	[ 0.0	-0.0	-0.0	0.0	0.0	-0.0	-0.0	-0.0	0.0	1.0	1.0	6.0	]
Motif #16
total sequences 29
A	[ 1.0	23.0	-0.0	-0.0	18.0	-0.0	29.0	-0.0	29.0	28.0	0.0	17.0	]
C	[ 7.0	1.0	-0.0	29.0	-0.0	-0.0	-0.0	0.0	-0.0	1.0	8.0	12.0	]
G	[ 14.0	5.0	6.0	0.0	-0.0	29.0	-0.0	1.0	-0.0	0.0	21.0	0.0	]
T	[ 7.0	-0.0	23.0	-0.0	11.0	0.0	-0.0	28.0	-0.0	-0.0	-0.0	-0.0	]
Motif #1; total sequences 590; NNacAGGAAgNNN / NNNcTTCCTgtNN
Motif #2; total sequences 356; aGATNNttATCt / aGATaaNNATCt
Motif #3; total sequences 268; TKNtTTNNNTtt / aaANNNAAaNMA
Motif #4; total sequences 242; NtTATCtNNNNcATC / GATgNNNNaGATAaN
Motif #5; total sequences 220; NaGATNtTATCt / aGATAaNATCtN
Motif #6; total sequences 199; tgGGGGNgGGGg / cCCCcNCCCCca
Motif #7; total sequences 136; NttNNttttttttTtgtTTtNtTttt / aaaAaNaAAacaAaaaaaaaaNNaaN
Motif #8; total sequences 130; aaaACCACANNN / NNNTGTGGTttt
Motif #9; total sequences 96; NNNNNNaGATNNNNAGATAaNNN / NNNtTATCTNNNNATCtNNNNNN
Motif #10; total sequences 82; acTacAAAgcAN / NTgcTTTgtAgt
Motif #11; total sequences 69; tNttTtGNTTTC / GAAANCaAaaNa
Motif #12; total sequences 69; aAAAAAAAAAAA / TTTTTTTTTTTt
Motif #13; total sequences 54; GtggcTGNGgtT / AacCNCAgccaC
Motif #14; total sequences 44; gCCccCTgGTGG / CCACcAGggGGc
Motif #15; total sequences 30; ACAcACAcACAc / gTGTgTGTgTGT
Motif #16; total sequences 29; NatCaGATAAga / tcTTATCtGatN

Full posterior for run 8 is 15614.651178
