1	chr1:7078585-7079331	1	136	NA	NA	NA	
2	chr1:20897558-20898253	1	-72	NA	NA	NA	
3	chr1:34379319-34379854	3	96	41	NA	NA	
4	chr1:36187975-36188440	2	NA	NA	NA	NA	
5	chr1:36205044-36205382	1	149	NA	NA	NA	
6	chr1:36491428-36491900	2	NA	NA	NA	NA	
7	chr1:36628703-36628986	1	100	NA	NA	NA	
8	chr1:36667718-36668080	1	58	NA	NA	NA	
9	chr1:36704943-36705529	1	-26	NA	NA	NA	
10	chr1:36864725-36865393	3	-74	-14	NA	NA	
11	chr1:37261808-37262399	1	73	NA	NA	NA	
12	chr1:38828193-38828820	1	121	NA	NA	NA	
13	chr1:39658354-39658840	3	-147	182	57	NA	
14	chr1:39952515-39952873	3	-93	-79	-185	NA	
15	chr1:40269396-40269769	4	NA	-84	NA	NA	
16	chr1:40420007-40420846	1	-57	NA	NA	NA	
17	chr1:43298107-43298437	1	149	NA	NA	NA	
18	chr1:43483287-43483581	3	-81	-160	NA	NA	
19	chr1:43506910-43507196	1	-164	NA	NA	NA	
20	chr1:51538170-51538815	2	NA	NA	NA	NA	
21	chr1:51964069-51964489	3	90	-50	NA	NA	
22	chr1:53739568-53740121	2	NA	NA	NA	NA	
23	chr1:53758912-53759453	1	-20	NA	NA	NA	
24	chr1:53796841-53797198	1	13	NA	NA	NA	
25	chr1:53839015-53839452	1	-171	NA	NA	NA	
26	chr1:53853679-53854119	1	176	NA	NA	-28	
27	chr1:58687812-58688066	3	-114	-185	NA	NA	
28	chr1:60019400-60019855	2	NA	NA	NA	NA	
29	chr1:60721429-60722061	1	-73	NA	NA	NA	
30	chr1:60827425-60827710	2	NA	NA	NA	NA	
31	chr1:60930472-60931218	1	-46	NA	NA	NA	
32	chr1:60934649-60935276	1	-107	NA	NA	NA	
33	chr1:64420652-64421007	2	NA	NA	NA	NA	
34	chr1:66485590-66486312	4	NA	-149	NA	NA	
35	chr1:66947412-66947807	2	NA	NA	NA	NA	
36	chr1:74195781-74196331	3	50	-77	NA	NA	
37	chr1:75025484-75025806	2	NA	NA	NA	NA	
38	chr1:75199966-75200284	1	155	NA	NA	NA	
39	chr1:79654995-79655223	2	NA	NA	NA	NA	
40	chr1:80092760-80093376	1	120	NA	NA	NA	
41	chr1:80525553-80526125	1	131	NA	NA	NA	
42	chr1:87517592-87518130	1	144	NA	NA	NA	
43	chr1:87625089-87625797	1	123	NA	NA	NA	
44	chr1:87727764-87728375	4	NA	-107	NA	NA	
45	chr1:88225545-88225984	2	NA	NA	NA	NA	
46	chr1:88318423-88319003	2	NA	NA	NA	NA	
47	chr1:89438722-89439239	4	NA	50	NA	NA	
48	chr1:89730843-89731231	1	-51	NA	NA	NA	
49	chr1:90108399-90109459	1	140	NA	NA	NA	
50	chr1:90306514-90307082	4	NA	140	NA	NA	
51	chr1:90408870-90409549	2	NA	NA	NA	NA	
52	chr1:90540132-90540532	3	122	91	NA	NA	
53	chr1:93899778-93900164	3	131	170	NA	NA	
54	chr1:94471784-94472359	3	-114	-152	NA	NA	
55	chr1:95865687-95866128	2	NA	NA	NA	NA	
56	chr1:97485850-97486532	1	170	NA	NA	NA	
57	chr1:107718724-107719103	1	-16	NA	NA	NA	
58	chr1:108145865-108146218	3	-68	-126	NA	NA	
59	chr1:108490649-108490998	1	103	NA	NA	NA	
60	chr1:120138749-120139218	2	NA	NA	NA	NA	
61	chr1:121319513-121319832	1	-122	NA	183	NA	
62	chr1:124184524-124184967	2	NA	NA	NA	NA	
63	chr1:127294093-127294662	1	-173	NA	NA	NA	
64	chr1:130442401-130442685	1	88	NA	NA	NA	
65	chr1:133031837-133032617	3	89	-73	NA	NA	
66	chr1:133107773-133108163	2	NA	NA	NA	NA	
67	chr1:133401231-133401522	2	NA	NA	NA	NA	
68	chr1:134958354-134958909	2	NA	NA	NA	NA	
69	chr1:135372556-135373052	1	77	NA	NA	NA	
70	chr1:135505834-135506428	2	NA	NA	NA	NA	
71	chr1:135881745-135882222	1	182	NA	NA	NA	
72	chr1:135887988-135888335	1	-124	NA	NA	NA	
73	chr1:136681976-136682281	1	60	NA	NA	NA	
74	chr1:136807952-136808366	1	-143	NA	NA	NA	
75	chr1:136947477-136947981	3	-31	-12	NA	NA	
76	chr1:137448091-137448476	1	-75	NA	NA	NA	
77	chr1:138395666-138396280	1	-162	NA	NA	NA	
78	chr1:138416809-138417496	1	57	NA	NA	NA	
79	chr1:138433684-138434070	3	154	-118	-30	NA	
80	chr1:138516069-138516344	1	-117	NA	NA	NA	
81	chr1:139740243-139740497	1	79	NA	NA	NA	
82	chr1:139952761-139953436	1	-71	NA	NA	NA	
83	chr1:140120160-140120954	1	-25	NA	NA	NA	
84	chr1:140792175-140792733	3	149	-168	NA	NA	
85	chr1:145017398-145017793	4	NA	-108	NA	NA	
86	chr1:145678565-145679270	3	112	-122	NA	NA	
87	chr1:145768561-145769291	1	146	NA	NA	NA	
88	chr1:145795726-145796038	3	131	-153	NA	NA	
89	chr1:152940174-152940621	3	-83	-27	NA	NA	
90	chr1:153106154-153106727	1	7	NA	NA	NA	
91	chr1:153846913-153847467	3	29	168	NA	NA	
92	chr1:155142103-155142629	1	59	NA	NA	NA	
93	chr1:157546502-157546878	1	94	NA	184	NA	
94	chr1:158510230-158510642	1	-159	NA	NA	NA	
95	chr1:161879220-161879591	1	80	NA	NA	NA	
96	chr1:161890307-161890805	3	12	40	NA	NA	
97	chr1:162143998-162144377	1	-91	NA	NA	NA	
98	chr1:163507508-163508244	1	55	NA	NA	NA	
99	chr1:163598141-163598580	1	-101	NA	NA	NA	
100	chr1:165971932-165972707	2	NA	NA	NA	NA	
101	chr1:166770364-166770889	4	NA	165	NA	NA	
102	chr1:167664854-167665441	1	-145	NA	-50	NA	
103	chr1:167681533-167682232	4	NA	46	NA	NA	
104	chr1:167822905-167823217	1	52	NA	NA	NA	
105	chr1:172004460-172004866	3	139	72	NA	NA	
106	chr1:173083579-173084126	1	-87	NA	NA	NA	
107	chr1:173608696-173609378	1	-61	NA	NA	NA	
108	chr1:173758195-173758590	4	NA	-33	NA	NA	
109	chr1:173776063-173776466	1	-61	NA	NA	NA	
110	chr1:173851787-173852395	1	-80	NA	NA	NA	
111	chr1:174142969-174143261	1	87	NA	NA	NA	
112	chr1:178822744-178823266	1	-57	NA	NA	NA	
113	chr1:181006446-181006810	1	-27	NA	NA	NA	
114	chr1:181077294-181077890	4	NA	79	NA	NA	
115	chr1:182155003-182155371	1	-153	NA	NA	NA	
116	chr1:182174953-182175551	1	-93	NA	NA	NA	
117	chr1:182180466-182180987	1	-98	NA	NA	NA	
118	chr1:184046942-184047318	2	NA	NA	NA	NA	
119	chr1:185688724-185689346	2	NA	NA	NA	NA	
120	chr1:186554766-186555061	3	-123	-146	NA	NA	
121	chr1:192894424-192894962	2	NA	NA	NA	NA	
122	chr1:196942194-196942698	2	NA	NA	NA	NA	
123	chr10:3167545-3167908	1	83	NA	NA	NA	
124	chr10:7229342-7229698	2	NA	NA	NA	NA	
125	chr10:7352645-7353120	4	NA	NA	-184	NA	
126	chr10:7529641-7530206	1	28	NA	NA	NA	
127	chr10:13683582-13684071	1	-151	NA	NA	NA	
128	chr10:13689017-13689613	1	8	NA	NA	NA	
129	chr10:13805965-13806687	1	-90	NA	NA	NA	
130	chr10:17418109-17418627	1	-34	NA	NA	NA	
131	chr10:17831677-17832043	4	NA	70	NA	NA	
132	chr10:18751500-18752228	1	-183	NA	NA	NA	
133	chr10:18847200-18847589	1	-93	NA	NA	NA	
134	chr10:18875702-18876282	1	-189	NA	NA	NA	
135	chr10:19193835-19194213	1	-135	NA	NA	NA	
136	chr10:19309225-19309530	2	NA	NA	NA	NA	
137	chr10:19436920-19437594	4	NA	-127	NA	NA	
138	chr10:19628546-19629072	4	NA	178	NA	NA	
139	chr10:20002381-20002739	1	32	NA	NA	NA	
140	chr10:20790069-20790441	1	52	NA	NA	NA	
141	chr10:23980924-23981406	1	70	NA	NA	NA	
142	chr10:26014552-26015117	1	-121	NA	NA	NA	
143	chr10:26048129-26048781	1	96	NA	NA	NA	
144	chr10:38881958-38882389	1	-161	NA	NA	NA	
145	chr10:39680489-39681067	1	-68	NA	NA	NA	
146	chr10:41625582-41626005	3	60	-149	NA	NA	
147	chr10:41719405-41719800	1	69	NA	NA	-119	
148	chr10:41745633-41746118	4	NA	-139	NA	NA	
149	chr10:43559084-43559420	1	146	NA	NA	NA	
150	chr10:43685633-43686149	1	49	NA	NA	NA	
151	chr10:53721077-53721705	4	NA	97	NA	NA	
152	chr10:58787192-58787692	2	NA	NA	NA	NA	
153	chr10:66348670-66349105	2	NA	NA	NA	NA	
154	chr10:67283376-67283709	2	NA	NA	NA	NA	
155	chr10:67477160-67477592	4	NA	92	NA	NA	
156	chr10:67500632-67501163	4	NA	155	NA	NA	
157	chr10:68563771-68564216	1	-138	NA	NA	NA	
158	chr10:69576090-69576491	3	-127	-88	NA	NA	
159	chr10:74975277-74975926	3	-46	-179	NA	NA	
160	chr10:75341074-75341453	1	-5	NA	NA	-52	
161	chr10:75395042-75395770	2	NA	NA	NA	NA	
162	chr10:77997518-77998139	1	-146	NA	NA	NA	
163	chr10:79386741-79387262	1	11	NA	NA	NA	
164	chr10:79629864-79630562	4	NA	-92	NA	NA	
165	chr10:79836622-79837595	1	119	NA	NA	NA	
166	chr10:80201558-80202194	1	70	NA	NA	NA	
167	chr10:80509138-80509482	4	NA	75	NA	NA	
168	chr10:80913362-80913894	3	-166	-7	NA	NA	
169	chr10:82434230-82434586	1	-94	NA	NA	NA	
170	chr10:82566744-82567213	1	-182	NA	NA	NA	
171	chr10:84816564-84816899	1	-122	NA	NA	NA	
172	chr10:92500448-92500728	1	-126	NA	NA	NA	
173	chr10:92554085-92554746	1	16	NA	NA	NA	
174	chr10:92765556-92766104	1	153	NA	NA	NA	
175	chr10:95309774-95310296	1	159	NA	NA	NA	
176	chr10:95830473-95830932	4	NA	-5	NA	NA	
177	chr10:96154539-96154947	1	88	NA	NA	NA	
178	chr10:98546385-98547028	2	NA	NA	NA	NA	
179	chr10:98624216-98624689	1	-84	NA	NA	NA	
180	chr10:98674659-98675036	4	NA	3	NA	NA	
181	chr10:98815516-98816012	1	-191	NA	NA	NA	
182	chr10:98846322-98846873	1	142	NA	NA	NA	
183	chr10:110506459-110506776	4	NA	-104	NA	NA	
184	chr10:116902034-116902375	1	141	NA	NA	NA	
185	chr10:117187568-117188142	2	NA	NA	NA	NA	
186	chr10:117263973-117264493	1	-57	NA	NA	NA	
187	chr10:117297657-117298182	1	175	NA	NA	NA	
188	chr10:117321303-117321894	1	-168	NA	NA	NA	
189	chr10:117350915-117351311	1	99	NA	-154	NA	
190	chr10:117355977-117356355	1	17	NA	NA	NA	
191	chr10:117410178-117410654	1	177	NA	NA	NA	
192	chr10:117505927-117506424	1	56	NA	NA	NA	
193	chr10:117575544-117575999	3	-27	42	NA	NA	
194	chr10:117884382-117885043	1	132	NA	NA	NA	
195	chr10:119605078-119605435	1	148	NA	NA	NA	
196	chr10:120298690-120299362	4	NA	81	NA	NA	
197	chr10:120666953-120667499	4	NA	63	NA	NA	
198	chr10:120671871-120672138	1	-94	NA	NA	NA	
199	chr10:120822975-120823438	1	68	NA	NA	NA	
200	chr10:121981808-121982251	1	138	NA	NA	NA	
201	chr10:122054958-122055525	4	NA	37	NA	NA	
202	chr10:126308477-126308890	2	NA	NA	NA	NA	
203	chr10:126597423-126597829	1	64	NA	NA	NA	
204	chr10:127726556-127727109	1	8	NA	NA	NA	
205	chr10:127747915-127748350	1	-73	NA	NA	NA	
206	chr10:127907476-127907994	3	95	-188	NA	NA	
207	chr10:129725375-129726070	4	NA	-155	NA	NA	
208	chr10:129739319-129739761	3	-115	-79	NA	NA	
209	chr11:3101949-3102202	1	51	NA	NA	NA	
210	chr11:3213139-3213725	1	-97	NA	NA	NA	
211	chr11:4103002-4103586	1	-167	NA	NA	NA	
212	chr11:4322939-4323561	1	94	NA	NA	NA	
213	chr11:5153637-5154045	4	NA	10	NA	NA	
214	chr11:5197612-5198156	4	NA	-46	NA	NA	
215	chr11:5311504-5312236	1	-175	NA	NA	NA	
216	chr11:5417541-5417843	3	-37	124	NA	NA	
217	chr11:5900003-5900451	1	-131	NA	NA	NA	
218	chr11:6428370-6428999	1	93	NA	NA	NA	
219	chr11:6604803-6605475	3	177	53	NA	NA	
220	chr11:11463878-11464758	1	-151	NA	NA	NA	
221	chr11:11557116-11557452	4	NA	134	NA	NA	
222	chr11:11579048-11579442	3	36	10	NA	NA	
223	chr11:11611742-11612151	3	-10	28	NA	NA	
224	chr11:11619724-11620099	1	175	NA	NA	NA	
225	chr11:11625932-11626615	3	-120	-107	NA	NA	
226	chr11:20148717-20149330	2	NA	NA	NA	NA	
227	chr11:21002722-21003268	2	NA	NA	NA	NA	
228	chr11:22592568-22593156	1	104	NA	NA	NA	
229	chr11:22757908-22758210	1	103	NA	NA	NA	
230	chr11:23701973-23702214	1	-84	NA	NA	NA	
231	chr11:31570848-31571157	2	NA	NA	NA	NA	
232	chr11:31961697-31962333	4	NA	-134	NA	NA	
233	chr11:32100173-32100535	1	48	NA	NA	NA	
234	chr11:33838597-33840267	4	NA	-139	NA	NA	
235	chr11:34626397-34626890	3	192	-120	NA	NA	
236	chr11:43274189-43274524	1	154	NA	NA	NA	
237	chr11:43336044-43336449	1	115	NA	NA	147	
238	chr11:45637943-45638535	4	NA	-62	NA	NA	
239	chr11:46187027-46187807	1	-176	NA	NA	NA	
240	chr11:46232741-46233188	3	-98	46	NA	NA	
241	chr11:46264255-46264952	3	-191	-109	NA	NA	
242	chr11:46519226-46519468	2	NA	NA	NA	NA	
243	chr11:48717942-48718259	3	-157	-77	NA	NA	
244	chr11:49550175-49550540	1	-115	NA	NA	NA	
245	chr11:49829731-49830056	2	NA	NA	NA	NA	
246	chr11:52084255-52084607	1	140	NA	NA	NA	
247	chr11:52127623-52128205	1	-104	NA	NA	NA	
248	chr11:52157311-52158286	1	143	NA	NA	NA	
249	chr11:53188693-53189041	1	-174	NA	NA	NA	
250	chr11:53360289-53360727	1	1	NA	NA	NA	
251	chr11:53906421-53906994	1	44	NA	NA	NA	
252	chr11:53926191-53926576	1	30	NA	NA	NA	
253	chr11:53948436-53948737	4	NA	-163	NA	NA	
254	chr11:53983645-53984193	1	64	NA	NA	NA	
255	chr11:54709979-54710517	1	-161	NA	NA	NA	
256	chr11:57476985-57477415	1	107	NA	NA	NA	
257	chr11:57481006-57481446	2	NA	NA	NA	NA	
258	chr11:57500888-57501531	1	119	NA	NA	NA	
259	chr11:59024268-59024634	1	107	NA	NA	NA	
260	chr11:61297879-61298431	2	NA	NA	NA	NA	
261	chr11:63724482-63725173	2	NA	NA	NA	NA	
262	chr11:63801057-63801588	2	NA	NA	NA	NA	
263	chr11:68889514-68890009	1	123	NA	NA	NA	
264	chr11:69074578-69074874	1	58	NA	NA	NA	
265	chr11:69182588-69183075	1	-128	NA	NA	NA	
266	chr11:69487427-69487932	4	NA	NA	94	NA	
267	chr11:72262623-72262898	1	40	NA	NA	108	
268	chr11:72952632-72953301	1	106	NA	NA	NA	
269	chr11:75011417-75012030	1	81	NA	NA	NA	
270	chr11:75098821-75099208	1	-70	NA	NA	NA	
271	chr11:75772887-75773279	2	NA	NA	NA	NA	
272	chr11:75996091-75996527	1	161	NA	NA	NA	
273	chr11:76295291-76295736	1	45	NA	NA	NA	
274	chr11:77218585-77219205	1	71	NA	NA	NA	
275	chr11:78352206-78352982	1	-89	NA	-49	NA	
276	chr11:78514142-78514511	1	-89	NA	19	NA	
277	chr11:78596267-78596728	1	-5	NA	NA	NA	
278	chr11:78646461-78646870	2	NA	NA	NA	NA	
279	chr11:79070535-79071249	1	80	NA	NA	NA	
280	chr11:79489760-79490126	3	-48	-58	NA	NA	
281	chr11:79686380-79686653	1	104	NA	NA	NA	
282	chr11:79970030-79970351	1	49	NA	150	NA	
283	chr11:80198636-80199284	4	NA	-86	NA	NA	
284	chr11:82030680-82030910	1	95	NA	176	NA	
285	chr11:82856873-82857608	2	NA	NA	NA	NA	
286	chr11:85270218-85270445	1	100	NA	NA	NA	
287	chr11:86073632-86073916	4	NA	-149	NA	NA	
288	chr11:86574068-86574706	1	136	NA	NA	NA	
289	chr11:86644736-86645029	1	-26	NA	NA	NA	
290	chr11:87567753-87568412	1	-105	NA	NA	NA	
291	chr11:87575701-87576357	1	-103	NA	NA	NA	
292	chr11:87961424-87961954	2	NA	NA	NA	NA	
293	chr11:93851935-93852339	2	NA	NA	NA	NA	
294	chr11:94407737-94408423	2	NA	NA	NA	NA	
295	chr11:94816459-94817037	3	-179	110	NA	NA	
296	chr11:95172675-95173322	1	88	NA	NA	NA	
297	chr11:96823388-96823756	4	NA	-187	NA	NA	
298	chr11:96845745-96846128	1	-42	NA	NA	NA	
299	chr11:97348269-97348881	1	-122	NA	NA	NA	
300	chr11:97481064-97481421	4	NA	-84	NA	NA	
301	chr11:98009209-98009572	1	95	NA	NA	NA	
302	chr11:98286194-98286831	1	-43	NA	NA	NA	
303	chr11:98303735-98304112	1	55	NA	NA	NA	
304	chr11:98313287-98313965	3	-109	-91	NA	NA	
305	chr11:98326050-98326723	3	24	-98	NA	NA	
306	chr11:98798173-98798433	2	NA	NA	NA	NA	
307	chr11:98857999-98858417	1	165	NA	NA	NA	
308	chr11:98920999-98921686	3	-117	-25	NA	NA	
309	chr11:98932019-98932348	4	NA	-101	NA	NA	
310	chr11:99019815-99020346	3	-163	18	NA	NA	
311	chr11:99066709-99066968	1	-180	NA	NA	NA	
312	chr11:101012270-101012717	1	-124	NA	NA	NA	
313	chr11:102038111-102038381	2	NA	NA	NA	NA	
314	chr11:103228168-103228802	2	NA	NA	NA	NA	
315	chr11:104366715-104367178	1	-168	NA	NA	NA	
316	chr11:104476966-104477506	1	142	NA	NA	NA	
317	chr11:104784585-104785106	2	NA	NA	NA	NA	
318	chr11:105882587-105883063	3	61	-151	NA	NA	
319	chr11:106145838-106146082	1	96	NA	NA	NA	
320	chr11:106568167-106568693	1	-18	NA	NA	NA	
321	chr11:106940589-106940868	4	NA	-46	NA	NA	
322	chr11:107233390-107233969	1	-33	NA	NA	NA	
323	chr11:107271151-107271608	3	123	103	NA	NA	
324	chr11:107944664-107944990	2	NA	NA	NA	NA	
325	chr11:108726564-108727506	1	-168	NA	NA	NA	
326	chr11:109236597-109237185	1	154	NA	NA	NA	
327	chr11:109256014-109256456	2	NA	NA	NA	NA	
328	chr11:110214736-110215418	1	-74	NA	NA	NA	
329	chr11:115152112-115152508	1	114	NA	NA	NA	
330	chr11:116153462-116153942	1	-145	NA	NA	NA	
331	chr11:116185711-116186014	1	94	NA	NA	NA	
332	chr11:116598869-116599392	1	-35	NA	NA	NA	
333	chr11:117414963-117415673	1	125	NA	NA	NA	
334	chr11:117694238-117694844	3	175	126	NA	NA	
335	chr11:117697893-117698476	3	-52	-91	NA	NA	
336	chr11:117785879-117786201	1	-105	NA	NA	NA	
337	chr11:119487165-119487457	1	57	NA	NA	NA	
338	chr12:3109869-3110413	2	NA	NA	NA	NA	
339	chr12:3264556-3264943	2	NA	NA	NA	NA	
340	chr12:3463156-3463533	4	NA	-80	NA	NA	
341	chr12:4900106-4900386	2	NA	NA	NA	NA	
342	chr12:9055336-9056144	2	NA	NA	NA	NA	
343	chr12:11256556-11257075	3	76	46	NA	NA	
344	chr12:12398954-12399516	3	106	-31	NA	NA	
345	chr12:12426775-12427242	1	41	NA	NA	NA	
346	chr12:15830237-15830919	3	164	-127	NA	NA	
347	chr12:16034042-16034576	1	174	NA	NA	NA	
348	chr12:16613903-16614304	1	35	NA	NA	NA	
349	chr12:21697639-21698308	4	NA	-90	NA	NA	
350	chr12:25182556-25182926	1	-43	NA	171	NA	
351	chr12:25599530-25600053	1	-126	NA	NA	NA	
352	chr12:29395271-29395628	1	115	NA	NA	NA	
353	chr12:29431782-29432656	2	NA	NA	NA	NA	
354	chr12:33539677-33540142	4	NA	-35	NA	NA	
355	chr12:33768272-33768672	4	NA	103	NA	NA	
356	chr12:36665631-36666490	1	155	NA	NA	NA	
357	chr12:40547406-40548038	2	NA	NA	NA	NA	
358	chr12:40593631-40593952	4	NA	-138	NA	NA	
359	chr12:55235069-55235451	3	-134	-172	NA	NA	
360	chr12:55381901-55382121	1	94	NA	NA	NA	
361	chr12:65983811-65984280	2	NA	NA	NA	NA	
362	chr12:70997311-70997758	1	116	NA	NA	NA	
363	chr12:71129994-71130332	2	NA	NA	NA	NA	
364	chr12:71150880-71151140	1	-129	NA	NA	NA	
365	chr12:73968932-73969259	1	-103	NA	NA	NA	
366	chr12:74301160-74301518	3	-35	-106	NA	NA	
367	chr12:74516884-74517680	1	-89	NA	NA	NA	
368	chr12:74610993-74611568	1	147	NA	NA	NA	
369	chr12:78032211-78032909	3	-39	-107	NA	NA	
370	chr12:79667758-79668159	2	NA	NA	NA	NA	
371	chr12:79925582-79925950	2	NA	NA	NA	NA	
372	chr12:80348588-80349116	1	31	NA	NA	NA	
373	chr12:81713718-81714364	4	NA	68	NA	NA	
374	chr12:83084921-83085514	3	147	186	NA	NA	
375	chr12:84521717-84522112	2	NA	NA	NA	NA	
376	chr12:85110790-85111319	2	NA	NA	NA	NA	
377	chr12:85662471-85663135	1	-85	NA	NA	NA	
378	chr12:85766618-85766924	4	NA	-156	NA	NA	
379	chr12:86333639-86334234	1	-15	NA	NA	NA	
380	chr12:86361285-86361681	2	NA	NA	NA	NA	
381	chr12:87749189-87749575	2	NA	NA	NA	NA	
382	chr12:87834126-87834776	1	-32	NA	NA	NA	
383	chr12:88942170-88942522	2	NA	NA	NA	NA	
384	chr12:91144360-91144668	1	-82	NA	181	NA	
385	chr12:91471007-91471605	1	180	NA	NA	NA	
386	chr12:98616496-98617065	1	43	NA	NA	NA	
387	chr12:98647829-98648470	3	-88	159	NA	NA	
388	chr12:98670576-98671273	3	-84	140	NA	NA	
389	chr12:100053347-100053670	1	-69	NA	NA	NA	
390	chr12:101304604-101305141	4	NA	-36	NA	NA	
391	chr12:101395149-101395649	3	-93	69	NA	NA	
392	chr12:103006605-103007149	1	-73	NA	NA	NA	
393	chr12:103075705-103076091	3	-60	0	NA	NA	
394	chr12:103732262-103733057	1	137	NA	NA	NA	
395	chr12:106090586-106090817	1	-104	NA	NA	NA	
396	chr12:106435132-106435837	1	2	NA	NA	NA	
397	chr12:106711986-106712653	3	-6	-111	NA	NA	
398	chr12:106966250-106966871	1	72	NA	NA	NA	
399	chr12:107059395-107059912	1	-45	NA	NA	NA	
400	chr12:107527120-107527539	4	NA	31	NA	NA	
401	chr12:107560904-107561557	1	168	NA	NA	NA	
402	chr12:107585626-107585949	1	-97	NA	NA	NA	
403	chr12:107950141-107950815	3	-28	98	NA	NA	
404	chr12:108176902-108177632	1	-92	NA	NA	NA	
405	chr12:108218234-108218675	1	-148	NA	NA	NA	
406	chr12:108723604-108724117	2	NA	NA	NA	NA	
407	chr12:110945189-110945657	1	-137	NA	NA	NA	
408	chr12:111185491-111186127	1	150	NA	29	NA	
409	chr12:112007751-112008202	2	NA	NA	NA	NA	
410	chr12:113302729-113303293	1	-102	NA	NA	NA	
411	chr12:113397840-113398445	3	137	39	NA	NA	
412	chr12:113615827-113616407	4	NA	-145	NA	NA	
413	chr12:115438615-115439136	1	-164	NA	NA	NA	
414	chr12:116189772-116190043	1	-119	NA	NA	NA	
415	chr12:116696504-116697175	3	58	84	NA	NA	
416	chr13:5844219-5844816	1	149	NA	NA	NA	
417	chr13:9010840-9011517	2	NA	NA	NA	NA	
418	chr13:16815845-16816350	4	NA	22	NA	NA	
419	chr13:21786554-21786994	2	NA	NA	NA	NA	
420	chr13:23768756-23769289	2	NA	NA	NA	NA	
421	chr13:28700524-28701022	1	71	NA	NA	NA	
422	chr13:30173522-30174590	1	90	NA	NA	NA	
423	chr13:30199608-30199867	4	NA	115	NA	NA	
424	chr13:30266702-30267142	2	NA	NA	NA	NA	
425	chr13:30755005-30755516	1	-131	NA	NA	NA	
426	chr13:30767810-30768112	2	NA	NA	NA	NA	
427	chr13:34871559-34872416	1	163	NA	NA	NA	
428	chr13:36815368-36816066	1	-186	NA	NA	NA	
429	chr13:37545150-37545772	4	NA	24	NA	NA	
430	chr13:41108189-41108859	3	-156	-132	NA	NA	
431	chr13:42311417-42312045	1	-54	NA	NA	NA	
432	chr13:44076492-44076999	1	-139	NA	NA	NA	
433	chr13:46701651-46702444	4	NA	-13	NA	NA	
434	chr13:46790811-46791176	1	-117	NA	NA	NA	
435	chr13:48540408-48540952	1	-76	NA	NA	-50	
436	chr13:49254519-49254878	1	-139	NA	NA	NA	
437	chr13:49318984-49319556	1	-39	NA	NA	NA	
438	chr13:52733965-52734403	1	-186	NA	NA	NA	
439	chr13:52813059-52813643	2	NA	NA	NA	NA	
440	chr13:52819833-52820349	1	-180	NA	NA	NA	
441	chr13:52995065-52995528	1	-138	NA	NA	NA	
442	chr13:54199610-54199904	2	NA	NA	NA	NA	
443	chr13:54631089-54631678	1	176	NA	35	7	
444	chr13:55646167-55646614	1	-19	NA	NA	NA	
445	chr13:56486372-56486714	2	NA	NA	NA	NA	
446	chr13:56516413-56517336	1	-180	NA	NA	NA	
447	chr13:56712614-56713976	4	NA	4	NA	NA	
448	chr13:58397615-58398149	1	-4	NA	NA	NA	
449	chr13:60748016-60748434	1	118	NA	NA	NA	
450	chr13:60852526-60852855	3	110	179	NA	NA	
451	chr13:62889852-62890229	1	-76	NA	NA	NA	
452	chr13:63440645-63441363	4	NA	117	NA	NA	
453	chr13:64425563-64426147	1	178	NA	NA	NA	
454	chr13:67426247-67426771	1	188	NA	NA	NA	
455	chr13:77902350-77902726	2	NA	NA	NA	NA	
456	chr13:82136101-82136456	4	NA	-96	NA	NA	
457	chr13:94872025-94872404	1	-42	NA	NA	NA	
458	chr13:96693689-96694076	3	-119	-82	NA	NA	
459	chr13:97057159-97057619	4	NA	-95	NA	NA	
460	chr13:97488654-97488949	1	87	NA	NA	NA	
461	chr13:98291141-98291436	2	NA	NA	NA	NA	
462	chr13:98599241-98599712	1	-91	NA	NA	NA	
463	chr13:98862320-98862840	1	143	NA	-37	NA	
464	chr13:99990943-99991402	2	NA	NA	NA	NA	
465	chr13:102802232-102802752	4	NA	-156	NA	NA	
466	chr13:102807927-102808261	1	95	NA	NA	NA	
467	chr13:102836853-102837167	1	-139	NA	NA	NA	
468	chr13:105694688-105695166	2	NA	NA	NA	NA	
469	chr13:105742783-105743294	1	63	NA	NA	NA	
470	chr13:108066837-108067508	4	NA	-168	NA	NA	
471	chr13:110352733-110353388	1	-53	NA	NA	NA	
472	chr13:110943262-110943809	1	23	NA	141	NA	
473	chr13:111023394-111023969	2	NA	NA	NA	NA	
474	chr13:111144048-111144300	1	165	NA	NA	NA	
475	chr13:112917348-112917727	3	-55	109	NA	NA	
476	chr13:113560187-113560660	1	-66	NA	NA	NA	
477	chr13:114700612-114701372	3	101	35	NA	NA	
478	chr13:114915197-114915866	1	-135	NA	NA	NA	
479	chr13:115966750-115967237	1	111	NA	NA	NA	
480	chr13:116016577-116017188	3	72	134	NA	NA	
481	chr13:118335315-118335709	1	-85	NA	NA	NA	
482	chr14:6635089-6635639	1	-2	NA	NA	NA	
483	chr14:9095138-9095684	4	NA	166	NA	NA	
484	chr14:14966512-14967108	3	-183	-85	NA	NA	
485	chr14:18071189-18071519	2	NA	NA	NA	NA	
486	chr14:19574065-19574500	1	-119	NA	NA	NA	
487	chr14:20328171-20328696	2	NA	NA	NA	NA	
488	chr14:24691045-24691476	2	NA	NA	NA	NA	
489	chr14:25471804-25472238	1	-57	NA	NA	NA	
490	chr14:29078715-29079018	3	163	31	NA	NA	
491	chr14:29918735-29919252	1	-84	NA	NA	NA	
492	chr14:30262259-30262838	1	-77	NA	NA	NA	
493	chr14:31546024-31546505	1	157	NA	NA	NA	
494	chr14:47344125-47344525	1	87	NA	NA	NA	
495	chr14:48984056-48984489	2	NA	NA	NA	NA	
496	chr14:49746176-49746564	2	NA	NA	NA	NA	
497	chr14:52054332-52054695	1	161	NA	NA	-103	
498	chr14:52411991-52412621	1	-90	NA	NA	NA	
499	chr14:52861363-52861829	1	75	NA	NA	NA	
500	chr14:53185265-53185922	1	88	NA	NA	NA	
501	chr14:53315513-53315902	2	NA	NA	NA	NA	
502	chr14:53418091-53418482	1	57	NA	NA	NA	
503	chr14:54557699-54558331	1	132	NA	NA	NA	
504	chr14:54572924-54573232	1	84	NA	NA	NA	
505	chr14:60000011-60000844	1	63	NA	NA	NA	
506	chr14:60001493-60001841	3	-149	-80	NA	NA	
507	chr14:61882083-61882635	1	47	NA	NA	NA	
508	chr14:63331238-63331572	3	-129	164	NA	NA	
509	chr14:63332197-63332630	2	NA	NA	NA	NA	
510	chr14:63838835-63839487	1	-48	NA	NA	NA	
511	chr14:63869308-63869861	1	99	NA	NA	NA	
512	chr14:63903815-63904390	2	NA	NA	NA	NA	
513	chr14:64284643-64284939	1	-56	NA	NA	NA	
514	chr14:65143309-65143982	1	141	NA	58	NA	
515	chr14:68800734-68801140	1	-141	NA	NA	NA	
516	chr14:73643178-73643496	1	32	NA	NA	NA	
517	chr14:74240241-74240780	4	NA	-170	NA	NA	
518	chr14:77293135-77293632	2	NA	NA	NA	NA	
519	chr14:78048662-78049214	1	167	NA	NA	NA	
520	chr14:85972683-85973333	1	-57	NA	NA	NA	
521	chr14:86271500-86271979	1	-21	NA	NA	NA	
522	chr14:100335448-100336117	3	-43	108	NA	NA	
523	chr14:101903496-101904009	4	NA	-136	NA	NA	
524	chr14:121050720-121051194	2	NA	NA	NA	NA	
525	chr14:121122794-121123315	2	NA	NA	NA	NA	
526	chr14:121135781-121136480	4	NA	-9	NA	NA	
527	chr14:121987628-121988181	1	-78	NA	NA	NA	
528	chr15:5055557-5055903	3	44	109	NA	NA	
529	chr15:5090449-5091182	2	NA	NA	NA	NA	
530	chr15:6472516-6473024	2	NA	NA	NA	NA	
531	chr15:9477862-9478397	3	-14	-117	NA	NA	
532	chr15:9525317-9526182	1	-161	NA	NA	NA	
533	chr15:12840065-12840604	1	148	NA	NA	NA	
534	chr15:25214309-25214809	4	NA	-87	NA	NA	
535	chr15:25750367-25750830	1	-181	NA	NA	NA	
536	chr15:37589441-37589864	1	18	NA	NA	NA	
537	chr15:50137409-50137827	3	-109	-160	NA	NA	
538	chr15:53158047-53158402	1	-69	NA	NA	NA	
539	chr15:58840666-58841251	1	-103	NA	NA	NA	
540	chr15:59953862-59954382	1	74	NA	NA	NA	
541	chr15:63992955-63993723	2	NA	NA	NA	NA	
542	chr15:66618536-66619219	1	81	NA	NA	NA	
543	chr15:66648231-66648517	1	-86	NA	NA	NA	
544	chr15:66958606-66958923	1	67	NA	NA	NA	
545	chr15:67239599-67240118	1	80	NA	NA	NA	
546	chr15:72989010-72989549	4	NA	118	NA	NA	
547	chr15:74879709-74880063	2	NA	NA	NA	NA	
548	chr15:74913300-74914403	2	NA	NA	NA	NA	
549	chr15:76498078-76498535	1	-26	NA	-66	NA	
550	chr15:77560579-77560950	2	NA	NA	NA	NA	
551	chr15:77798036-77798697	1	-164	NA	NA	NA	
552	chr15:78322121-78322765	1	88	NA	NA	NA	
553	chr15:78403449-78404117	1	-59	NA	NA	NA	
554	chr15:78750706-78751231	1	186	NA	NA	NA	
555	chr15:79710399-79710929	2	NA	NA	NA	NA	
556	chr15:80365444-80365899	1	-64	NA	NA	NA	
557	chr15:80762146-80762591	1	-37	NA	NA	NA	
558	chr15:81026740-81027081	1	42	NA	NA	NA	
559	chr15:81350111-81350580	1	-43	NA	NA	NA	
560	chr15:81843477-81843966	1	9	NA	NA	NA	
561	chr15:82182048-82182457	1	164	NA	NA	NA	
562	chr15:82742110-82742714	2	NA	NA	NA	NA	
563	chr15:82903482-82903932	1	22	NA	NA	NA	
564	chr15:83226559-83226876	2	NA	NA	NA	NA	
565	chr15:85005410-85005659	3	49	-28	NA	NA	
566	chr15:85636947-85637236	1	111	NA	NA	NA	
567	chr15:88974764-88975186	1	135	NA	NA	NA	
568	chr15:94063226-94063650	1	39	NA	NA	NA	
569	chr15:96114563-96114983	1	123	NA	NA	NA	
570	chr15:97201128-97201741	1	-63	NA	NA	NA	
571	chr15:97491538-97492001	1	48	NA	NA	NA	
572	chr15:97618067-97618568	1	-49	NA	NA	74	
573	chr15:98461916-98462207	1	69	NA	NA	NA	
574	chr15:98820427-98820797	1	-130	NA	NA	NA	
575	chr15:99079622-99080169	2	NA	NA	NA	NA	
576	chr15:99302049-99302345	1	4	NA	NA	NA	
577	chr15:100534350-100534619	1	98	NA	NA	NA	
578	chr15:100725724-100726064	1	85	NA	NA	NA	
579	chr15:101095703-101096085	1	147	NA	-78	NA	
580	chr15:102053206-102053740	1	-55	NA	NA	NA	
581	chr15:102067252-102067660	1	81	NA	NA	-42	
582	chr15:103097008-103097246	2	NA	NA	NA	NA	
583	chr16:3891640-3891994	3	-30	-122	NA	NA	
584	chr16:4298137-4298523	1	86	NA	NA	NA	
585	chr16:4499069-4499364	3	-113	130	NA	NA	
586	chr16:4697806-4698184	3	84	-44	NA	NA	
587	chr16:5308775-5309113	1	-75	NA	NA	NA	
588	chr16:8322068-8322417	1	60	NA	NA	-29	
589	chr16:8445318-8445743	3	57	-40	NA	NA	
590	chr16:8555101-8555428	3	-148	173	NA	NA	
591	chr16:10467515-10467873	1	45	NA	NA	NA	
592	chr16:10586066-10586573	3	-135	0	NA	NA	
593	chr16:10685623-10686068	1	-163	NA	NA	NA	
594	chr16:10882771-10883278	3	187	112	NA	NA	
595	chr16:16929323-16929686	1	147	NA	NA	NA	
596	chr16:17988717-17989104	1	175	NA	NA	NA	
597	chr16:18373390-18373926	1	151	NA	NA	NA	
598	chr16:22346896-22347596	1	-65	NA	NA	NA	
599	chr16:23089974-23090850	1	144	NA	NA	NA	
600	chr16:23760144-23760432	1	80	NA	NA	NA	
601	chr16:24066256-24066878	3	30	-130	NA	NA	
602	chr16:24454304-24454821	1	-26	NA	NA	NA	
603	chr16:30293932-30294499	1	188	NA	NA	NA	
604	chr16:32007738-32008213	4	NA	39	NA	NA	
605	chr16:32082826-32083420	1	-182	NA	NA	NA	
606	chr16:32732649-32733123	1	-127	NA	NA	-87	
607	chr16:33263297-33263738	3	103	-112	NA	NA	
608	chr16:33607517-33608217	1	-157	NA	NA	NA	
609	chr16:35901123-35901607	2	NA	NA	NA	NA	
610	chr16:36396036-36396614	4	NA	-88	NA	NA	
611	chr16:42091699-42092226	1	-44	NA	NA	NA	
612	chr16:43609311-43610082	2	NA	NA	NA	NA	
613	chr16:44610998-44611778	1	-151	NA	NA	NA	
614	chr16:44944465-44945189	3	83	-114	NA	NA	
615	chr16:45861422-45862209	1	1	NA	NA	NA	
616	chr16:48705805-48706526	1	-91	NA	NA	NA	
617	chr16:48728894-48729483	1	147	NA	NA	NA	
618	chr16:49710381-49711040	1	-49	NA	NA	NA	
619	chr16:49718296-49718859	2	NA	NA	NA	NA	
620	chr16:51594186-51594887	2	NA	NA	NA	NA	
621	chr16:52000769-52001760	3	-8	-188	NA	NA	
622	chr16:62838026-62838418	1	175	NA	NA	NA	
623	chr16:62882591-62882998	1	-151	NA	NA	NA	
624	chr16:64700695-64701263	1	75	NA	NA	NA	
625	chr16:75791775-75792236	1	-177	NA	NA	NA	
626	chr16:76108176-76108606	1	-172	NA	NA	NA	
627	chr16:76132179-76132753	1	176	NA	NA	NA	
628	chr16:76166354-76166896	1	43	NA	NA	NA	
629	chr16:76181999-76182686	2	NA	NA	NA	NA	
630	chr16:76219594-76219965	2	NA	NA	NA	NA	
631	chr16:76432055-76432670	1	-65	NA	NA	NA	
632	chr16:76891707-76892177	1	-98	NA	NA	NA	
633	chr16:76977808-76978182	1	142	NA	NA	NA	
634	chr16:78081773-78082161	1	-171	NA	NA	NA	
635	chr16:87213797-87214135	1	-120	NA	NA	NA	
636	chr16:87550831-87551160	1	107	NA	NA	NA	
637	chr16:87615148-87615704	1	46	NA	NA	NA	
638	chr16:89724382-89724947	1	128	NA	NA	NA	
639	chr16:89862000-89862424	4	NA	81	NA	NA	
640	chr16:89874570-89875406	1	-26	NA	NA	NA	
641	chr16:91263162-91263801	4	NA	-186	NA	NA	
642	chr16:91337059-91337387	1	43	NA	NA	NA	
643	chr16:91347209-91347664	1	-145	NA	NA	NA	
644	chr16:91359261-91359693	4	NA	1	NA	NA	
645	chr16:91379608-91380236	1	45	NA	NA	NA	
646	chr16:91423341-91423663	1	31	NA	NA	NA	
647	chr16:91434264-91434877	3	-44	18	NA	NA	
648	chr16:92529984-92530375	1	91	NA	NA	NA	
649	chr16:92690496-92690851	1	-46	NA	NA	NA	
650	chr16:92744540-92744937	2	NA	NA	NA	NA	
651	chr16:92939894-92940168	1	74	NA	NA	NA	
652	chr16:93664932-93665408	1	-125	NA	NA	NA	
653	chr16:93806876-93807209	1	-64	NA	NA	-123	
654	chr16:94422132-94422556	2	NA	NA	NA	NA	
655	chr16:95859000-95859575	1	85	NA	NA	NA	
656	chr16:95965664-95966211	1	40	NA	NA	NA	
657	chr17:5758260-5758894	1	-83	NA	NA	NA	
658	chr17:5760770-5761305	3	150	33	NA	NA	
659	chr17:7018887-7019169	1	51	NA	NA	NA	
660	chr17:8148984-8149447	1	-114	NA	NA	NA	
661	chr17:13418909-13419234	1	-20	NA	NA	NA	
662	chr17:15536504-15536761	1	-120	NA	NA	NA	
663	chr17:18422912-18423438	3	10	-74	-34	NA	
664	chr17:22128698-22129104	1	151	NA	NA	NA	
665	chr17:23290873-23291727	1	-113	NA	NA	NA	
666	chr17:23344432-23345142	3	135	-14	NA	NA	
667	chr17:23347997-23348503	1	38	NA	NA	NA	
668	chr17:23586045-23586816	1	-147	NA	NA	NA	
669	chr17:23890650-23891023	2	NA	NA	NA	NA	
670	chr17:24382626-24382889	2	NA	NA	NA	NA	
671	chr17:24414715-24415010	2	NA	NA	NA	NA	
672	chr17:24911745-24912305	1	102	NA	NA	NA	
673	chr17:27519850-27520507	1	-172	NA	NA	NA	
674	chr17:28056059-28056412	1	-79	NA	NA	NA	
675	chr17:28340043-28340854	1	41	NA	NA	NA	
676	chr17:28610001-28610316	2	NA	NA	NA	NA	
677	chr17:29074106-29074455	1	-95	NA	NA	NA	
678	chr17:29706938-29707473	1	63	NA	NA	NA	
679	chr17:30952559-30953199	3	123	-83	NA	NA	
680	chr17:31387476-31388066	1	87	NA	NA	NA	
681	chr17:32052490-32053027	2	NA	NA	NA	NA	
682	chr17:32771600-32771989	4	NA	-4	NA	NA	
683	chr17:33055877-33056241	1	-7	NA	NA	NA	
684	chr17:33588940-33589391	1	28	NA	NA	NA	
685	chr17:34568263-34568603	1	25	NA	81	NA	
686	chr17:35334973-35335510	2	NA	NA	NA	NA	
687	chr17:35631615-35632162	4	NA	12	NA	NA	
688	chr17:35839195-35839928	1	109	NA	NA	NA	
689	chr17:36590453-36590926	2	NA	NA	NA	NA	
690	chr17:39450946-39456987	1	-157	NA	NA	NA	
691	chr17:44117600-44118127	1	23	NA	NA	NA	
692	chr17:46312049-46312315	1	126	NA	NA	NA	
693	chr17:50873200-50873774	1	16	NA	NA	NA	
694	chr17:51278840-51279584	1	169	NA	NA	NA	
695	chr17:51627191-51628076	1	157	NA	NA	NA	
696	chr17:51743480-51743796	4	NA	55	NA	NA	
697	chr17:51813216-51814009	1	-104	NA	NA	NA	
698	chr17:55599056-55599301	2	NA	NA	NA	NA	
699	chr17:55669145-55669517	2	NA	NA	NA	NA	
700	chr17:55924911-55925243	1	-42	NA	NA	NA	
701	chr17:56745272-56746079	1	137	NA	NA	NA	
702	chr17:57023270-57023805	1	-64	NA	NA	NA	
703	chr17:70878024-70878814	4	NA	-74	NA	NA	
704	chr17:70891270-70891820	1	28	NA	NA	NA	
705	chr17:71365051-71365566	3	34	176	NA	NA	
706	chr17:72844445-72845129	1	-61	NA	NA	NA	
707	chr17:72992040-72992468	1	-49	NA	NA	NA	
708	chr17:73047328-73047639	1	-0	NA	NA	NA	
709	chr17:73209242-73209632	4	NA	-170	NA	NA	
710	chr17:80053959-80054563	4	NA	-168	NA	NA	
711	chr17:80083872-80084173	2	NA	NA	NA	NA	
712	chr17:83215284-83215715	1	109	NA	NA	NA	
713	chr17:83220708-83221228	3	113	-153	NA	NA	
714	chr17:83562968-83563604	1	62	NA	3	NA	
715	chr17:84024544-84025145	4	NA	167	NA	NA	
716	chr17:84071279-84071754	1	64	NA	NA	NA	
717	chr17:84238905-84239504	3	104	-49	NA	NA	
718	chr17:84328154-84328536	1	-72	NA	NA	NA	
719	chr17:86209627-86210014	3	-78	-24	NA	NA	
720	chr17:86687542-86687848	3	152	9	NA	NA	
721	chr17:87950688-87951260	4	NA	-145	NA	NA	
722	chr18:3005169-3006100	3	118	184	NA	NA	
723	chr18:3281556-3282014	1	-145	NA	NA	NA	
724	chr18:5162053-5162512	1	-187	NA	NA	NA	
725	chr18:13092148-13092648	1	73	NA	NA	NA	
726	chr18:21099920-21100534	1	113	NA	NA	NA	
727	chr18:33096818-33097405	4	NA	84	NA	NA	
728	chr18:38545110-38545742	3	-140	112	NA	NA	
729	chr18:39209006-39209322	2	NA	NA	NA	NA	
730	chr18:39266544-39266937	2	NA	NA	NA	NA	
731	chr18:39645027-39645948	2	NA	NA	NA	NA	
732	chr18:40434048-40434441	2	NA	NA	NA	NA	
733	chr18:42400883-42401611	2	NA	NA	NA	NA	
734	chr18:44527835-44528276	2	NA	NA	NA	NA	
735	chr18:50139648-50140152	1	-110	NA	NA	NA	
736	chr18:50153554-50153826	1	186	NA	NA	NA	
737	chr18:54824179-54824419	2	NA	NA	NA	NA	
738	chr18:55592120-55592824	1	-54	NA	NA	NA	
739	chr18:56064745-56065081	1	15	NA	NA	NA	
740	chr18:61098566-61099128	3	166	-111	NA	NA	
741	chr18:62250813-62251325	3	82	38	NA	NA	
742	chr18:62845301-62845918	1	67	NA	NA	NA	
743	chr18:64613823-64614432	3	-18	126	NA	NA	
744	chr18:65437741-65438259	4	NA	88	NA	NA	
745	chr18:67405929-67406348	1	32	NA	NA	NA	
746	chr18:67850232-67850772	1	-26	NA	NA	NA	
747	chr18:68352970-68353305	1	100	NA	NA	NA	
748	chr18:69077000-69077436	1	102	NA	NA	NA	
749	chr18:73658580-73659009	2	NA	NA	NA	NA	
750	chr18:74393749-74394282	1	178	NA	NA	NA	
751	chr18:75403809-75404533	4	NA	-143	NA	NA	
752	chr18:75447445-75448234	2	NA	NA	NA	NA	
753	chr18:75502742-75503380	3	67	96	NA	NA	
754	chr18:77140032-77140467	1	94	NA	NA	NA	
755	chr18:79465506-79466155	1	-119	NA	NA	NA	
756	chr18:80900205-80900786	3	-180	31	NA	NA	
757	chr18:82024766-82025190	4	NA	-5	NA	NA	
758	chr18:82355567-82355940	1	-175	NA	NA	NA	
759	chr18:82638038-82638518	1	188	NA	NA	NA	
760	chr18:82818636-82819061	2	NA	NA	NA	NA	
761	chr18:82826760-82827133	2	NA	NA	NA	NA	
762	chr18:85020823-85021267	1	36	NA	NA	NA	
763	chr18:85832043-85832514	2	NA	NA	NA	NA	
764	chr18:89340272-89340891	1	-88	NA	NA	NA	
765	chr19:3554329-3554719	2	NA	NA	NA	NA	
766	chr19:4119504-4120125	3	-83	178	NA	NA	
767	chr19:4878417-4879248	1	-191	NA	NA	NA	
768	chr19:5911362-5911792	1	94	NA	NA	NA	
769	chr19:7019755-7020087	1	81	NA	NA	NA	
770	chr19:8319179-8319450	2	NA	NA	NA	NA	
771	chr19:9122681-9123127	3	41	52	NA	NA	
772	chr19:10936622-10936894	1	-68	NA	NA	NA	
773	chr19:11368194-11368798	1	-104	NA	NA	NA	
774	chr19:11583793-11584480	1	-76	NA	NA	NA	
775	chr19:11656932-11657464	1	75	NA	NA	NA	
776	chr19:12093505-12094126	4	NA	81	NA	NA	
777	chr19:12608590-12609343	1	-113	NA	NA	NA	
778	chr19:12863588-12864077	4	NA	92	NA	NA	
779	chr19:15991743-15992441	2	NA	NA	NA	NA	
780	chr19:23390214-23390823	1	-144	NA	NA	NA	
781	chr19:24622059-24622336	2	NA	NA	NA	NA	
782	chr19:25427723-25428188	3	6	112	NA	NA	
783	chr19:29519716-29520457	1	-40	NA	NA	NA	
784	chr19:31276346-31276966	1	-125	NA	NA	NA	
785	chr19:32214760-32215100	2	NA	NA	NA	NA	
786	chr19:32341351-32342072	1	-156	NA	NA	NA	
787	chr19:32531126-32531539	1	-177	NA	NA	NA	
788	chr19:33147398-33148003	3	-126	-10	NA	NA	
789	chr19:33432415-33433188	1	11	NA	NA	116	
790	chr19:34549651-34549920	1	103	NA	NA	NA	
791	chr19:36589581-36590073	1	16	NA	NA	NA	
792	chr19:37624754-37625187	4	NA	-168	NA	NA	
793	chr19:38118832-38119235	2	NA	NA	NA	NA	
794	chr19:38466528-38466908	1	80	NA	NA	NA	
795	chr19:41075618-41076029	1	67	NA	NA	NA	
796	chr19:43577599-43578183	2	NA	NA	NA	NA	
797	chr19:44337852-44338375	2	NA	NA	NA	NA	
798	chr19:45117204-45117580	1	31	NA	NA	NA	
799	chr19:46524181-46524653	3	157	-167	NA	NA	
800	chr19:47566161-47566702	1	103	NA	NA	NA	
801	chr19:47971878-47972550	1	109	NA	NA	NA	
802	chr19:53238819-53239165	1	-104	NA	NA	NA	
803	chr19:54100608-54101120	1	-76	NA	NA	NA	
804	chr19:55369479-55369938	1	155	NA	NA	NA	
805	chr19:55742748-55743208	3	180	36	NA	NA	
806	chr19:58196849-58197312	1	-156	NA	NA	NA	
807	chr19:61254063-61254594	2	NA	NA	NA	NA	
808	chr2:6637752-6638384	1	71	NA	NA	NA	
809	chr2:9482437-9482860	1	2	NA	NA	NA	
810	chr2:9743444-9743930	1	89	NA	NA	NA	
811	chr2:9796963-9797511	1	-155	NA	NA	NA	
812	chr2:9915412-9915959	1	-79	NA	NA	NA	
813	chr2:11110988-11111529	4	NA	-45	NA	NA	
814	chr2:11112858-11113423	1	147	NA	NA	NA	
815	chr2:11123631-11124024	1	-94	NA	NA	NA	
816	chr2:11130065-11130481	1	-29	NA	NA	NA	
817	chr2:11135918-11136425	4	NA	126	NA	NA	
818	chr2:11580693-11581085	1	29	NA	NA	NA	
819	chr2:13353328-13353698	1	183	NA	NA	NA	
820	chr2:13636520-13636845	1	-130	NA	NA	NA	
821	chr2:17281388-17281983	1	81	NA	NA	NA	
822	chr2:22596396-22596919	2	NA	NA	NA	NA	
823	chr2:24571951-24572419	1	181	NA	NA	NA	
824	chr2:25356125-25356628	1	-59	NA	NA	NA	
825	chr2:26560736-26561299	1	-144	NA	NA	NA	
826	chr2:26575209-26575846	1	110	NA	NA	NA	
827	chr2:29494551-29495115	1	-113	NA	NA	NA	
828	chr2:30416606-30417342	1	128	NA	NA	NA	
829	chr2:30937067-30937506	1	6	NA	NA	NA	
830	chr2:31772874-31773385	1	110	NA	NA	NA	
831	chr2:31879484-31879982	1	-163	NA	NA	NA	
832	chr2:32185395-32185864	3	54	-83	NA	NA	
833	chr2:32226843-32227130	1	127	NA	NA	32	
834	chr2:32245390-32245728	1	-101	NA	NA	NA	
835	chr2:32317033-32317708	3	138	-100	-177	NA	
836	chr2:32342398-32342667	2	NA	NA	NA	NA	
837	chr2:32516031-32516486	1	-105	NA	NA	NA	
838	chr2:33366001-33366449	4	NA	-39	NA	NA	
839	chr2:34783759-34784244	1	27	NA	NA	NA	
840	chr2:35244390-35244734	1	102	NA	-174	NA	
841	chr2:35803828-35804467	1	33	NA	NA	NA	
842	chr2:37593638-37594279	1	-135	NA	NA	84	
843	chr2:43549638-43550239	1	129	NA	NA	NA	
844	chr2:43620608-43621008	1	-53	NA	NA	NA	
845	chr2:48295032-48295375	1	79	NA	NA	NA	
846	chr2:52200838-52201174	2	NA	NA	NA	NA	
847	chr2:52873614-52873981	1	-43	NA	NA	NA	
848	chr2:57968987-57969564	1	187	NA	NA	NA	
849	chr2:57994329-57994904	1	-89	NA	NA	NA	
850	chr2:59270552-59271296	1	-98	NA	NA	NA	
851	chr2:59801129-59801428	2	NA	NA	NA	NA	
852	chr2:60724516-60725040	1	92	NA	NA	NA	
853	chr2:62152900-62153273	1	-39	NA	NA	NA	
854	chr2:68231256-68231642	2	NA	NA	NA	NA	
855	chr2:68271965-68272375	1	138	NA	NA	NA	
856	chr2:70675924-70676338	4	NA	141	NA	NA	
857	chr2:70833081-70833747	1	68	NA	NA	NA	
858	chr2:71160936-71161458	1	48	NA	NA	NA	
859	chr2:71946997-71947442	1	-143	NA	NA	NA	
860	chr2:72083422-72084012	1	129	NA	NA	NA	
861	chr2:72293867-72294377	2	NA	NA	NA	NA	
862	chr2:72658595-72658888	1	111	NA	NA	NA	
863	chr2:72813472-72813864	2	NA	NA	NA	NA	
864	chr2:74505477-74505852	1	-164	NA	NA	NA	
865	chr2:74873725-74874457	1	108	NA	NA	NA	
866	chr2:74920035-74920571	1	-49	NA	NA	NA	
867	chr2:75923027-75923496	3	112	-77	NA	NA	
868	chr2:79038886-79039439	1	-141	NA	NA	NA	
869	chr2:79050467-79051228	1	-166	NA	NA	NA	
870	chr2:84580057-84580704	1	60	NA	NA	NA	
871	chr2:91056949-91057385	1	164	NA	NA	NA	
872	chr2:91785267-91785511	1	-76	NA	NA	NA	
873	chr2:93259783-93260402	4	NA	74	NA	NA	
874	chr2:93272092-93272480	1	-72	NA	NA	NA	
875	chr2:94238700-94239163	1	-71	NA	NA	NA	
876	chr2:102652880-102653310	4	NA	107	NA	NA	
877	chr2:103703212-103703532	3	103	49	NA	NA	
878	chr2:104326233-104326886	1	145	NA	NA	NA	
879	chr2:104390936-104391396	2	NA	NA	NA	NA	
880	chr2:117034037-117034716	1	-112	NA	NA	NA	
881	chr2:117108861-117109412	1	59	NA	NA	NA	
882	chr2:118329586-118330042	1	-103	NA	NA	NA	
883	chr2:118453937-118454288	1	84	NA	NA	NA	
884	chr2:118942047-118942851	1	-125	NA	NA	-80	
885	chr2:118979879-118980277	2	NA	NA	NA	NA	
886	chr2:121109596-121109977	4	NA	-86	NA	NA	
887	chr2:122445015-122445489	1	186	NA	NA	NA	
888	chr2:125468629-125468943	2	NA	NA	NA	NA	
889	chr2:127310753-127311183	2	NA	NA	NA	NA	
890	chr2:127618984-127619420	1	17	NA	NA	NA	
891	chr2:128191124-128191719	1	129	NA	-148	NA	
892	chr2:128619840-128620379	2	NA	NA	NA	NA	
893	chr2:129366433-129366811	2	NA	NA	NA	NA	
894	chr2:131114059-131114627	3	110	5	NA	NA	
895	chr2:131954307-131954594	2	NA	NA	NA	NA	
896	chr2:132299102-132299477	1	85	NA	NA	NA	
897	chr2:139467705-139468087	3	-161	183	133	NA	
898	chr2:143991765-143992057	2	NA	NA	NA	NA	
899	chr2:145524003-145524471	3	-33	48	NA	NA	
900	chr2:147074680-147074986	2	NA	NA	NA	NA	
901	chr2:149803039-149803428	3	59	131	NA	NA	
902	chr2:150358661-150358908	3	112	-82	NA	NA	
903	chr2:151234989-151235417	2	NA	NA	NA	NA	
904	chr2:152480998-152481285	3	112	89	NA	NA	
905	chr2:153217065-153217726	3	-106	-182	NA	NA	
906	chr2:154546662-154547252	1	-105	NA	NA	NA	
907	chr2:155246023-155246585	4	NA	-23	NA	NA	
908	chr2:155870764-155871445	1	-101	NA	NA	NA	
909	chr2:155881511-155881950	1	-71	NA	NA	NA	
910	chr2:156813197-156813483	1	185	NA	NA	NA	
911	chr2:156838813-156839491	1	-0	NA	NA	NA	
912	chr2:158100587-158101161	1	-42	NA	NA	NA	
913	chr2:162920451-162920986	1	122	NA	NA	NA	
914	chr2:162944616-162945195	1	132	NA	NA	NA	
915	chr2:163334045-163334605	2	NA	NA	NA	NA	
916	chr2:164225516-164225836	1	154	NA	NA	NA	
917	chr2:165012798-165013368	4	NA	172	NA	NA	
918	chr2:166347740-166348286	4	NA	-126	NA	NA	
919	chr2:166445959-166446325	3	-137	125	NA	NA	
920	chr2:167325595-167326194	1	98	NA	NA	NA	
921	chr2:167414969-167415298	4	NA	-32	NA	NA	
922	chr2:167578943-167579592	1	83	NA	NA	NA	
923	chr2:168286836-168287439	2	NA	NA	NA	NA	
924	chr2:172872527-172873094	2	NA	NA	NA	NA	
925	chr2:172992817-172993187	1	129	NA	NA	NA	
926	chr2:180203001-180203459	1	-184	NA	NA	NA	
927	chr2:181846591-181847745	1	123	NA	NA	NA	
928	chr3:8749642-8750312	2	NA	NA	NA	NA	
929	chr3:9809231-9809575	1	-72	NA	NA	NA	
930	chr3:20414802-20415490	3	-102	-55	NA	NA	
931	chr3:28515582-28515982	1	-109	NA	NA	NA	
932	chr3:31289377-31290008	1	-48	NA	NA	NA	
933	chr3:32851957-32852186	1	74	NA	NA	NA	
934	chr3:32900462-32901056	2	NA	NA	NA	NA	
935	chr3:37831246-37831605	2	NA	NA	NA	NA	
936	chr3:40841862-40842424	2	NA	NA	NA	NA	
937	chr3:41204075-41204643	1	-172	NA	NA	NA	
938	chr3:51427605-51428052	1	143	NA	NA	NA	
939	chr3:51761645-51762005	3	36	188	NA	NA	
940	chr3:52285962-52286436	1	153	NA	NA	NA	
941	chr3:52485832-52486301	1	179	NA	NA	NA	
942	chr3:52546480-52547003	3	-29	-10	NA	NA	
943	chr3:52928139-52928569	1	-104	NA	NA	NA	
944	chr3:52944439-52944867	1	-19	NA	NA	NA	
945	chr3:52966140-52966853	3	-76	0	-140	NA	
946	chr3:54811790-54812176	1	92	NA	NA	NA	
947	chr3:55167916-55168445	1	68	NA	NA	-127	
948	chr3:55831796-55832312	4	NA	-43	NA	NA	
949	chr3:59218489-59218784	1	105	NA	NA	NA	
950	chr3:60689433-60690100	1	-101	NA	NA	NA	
951	chr3:61497514-61497945	1	31	NA	NA	NA	
952	chr3:64049265-64049541	1	-77	NA	NA	NA	
953	chr3:69293176-69293679	1	16	NA	NA	NA	
954	chr3:69809701-69810153	2	NA	NA	NA	NA	
955	chr3:79213748-79214240	1	97	NA	NA	NA	
956	chr3:84128429-84129039	3	27	2	NA	NA	
957	chr3:84934679-84935288	1	101	NA	NA	NA	
958	chr3:87598159-87598727	1	-75	NA	NA	NA	
959	chr3:88227523-88228244	1	160	NA	NA	NA	
960	chr3:89467916-89468546	1	100	NA	NA	NA	
961	chr3:89958173-89958827	2	NA	NA	NA	NA	
962	chr3:90340001-90340426	2	NA	NA	NA	NA	
963	chr3:96059168-96059544	1	-72	NA	NA	NA	
964	chr3:96642221-96642756	1	166	NA	NA	NA	
965	chr3:96665282-96666054	1	-106	NA	NA	NA	
966	chr3:100609514-100609971	4	NA	138	166	NA	
967	chr3:100940844-100941345	2	NA	NA	NA	NA	
968	chr3:101425424-101426055	1	100	NA	NA	NA	
969	chr3:101734712-101735289	1	-73	NA	NA	NA	
970	chr3:103526580-103527032	4	NA	49	NA	NA	
971	chr3:103997248-103997777	1	-54	NA	NA	NA	
972	chr3:104745187-104745512	4	NA	140	NA	NA	
973	chr3:105832974-105833418	1	34	NA	NA	NA	
974	chr3:105896657-105896975	4	NA	139	NA	NA	
975	chr3:105943171-105943806	1	82	NA	NA	NA	
976	chr3:106590526-106591139	1	23	NA	NA	NA	
977	chr3:106916468-106917160	3	40	-22	NA	NA	
978	chr3:107208804-107209317	1	-26	NA	NA	NA	
979	chr3:107227892-107228502	2	NA	NA	NA	NA	
980	chr3:109480210-109480721	2	NA	NA	NA	NA	
981	chr3:115674643-115675091	1	-4	NA	NA	NA	
982	chr3:115720996-115721716	1	-35	NA	NA	NA	
983	chr3:121539815-121540206	4	NA	28	NA	NA	
984	chr3:126652638-126652961	1	83	NA	NA	NA	
985	chr3:126826719-126827227	4	NA	119	NA	NA	
986	chr3:127755021-127755813	1	-14	NA	NA	NA	
987	chr3:130680350-130680850	1	-58	NA	NA	NA	
988	chr3:130799100-130799623	1	129	NA	NA	NA	
989	chr3:131008264-131008778	4	NA	-98	NA	NA	
990	chr3:131101269-131101797	1	-38	NA	NA	NA	
991	chr3:131197570-131198317	1	168	NA	NA	NA	
992	chr3:131323494-131323871	3	45	175	NA	NA	
993	chr3:135656491-135657027	1	-72	NA	NA	NA	
994	chr3:136468995-136469562	1	-102	NA	NA	NA	
995	chr3:136680056-136680680	3	-79	-137	NA	NA	
996	chr3:136693150-136693558	1	7	NA	NA	NA	
997	chr3:138680452-138680708	1	168	NA	NA	NA	
998	chr3:144169464-144169800	2	NA	NA	NA	NA	
999	chr3:145887923-145888344	3	72	-59	-102	NA	
1000	chr3:146623659-146624374	1	26	NA	NA	NA	
1001	chr3:148447744-148448149	3	-126	-24	NA	NA	
1002	chr3:152863662-152863902	1	98	NA	NA	NA	
1003	chr3:152893407-152894026	2	NA	NA	NA	NA	
1004	chr3:157873904-157874228	4	NA	110	NA	NA	
1005	chr4:6829081-6829763	1	76	NA	NA	NA	
1006	chr4:6902861-6903554	1	-121	NA	NA	NA	
1007	chr4:7375682-7376248	1	-108	NA	NA	NA	
1008	chr4:8655922-8656319	1	-107	NA	NA	NA	
1009	chr4:8710253-8710897	1	40	NA	NA	NA	
1010	chr4:8993462-8994034	1	53	NA	NA	NA	
1011	chr4:9264520-9264846	1	-72	NA	NA	NA	
1012	chr4:10696934-10697674	1	105	NA	NA	NA	
1013	chr4:14809055-14809395	3	-100	-134	NA	NA	
1014	chr4:15200131-15200801	1	60	NA	NA	NA	
1015	chr4:16090963-16091428	2	NA	NA	NA	NA	
1016	chr4:32476798-32477220	1	52	NA	NA	NA	
1017	chr4:32586656-32587275	4	NA	-42	NA	NA	
1018	chr4:32591578-32592223	4	NA	-120	NA	NA	
1019	chr4:32616365-32617060	1	-52	NA	NA	NA	
1020	chr4:32620013-32620662	1	121	NA	NA	NA	
1021	chr4:32716576-32716875	1	-93	NA	NA	NA	
1022	chr4:33576468-33577254	4	NA	83	NA	NA	
1023	chr4:33617711-33618094	1	35	NA	NA	NA	
1024	chr4:34316905-34317430	1	60	NA	NA	NA	
1025	chr4:35344796-35345276	2	NA	NA	NA	NA	
1026	chr4:41027864-41028286	1	-145	NA	NA	NA	
1027	chr4:41065329-41065892	1	-169	NA	57	NA	
1028	chr4:44337370-44337784	3	-42	-76	NA	NA	
1029	chr4:44994586-44995094	1	171	NA	NA	NA	
1030	chr4:45429933-45430247	1	176	NA	-42	NA	
1031	chr4:46172665-46173533	3	-105	176	NA	NA	
1032	chr4:46409525-46410309	1	-51	NA	NA	NA	
1033	chr4:47340512-47341327	3	114	88	187	NA	
1034	chr4:53299183-53299598	4	NA	-76	NA	NA	
1035	chr4:59385007-59385339	1	-100	NA	NA	NA	
1036	chr4:59431905-59432311	1	95	NA	NA	NA	
1037	chr4:62148033-62148383	2	NA	NA	NA	NA	
1038	chr4:62293196-62293428	3	93	-124	NA	NA	
1039	chr4:69864396-69864719	2	NA	NA	NA	NA	
1040	chr4:86357461-86358042	1	150	NA	NA	NA	
1041	chr4:87505517-87506142	4	NA	-68	NA	NA	
1042	chr4:87542146-87542409	1	107	NA	NA	NA	
1043	chr4:88112263-88112567	1	112	NA	NA	NA	
1044	chr4:99445884-99446298	1	-38	NA	NA	NA	
1045	chr4:102056284-102056545	1	118	NA	NA	NA	
1046	chr4:102209749-102210229	1	-19	NA	NA	NA	
1047	chr4:106292130-106292704	1	64	NA	NA	NA	
1048	chr4:111185425-111185839	1	-170	NA	NA	NA	
1049	chr4:115513488-115513867	2	NA	NA	NA	NA	
1050	chr4:116975956-116976534	3	119	87	NA	NA	
1051	chr4:118607012-118607489	4	NA	-79	NA	NA	
1052	chr4:118625251-118625775	2	NA	NA	NA	NA	
1053	chr4:120483954-120484682	1	-64	NA	NA	NA	
1054	chr4:122375239-122375640	1	143	NA	NA	NA	
1055	chr4:124254788-124255187	1	-86	NA	NA	NA	
1056	chr4:124640613-124641110	4	NA	-149	NA	NA	
1057	chr4:125605851-125606557	1	-49	NA	126	NA	
1058	chr4:128119737-128120079	2	NA	NA	NA	NA	
1059	chr4:128643068-128643459	1	150	NA	NA	NA	
1060	chr4:129203795-129204182	1	153	NA	NA	NA	
1061	chr4:129296224-129296750	1	-80	NA	150	NA	
1062	chr4:130186166-130186664	2	NA	NA	NA	NA	
1063	chr4:132013671-132013903	1	60	NA	NA	NA	
1064	chr4:132115154-132115840	1	152	NA	NA	NA	
1065	chr4:132983705-132984267	1	-94	NA	NA	NA	
1066	chr4:133000141-133000605	4	NA	175	NA	NA	
1067	chr4:133028777-133029113	1	-78	NA	NA	NA	
1068	chr4:133099940-133100288	4	NA	-121	NA	NA	
1069	chr4:134478230-134478605	1	153	NA	NA	NA	
1070	chr4:134708371-134708939	4	NA	-73	NA	NA	
1071	chr4:134908685-134909066	1	40	NA	NA	NA	
1072	chr4:135127623-135128098	1	51	NA	NA	NA	
1073	chr4:135293640-135294080	2	NA	NA	NA	NA	
1074	chr4:135332076-135332483	1	150	NA	NA	NA	
1075	chr4:135401722-135401989	1	97	NA	NA	NA	
1076	chr4:135582427-135582723	1	129	NA	NA	NA	
1077	chr4:136866437-136867066	1	111	NA	NA	-82	
1078	chr4:140224504-140225141	1	-64	NA	NA	NA	
1079	chr4:140482574-140482955	2	NA	NA	NA	NA	
1080	chr4:147910544-147911199	1	172	NA	NA	NA	
1081	chr4:148313373-148313815	4	NA	-0	NA	NA	
1082	chr4:148700135-148700660	4	NA	112	NA	NA	
1083	chr4:148715387-148715891	4	NA	17	NA	NA	
1084	chr4:149401719-149402209	1	-104	NA	NA	NA	
1085	chr4:153993957-153994637	2	NA	NA	NA	NA	
1086	chr4:154865851-154866393	1	1	NA	NA	NA	
1087	chr5:8845645-8846099	1	-125	NA	NA	NA	
1088	chr5:9003179-9003563	1	86	NA	NA	NA	
1089	chr5:9097424-9097686	2	NA	NA	NA	NA	
1090	chr5:20463717-20464416	1	173	NA	NA	NA	
1091	chr5:20922993-20923512	1	-109	NA	NA	NA	
1092	chr5:23149074-23149632	1	34	NA	NA	NA	
1093	chr5:28402454-28403134	3	42	16	NA	NA	
1094	chr5:28646414-28646767	4	NA	67	NA	NA	
1095	chr5:30066223-30066839	2	NA	NA	NA	NA	
1096	chr5:31238244-31238550	1	-109	NA	NA	NA	
1097	chr5:36017884-36018224	1	160	NA	NA	NA	
1098	chr5:37010580-37010914	1	119	NA	NA	NA	
1099	chr5:37277465-37278146	1	102	NA	NA	NA	
1100	chr5:52430221-52430559	1	169	NA	NA	NA	
1101	chr5:53198379-53198692	2	NA	NA	NA	NA	
1102	chr5:63079028-63079424	1	-106	NA	NA	NA	
1103	chr5:64659598-64660191	4	NA	-79	NA	NA	
1104	chr5:64955624-64956327	3	74	-42	NA	NA	
1105	chr5:65086012-65086425	1	80	NA	NA	NA	
1106	chr5:65093715-65094046	1	-148	NA	NA	NA	
1107	chr5:65305185-65305507	2	NA	NA	NA	NA	
1108	chr5:65381663-65382013	1	-45	NA	NA	NA	
1109	chr5:66152347-66152925	3	-90	9	NA	NA	
1110	chr5:66200467-66201006	3	-20	163	NA	NA	
1111	chr5:72451642-72452145	1	-163	NA	NA	NA	
1112	chr5:72913816-72914453	2	NA	NA	NA	NA	
1113	chr5:87145850-87146302	1	-113	NA	NA	NA	
1114	chr5:92026756-92027200	1	148	NA	NA	NA	
1115	chr5:93402495-93403073	1	-67	NA	NA	NA	
1116	chr5:93564752-93565202	1	119	NA	NA	NA	
1117	chr5:94208622-94209029	2	NA	NA	NA	NA	
1118	chr5:97065207-97065675	2	NA	NA	NA	NA	
1119	chr5:97153139-97153375	2	NA	NA	NA	NA	
1120	chr5:101112207-101112539	1	99	NA	NA	NA	
1121	chr5:103741491-103741874	1	-73	NA	NA	NA	
1122	chr5:105222901-105223194	4	NA	55	NA	NA	
1123	chr5:105758407-105758976	1	-10	NA	NA	NA	
1124	chr5:105925269-105925557	4	NA	88	NA	NA	
1125	chr5:107256056-107256387	2	NA	NA	NA	NA	
1126	chr5:107499893-107500369	2	NA	NA	NA	NA	
1127	chr5:107505126-107505825	1	-91	NA	NA	NA	
1128	chr5:107535461-107535963	2	NA	NA	NA	NA	
1129	chr5:107989222-107989863	3	118	141	NA	NA	
1130	chr5:110334665-110335076	1	80	NA	NA	NA	
1131	chr5:110524910-110525256	2	NA	NA	NA	NA	
1132	chr5:111079860-111080447	1	-144	NA	NA	NA	
1133	chr5:111298732-111299210	1	-60	NA	NA	NA	
1134	chr5:111570757-111571283	2	NA	NA	NA	NA	
1135	chr5:111749194-111749812	1	79	NA	-178	NA	
1136	chr5:112511391-112512169	1	179	NA	NA	NA	
1137	chr5:112527032-112527605	1	137	NA	NA	NA	
1138	chr5:114766222-114766548	2	NA	NA	NA	NA	
1139	chr5:114900320-114900790	3	186	28	NA	-48	
1140	chr5:115183197-115183680	2	NA	NA	NA	NA	
1141	chr5:115344477-115344724	4	NA	121	NA	NA	
1142	chr5:115352845-115353447	1	109	NA	NA	NA	
1143	chr5:116015882-116016247	3	144	-116	NA	NA	
1144	chr5:118297872-118298346	2	NA	NA	NA	NA	
1145	chr5:118330422-118330826	2	NA	NA	NA	NA	
1146	chr5:118342844-118343484	1	-112	NA	-17	NA	
1147	chr5:120909215-120909554	1	-48	NA	NA	NA	
1148	chr5:122492377-122492937	1	93	NA	NA	NA	
1149	chr5:122632768-122633340	2	NA	NA	NA	NA	
1150	chr5:122661992-122662259	4	NA	-119	NA	NA	
1151	chr5:123250928-123251711	1	-32	NA	NA	NA	
1152	chr5:124335444-124336103	2	NA	NA	NA	NA	
1153	chr5:125730527-125730921	2	NA	NA	NA	NA	
1154	chr5:130131212-130131866	1	124	NA	NA	NA	
1155	chr5:130488733-130489168	1	-84	NA	NA	NA	
1156	chr5:134550423-134550872	1	107	NA	NA	NA	
1157	chr5:134767022-134767600	1	34	NA	NA	NA	
1158	chr5:135226422-135226992	1	-52	NA	-26	NA	
1159	chr5:135244835-135245392	2	NA	NA	NA	NA	
1160	chr5:135309571-135309897	3	65	147	NA	NA	
1161	chr5:136420681-136421106	1	-74	NA	NA	NA	
1162	chr5:137448901-137449335	2	NA	NA	NA	NA	
1163	chr5:137814910-137815381	4	NA	-145	NA	NA	
1164	chr5:138017082-138017615	1	156	NA	NA	NA	
1165	chr5:138887190-138887832	1	3	NA	NA	NA	
1166	chr5:139635559-139636232	2	NA	NA	NA	NA	
1167	chr5:141297347-141297885	3	116	-38	NA	NA	
1168	chr5:141314750-141315117	3	-105	35	NA	NA	
1169	chr5:142692115-142692796	2	NA	NA	NA	NA	
1170	chr5:143397928-143398470	1	-145	NA	NA	NA	
1171	chr5:144476966-144477407	1	25	NA	NA	NA	
1172	chr5:145484953-145485379	1	-31	NA	NA	NA	
1173	chr5:147469754-147470102	1	115	NA	NA	NA	
1174	chr5:148709574-148710311	1	41	NA	NA	NA	
1175	chr5:149556464-149556837	1	70	NA	NA	NA	
1176	chr5:150044442-150044988	1	40	NA	NA	NA	
1177	chr5:150808322-150808894	2	NA	NA	NA	NA	
1178	chr6:17015381-17015831	4	NA	-52	NA	NA	
1179	chr6:22299371-22299998	1	152	NA	NA	NA	
1180	chr6:28300866-28301603	2	NA	NA	NA	NA	
1181	chr6:29803546-29804131	2	NA	NA	NA	NA	
1182	chr6:30251663-30251900	1	-79	NA	130	NA	
1183	chr6:30290261-30290563	1	126	NA	NA	NA	
1184	chr6:30301121-30301580	2	NA	NA	NA	NA	
1185	chr6:34086215-34086760	1	-71	NA	NA	NA	
1186	chr6:34247532-34248106	1	137	NA	NA	NA	
1187	chr6:35064115-35064465	1	61	NA	NA	NA	
1188	chr6:39308730-39309406	2	NA	NA	NA	NA	
1189	chr6:41483744-41484443	1	-1	NA	NA	NA	
1190	chr6:47325469-47325984	1	-184	NA	NA	NA	
1191	chr6:48013214-48013491	4	NA	-137	NA	NA	
1192	chr6:48609474-48609974	2	NA	NA	NA	NA	
1193	chr6:48662416-48662960	1	-97	NA	NA	NA	
1194	chr6:49938902-49939520	1	116	NA	NA	NA	
1195	chr6:50346467-50346953	1	145	NA	NA	NA	
1196	chr6:51310757-51311343	1	41	NA	NA	NA	
1197	chr6:51438863-51439268	1	11	NA	NA	NA	
1198	chr6:52045369-52045819	2	NA	NA	NA	NA	
1199	chr6:56852989-56853459	1	-0	NA	NA	NA	
1200	chr6:58762181-58762767	1	-99	NA	NA	NA	
1201	chr6:59355569-59356101	1	149	NA	NA	NA	
1202	chr6:65927799-65928387	1	-143	NA	NA	NA	
1203	chr6:66966800-66967307	2	NA	NA	NA	NA	
1204	chr6:66985558-66985918	4	NA	183	NA	NA	
1205	chr6:70745122-70745538	1	-52	NA	NA	NA	
1206	chr6:70773335-70773840	1	121	NA	NA	NA	
1207	chr6:71850263-71850699	2	NA	NA	NA	NA	
1208	chr6:71892219-71892602	4	NA	60	NA	NA	
1209	chr6:71909720-71910210	1	148	NA	NA	NA	
1210	chr6:72403251-72403609	1	-127	NA	NA	NA	
1211	chr6:72441797-72442429	1	-56	NA	-153	NA	
1212	chr6:72531194-72531641	4	NA	138	NA	NA	
1213	chr6:72922748-72923411	1	57	NA	NA	NA	
1214	chr6:82837678-82838063	1	46	NA	NA	NA	
1215	chr6:82887261-82888135	3	75	116	NA	NA	
1216	chr6:83456248-83456790	1	52	NA	NA	NA	
1217	chr6:84622183-84622746	3	125	-164	NA	NA	
1218	chr6:86816054-86816585	1	165	NA	NA	NA	
1219	chr6:86875576-86876029	1	47	NA	NA	NA	
1220	chr6:87006448-87007068	1	179	NA	NA	NA	
1221	chr6:87507612-87508271	1	192	NA	47	NA	
1222	chr6:90638803-90639223	1	10	NA	NA	NA	
1223	chr6:90747882-90748212	1	142	NA	NA	NA	
1224	chr6:91090453-91090879	3	16	-68	NA	NA	
1225	chr6:94630569-94631180	2	NA	NA	NA	NA	
1226	chr6:94792212-94792449	2	NA	NA	NA	NA	
1227	chr6:97488472-97488902	1	-117	NA	NA	NA	
1228	chr6:98989061-98989372	1	176	NA	NA	NA	
1229	chr6:99186038-99186526	1	34	NA	NA	NA	
1230	chr6:99226307-99226729	1	23	NA	NA	NA	
1231	chr6:99354559-99355016	3	42	11	NA	NA	
1232	chr6:99623899-99624488	1	63	NA	NA	NA	
1233	chr6:99631258-99631930	1	112	NA	NA	NA	
1234	chr6:100403846-100404395	1	72	NA	-117	NA	
1235	chr6:103614717-103615066	2	NA	NA	NA	NA	
1236	chr6:108135169-108135682	2	NA	NA	NA	NA	
1237	chr6:108470624-108470952	3	-92	133	NA	NA	
1238	chr6:108798675-108799234	1	-143	NA	NA	NA	
1239	chr6:117857742-117857973	3	-136	103	NA	NA	
1240	chr6:119868077-119868475	1	35	NA	NA	NA	
1241	chr6:120013197-120013868	1	67	NA	NA	NA	
1242	chr6:120322825-120323176	1	-190	NA	NA	NA	
1243	chr6:120801546-120801965	2	NA	NA	NA	NA	
1244	chr6:121183524-121183885	1	-117	NA	NA	NA	
1245	chr6:122707897-122708541	1	-124	NA	NA	NA	
1246	chr6:124630547-124630926	1	19	NA	NA	NA	
1247	chr6:124715931-124716510	1	111	NA	NA	NA	
1248	chr6:125230765-125231228	1	190	NA	NA	NA	
1249	chr6:125391656-125392483	1	-89	NA	NA	-145	
1250	chr6:126814602-126815033	4	NA	115	NA	NA	
1251	chr6:127075177-127075525	1	150	NA	NA	NA	
1252	chr6:127107871-127108377	1	161	NA	NA	NA	
1253	chr6:127437431-127438247	3	-25	54	NA	NA	
1254	chr6:127439314-127439944	1	132	NA	NA	NA	
1255	chr6:129032694-129033080	1	-140	NA	NA	NA	
1256	chr6:129175929-129176629	1	182	NA	NA	NA	
1257	chr6:129203434-129203807	3	-25	-81	NA	NA	
1258	chr6:129573880-129574526	4	NA	-146	NA	NA	
1259	chr6:134330339-134330766	3	-110	-71	NA	NA	
1260	chr6:134498753-134499182	1	-69	NA	NA	NA	
1261	chr6:134606419-134606844	2	NA	NA	NA	NA	
1262	chr6:134887082-134887409	1	152	NA	NA	NA	
1263	chr6:135402038-135402482	2	NA	NA	NA	NA	
1264	chr6:136455432-136456380	1	140	NA	NA	NA	
1265	chr6:136483332-136483995	1	92	NA	NA	NA	
1266	chr6:136707722-136708354	1	97	NA	NA	NA	
1267	chr6:136905860-136906237	3	-100	64	NA	NA	
1268	chr6:137456066-137456320	3	183	116	NA	NA	
1269	chr6:142529186-142529701	1	53	NA	131	NA	
1270	chr6:143023736-143024416	2	NA	NA	NA	NA	
1271	chr6:143072393-143073004	1	-95	NA	NA	NA	
1272	chr6:143448261-143448580	4	NA	158	NA	NA	
1273	chr6:144627566-144628070	3	-47	29	NA	NA	
1274	chr6:144944412-144944753	1	90	NA	NA	NA	
1275	chr6:145374796-145375461	1	-104	NA	NA	NA	
1276	chr6:145881909-145882187	1	79	NA	NA	NA	
1277	chr6:146034198-146034644	1	133	NA	NA	NA	
1278	chr6:146101909-146102344	1	-12	NA	NA	NA	
1279	chr6:146228519-146228943	2	NA	NA	NA	NA	
1280	chr6:146473078-146473556	1	-89	NA	NA	NA	
1281	chr6:148169130-148169491	1	-97	NA	123	NA	
1282	chr7:3247541-3247903	1	25	NA	NA	NA	
1283	chr7:11810320-11810940	3	-7	-152	NA	NA	
1284	chr7:15107693-15108197	3	-72	54	NA	NA	
1285	chr7:19104167-19104745	2	NA	NA	NA	NA	
1286	chr7:24087015-24087553	1	-81	NA	NA	NA	
1287	chr7:24115642-24116276	1	-136	NA	NA	46	
1288	chr7:25389282-25389949	1	-87	NA	NA	NA	
1289	chr7:27641980-27642526	2	NA	NA	NA	NA	
1290	chr7:27877408-27878038	1	-48	NA	NA	NA	
1291	chr7:28091670-28092274	1	-45	NA	NA	NA	
1292	chr7:28155204-28155645	2	NA	NA	NA	NA	
1293	chr7:28385720-28386270	4	NA	141	NA	NA	
1294	chr7:28450328-28450842	1	22	NA	NA	NA	
1295	chr7:28572390-28572634	4	NA	-122	NA	NA	
1296	chr7:28843354-28843841	1	47	NA	NA	NA	
1297	chr7:29662203-29662593	4	NA	57	NA	NA	
1298	chr7:30082353-30082589	1	-104	NA	NA	NA	
1299	chr7:30111184-30111432	1	-102	NA	NA	NA	
1300	chr7:30199002-30199478	1	65	NA	NA	-16	
1301	chr7:37198901-37199631	1	-97	NA	NA	NA	
1302	chr7:39425531-39426019	1	4	NA	NA	NA	
1303	chr7:43430146-43430496	4	NA	69	NA	NA	
1304	chr7:45003454-45003885	1	99	NA	NA	NA	
1305	chr7:45378367-45378762	3	-82	-135	NA	NA	
1306	chr7:45393928-45394556	1	-90	NA	NA	NA	
1307	chr7:45441847-45442440	1	-156	NA	NA	NA	
1308	chr7:45511638-45512387	3	120	31	NA	NA	
1309	chr7:45734422-45734914	2	NA	NA	NA	NA	
1310	chr7:46475081-46475454	3	-1	-94	NA	NA	
1311	chr7:48005470-48005720	2	NA	NA	NA	NA	
1312	chr7:58319960-58320315	1	183	NA	NA	NA	
1313	chr7:58525794-58526283	1	-69	NA	NA	NA	
1314	chr7:63937355-63937866	3	145	-64	NA	NA	
1315	chr7:68007254-68007744	1	-130	NA	NA	NA	
1316	chr7:68196528-68197076	1	-119	NA	NA	NA	
1317	chr7:72181653-72181982	1	136	NA	NA	NA	
1318	chr7:73442575-73442845	4	NA	150	NA	NA	
1319	chr7:73457301-73457937	1	-72	NA	NA	NA	
1320	chr7:73486136-73486683	1	17	NA	NA	NA	
1321	chr7:74571199-74571883	1	106	NA	NA	NA	
1322	chr7:75258025-75258546	1	-183	NA	NA	NA	
1323	chr7:75328628-75328930	4	NA	110	NA	NA	
1324	chr7:75359544-75360045	3	-117	102	NA	NA	
1325	chr7:75559602-75560040	4	NA	-90	NA	NA	
1326	chr7:78739222-78739624	1	-83	NA	NA	NA	
1327	chr7:79236794-79237195	3	-114	-61	NA	NA	
1328	chr7:80508154-80508637	1	129	NA	NA	NA	
1329	chr7:80570573-80570848	1	-97	NA	NA	NA	
1330	chr7:82864859-82865490	1	33	NA	NA	NA	
1331	chr7:83494037-83494500	3	155	-95	NA	NA	
1332	chr7:90229026-90229568	4	NA	11	NA	NA	
1333	chr7:98438175-98438500	1	68	NA	NA	NA	
1334	chr7:98569305-98569587	4	NA	-124	NA	NA	
1335	chr7:100805821-100806242	1	-58	NA	NA	NA	
1336	chr7:101429280-101429548	4	NA	-154	NA	NA	
1337	chr7:101454629-101454995	4	NA	-120	NA	NA	
1338	chr7:109742632-109743065	1	18	NA	NA	NA	
1339	chr7:109955043-109955720	2	NA	NA	NA	NA	
1340	chr7:110223141-110223901	1	-167	NA	NA	NA	
1341	chr7:113952109-113952751	4	NA	-119	NA	NA	
1342	chr7:114004479-114005247	3	-119	-82	NA	NA	
1343	chr7:114270797-114271623	2	NA	NA	NA	NA	
1344	chr7:115406823-115407295	1	17	NA	NA	NA	
1345	chr7:117920055-117920562	1	-99	NA	NA	NA	
1346	chr7:118050860-118051455	1	53	NA	NA	NA	
1347	chr7:118479483-118479814	1	70	NA	NA	27	
1348	chr7:122875680-122876175	4	NA	175	NA	NA	
1349	chr7:123168897-123169343	1	-166	NA	NA	NA	
1350	chr7:125263172-125263994	1	-104	NA	NA	NA	
1351	chr7:125278154-125278610	1	-152	NA	NA	NA	
1352	chr7:125302883-125303463	1	161	NA	NA	NA	
1353	chr7:125973570-125973980	1	-93	NA	NA	NA	
1354	chr7:126261330-126261727	3	-72	-43	NA	NA	
1355	chr7:126397636-126398329	2	NA	NA	NA	NA	
1356	chr7:126653024-126653675	1	74	NA	NA	NA	
1357	chr7:127011426-127011852	2	NA	NA	NA	NA	
1358	chr7:127023696-127024140	1	-152	NA	NA	NA	
1359	chr7:127303061-127303522	2	NA	NA	NA	NA	
1360	chr7:128174870-128175371	2	NA	NA	NA	NA	
1361	chr7:128527481-128527842	1	132	NA	NA	NA	
1362	chr7:131161883-131162398	3	-159	-170	NA	NA	
1363	chr7:132494844-132495280	1	-134	NA	-88	-159	
1364	chr7:139536004-139536515	2	NA	NA	NA	NA	
1365	chr7:140058189-140058775	3	-71	-50	NA	NA	
1366	chr7:142163121-142163756	3	65	158	NA	NA	
1367	chr7:143437837-143438541	2	NA	NA	NA	NA	
1368	chr7:144256784-144257090	2	NA	NA	NA	NA	
1369	chr7:145052579-145052841	1	-114	NA	NA	NA	
1370	chr8:13213421-13213865	3	-16	92	NA	NA	
1371	chr8:13600990-13601719	2	NA	NA	NA	NA	
1372	chr8:13675459-13675866	1	156	NA	NA	NA	
1373	chr8:13964526-13965069	3	81	94	125	NA	
1374	chr8:15017919-15018467	1	-156	NA	NA	NA	
1375	chr8:20439103-20439370	2	NA	NA	NA	NA	
1376	chr8:27119389-27119998	2	NA	NA	NA	NA	
1377	chr8:28602957-28603400	1	-115	NA	NA	NA	
1378	chr8:35576915-35577536	2	NA	NA	NA	NA	
1379	chr8:37065463-37066024	1	77	NA	NA	NA	
1380	chr8:37102446-37102934	2	NA	NA	NA	NA	
1381	chr8:37662618-37663089	3	-84	24	NA	NA	
1382	chr8:40513900-40514307	1	-10	NA	NA	NA	
1383	chr8:42832805-42833385	1	123	NA	NA	NA	
1384	chr8:60379114-60379758	2	NA	NA	NA	NA	
1385	chr8:73478772-73479100	4	NA	28	NA	NA	
1386	chr8:73602372-73603086	1	7	NA	NA	NA	
1387	chr8:73706102-73706504	1	-91	NA	NA	NA	
1388	chr8:75065612-75065941	4	NA	187	NA	NA	
1389	chr8:75168350-75168743	1	190	NA	NA	NA	
1390	chr8:75206313-75206616	1	-56	NA	NA	NA	
1391	chr8:84467873-84468507	2	NA	NA	NA	NA	
1392	chr8:84599767-84600185	1	-128	NA	NA	NA	
1393	chr8:86669693-86670024	1	-100	NA	NA	NA	
1394	chr8:91588204-91588687	1	156	NA	NA	NA	
1395	chr8:93685456-93685903	2	NA	NA	NA	NA	
1396	chr8:97226546-97227104	4	NA	-170	NA	NA	
1397	chr8:97281386-97281625	1	117	NA	NA	89	
1398	chr8:101771570-101771809	1	141	NA	NA	NA	
1399	chr8:107128846-107129353	2	NA	NA	NA	NA	
1400	chr8:108525417-108525958	1	-32	NA	NA	NA	
1401	chr8:109491827-109492219	2	NA	NA	NA	NA	
1402	chr8:109512100-109512734	1	130	NA	NA	NA	
1403	chr8:109532186-109532556	1	-114	NA	NA	NA	
1404	chr8:109825133-109825491	2	NA	NA	NA	NA	
1405	chr8:113825825-113826352	1	4	NA	89	NA	
1406	chr8:114482263-114483047	1	-111	NA	NA	NA	
1407	chr8:114862967-114863563	4	NA	99	NA	NA	
1408	chr8:116521546-116522031	1	165	NA	NA	NA	
1409	chr8:117768122-117768816	1	188	NA	NA	NA	
1410	chr8:117827451-117828096	4	NA	-172	NA	NA	
1411	chr8:119476354-119477063	1	84	NA	NA	NA	
1412	chr8:119939127-119939507	2	NA	NA	NA	NA	
1413	chr8:120434477-120434769	3	-139	16	NA	NA	
1414	chr8:122716278-122716901	1	165	NA	NA	NA	
1415	chr8:122990464-122990815	1	73	NA	NA	NA	
1416	chr8:123614553-123614963	1	-2	NA	NA	NA	
1417	chr8:124488981-124489348	1	-45	NA	NA	NA	
1418	chr8:125168768-125169142	1	105	NA	NA	NA	
1419	chr8:125169955-125171290	1	129	NA	NA	NA	
1420	chr8:126731239-126731521	3	-92	-134	NA	NA	
1421	chr8:127161724-127162355	1	-70	NA	NA	NA	
1422	chr8:127607985-127608748	1	151	NA	NA	NA	
1423	chr8:127953499-127954027	2	NA	NA	NA	NA	
1424	chr8:128552869-128553234	1	17	NA	NA	NA	
1425	chr8:129753950-129754407	2	NA	NA	NA	NA	
1426	chr8:130176081-130176649	1	156	NA	NA	NA	
1427	chr8:131375454-131375876	1	57	NA	NA	NA	
1428	chr9:3258733-3258987	2	NA	NA	NA	NA	
1429	chr9:13840782-13841280	3	-120	-64	NA	NA	
1430	chr9:13865895-13866169	4	NA	159	NA	NA	
1431	chr9:14626516-14626829	1	-90	NA	NA	NA	
1432	chr9:14779446-14779715	1	76	NA	NA	NA	
1433	chr9:15300465-15301443	1	31	NA	NA	NA	
1434	chr9:20242950-20243378	1	66	NA	NA	NA	
1435	chr9:20911829-20912367	1	83	NA	NA	NA	
1436	chr9:21199963-21200845	2	NA	NA	NA	NA	
1437	chr9:21886559-21886975	2	NA	NA	NA	NA	
1438	chr9:22391044-22391420	3	162	-143	NA	NA	
1439	chr9:22396534-22397415	1	129	NA	NA	NA	
1440	chr9:22401182-22401503	1	-140	NA	NA	NA	
1441	chr9:22407567-22408048	4	NA	-77	NA	NA	
1442	chr9:24292316-24292634	2	NA	NA	NA	NA	
1443	chr9:32245115-32245772	1	65	NA	NA	NA	
1444	chr9:32253029-32253543	3	-3	-14	NA	NA	
1445	chr9:32255564-32256070	3	-161	185	NA	NA	
1446	chr9:32287272-32288174	1	-166	NA	NA	NA	
1447	chr9:32358529-32358894	1	-27	NA	NA	NA	
1448	chr9:32455643-32456450	1	-41	NA	NA	NA	
1449	chr9:32462660-32463117	1	169	NA	NA	NA	
1450	chr9:32481257-32481925	2	NA	NA	NA	NA	
1451	chr9:32490371-32491159	1	101	NA	NA	NA	
1452	chr9:32677960-32678722	1	100	NA	NA	NA	
1453	chr9:32810445-32811052	1	-72	NA	NA	NA	
1454	chr9:36516612-36517107	1	-29	NA	NA	NA	
1455	chr9:40532974-40533582	1	-170	NA	NA	NA	
1456	chr9:40868896-40869774	1	84	NA	NA	NA	
1457	chr9:41783481-41783895	3	90	-25	NA	NA	
1458	chr9:43763608-43764161	1	-140	NA	NA	NA	
1459	chr9:43827800-43828049	2	NA	NA	NA	NA	
1460	chr9:44288867-44289288	1	-32	NA	NA	NA	
1461	chr9:44467980-44468503	1	-74	NA	22	NA	
1462	chr9:44705423-44705701	1	-68	NA	NA	NA	
1463	chr9:44737072-44737685	1	-172	NA	NA	NA	
1464	chr9:44747632-44747847	3	97	153	NA	NA	
1465	chr9:45905313-45905912	4	NA	120	NA	NA	
1466	chr9:47490321-47490570	1	78	NA	163	NA	
1467	chr9:48290109-48290718	4	NA	62	NA	NA	
1468	chr9:50222524-50222970	4	NA	102	NA	NA	
1469	chr9:50937564-50938006	1	-56	NA	NA	NA	
1470	chr9:53033738-53034449	1	-143	NA	NA	NA	
1471	chr9:57445616-57446303	1	158	NA	NA	NA	
1472	chr9:57664602-57665276	3	-114	-51	NA	NA	
1473	chr9:57932115-57932613	3	-23	-1	NA	NA	
1474	chr9:61467789-61468319	4	NA	-148	NA	NA	
1475	chr9:61477694-61478121	4	NA	-94	NA	NA	
1476	chr9:61505733-61506251	1	-103	NA	-14	NA	
1477	chr9:62774965-62775652	1	-106	NA	NA	NA	
1478	chr9:63080054-63080564	1	36	NA	NA	NA	
1479	chr9:63518741-63519426	1	-42	NA	NA	NA	
1480	chr9:64577628-64578193	1	15	NA	NA	NA	
1481	chr9:65464070-65464348	1	-69	NA	NA	-101	
1482	chr9:65867272-65867711	1	173	NA	NA	NA	
1483	chr9:66406715-66407508	1	-81	NA	NA	NA	
1484	chr9:66718282-66719007	1	117	NA	NA	NA	
1485	chr9:68833387-68834340	1	-156	NA	NA	NA	
1486	chr9:70890439-70891035	1	174	NA	NA	NA	
1487	chr9:71703800-71704324	1	58	NA	NA	NA	
1488	chr9:72264306-72264804	1	94	NA	NA	NA	
1489	chr9:75195844-75196540	3	136	92	NA	NA	
1490	chr9:75344679-75345099	1	188	NA	NA	NA	
1491	chr9:77255390-77255784	4	NA	-122	NA	NA	
1492	chr9:77962461-77962927	4	NA	-85	NA	NA	
1493	chr9:78233546-78234111	1	28	NA	NA	NA	
1494	chr9:79566936-79567385	2	NA	NA	NA	NA	
1495	chr9:90010837-90011254	4	NA	124	NA	NA	
1496	chr9:94477687-94478359	3	-109	80	NA	NA	
1497	chr9:94922544-94923047	1	-132	NA	NA	NA	
1498	chr9:96505627-96506192	1	22	NA	NA	NA	
1499	chr9:98105493-98106158	1	86	NA	152	NA	
1500	chr9:100263720-100264183	4	NA	1	NA	NA	
1501	chr9:100331250-100331950	4	NA	-110	NA	NA	
1502	chr9:107136755-107136997	4	NA	-57	NA	NA	
1503	chr9:107147761-107148433	1	-113	NA	NA	NA	
1504	chr9:107153645-107154270	1	-11	NA	NA	NA	
1505	chr9:107594109-107594784	1	125	NA	NA	NA	
1506	chr9:107844437-107844847	1	152	NA	NA	NA	
1507	chr9:108916432-108917096	2	NA	NA	NA	NA	
1508	chr9:110126365-110126781	2	NA	NA	NA	NA	
1509	chr9:110305800-110306154	1	-87	NA	NA	NA	
1510	chr9:112019414-112020154	1	20	NA	NA	NA	
1511	chr9:114270420-114270807	1	112	NA	NA	NA	
1512	chr9:114289209-114289788	1	-97	NA	NA	NA	
1513	chr9:114578671-114578938	1	-140	NA	NA	NA	
1514	chr9:115283287-115283709	4	NA	172	NA	NA	
1515	chr9:115472582-115473130	1	29	NA	NA	NA	
1516	chr9:116186803-116187369	1	-121	NA	NA	NA	
1517	chr9:116217622-116218301	4	NA	-6	NA	NA	
1518	chr9:117750952-117751478	4	NA	-51	NA	NA	
1519	chr9:117998383-117998749	1	40	NA	NA	NA	
1520	chr9:118236166-118236795	2	NA	NA	NA	NA	
1521	chr9:119592495-119593169	1	133	NA	NA	NA	
1522	chr9:119878962-119879662	2	NA	NA	NA	NA	
1523	chr9:119923131-119923794	2	NA	NA	NA	NA	
1524	chr9:119933114-119933505	1	52	NA	NA	NA	
1525	chr9:119940284-119940867	1	-115	NA	NA	NA	
1526	chr9:121275124-121275530	1	-136	NA	NA	NA	
1527	chr9:122037386-122037774	4	NA	-100	NA	NA	
1528	chr9:123358468-123358892	1	-26	NA	NA	NA	
1529	chr9:123603018-123603503	1	164	NA	NA	NA	
1530	chr9:123605506-123605960	1	-50	NA	NA	NA	
1531	chrX:6727616-6728206	1	97	NA	NA	NA	
1532	chrX:6805567-6806058	1	-116	NA	NA	NA	
1533	chrX:7120944-7121371	4	NA	-105	NA	NA	
1534	chrX:15776486-15776827	2	NA	NA	NA	NA	
1535	chrX:22924667-22925116	1	6	NA	NA	NA	
1536	chrX:38587967-38588719	1	-129	NA	NA	NA	
1537	chrX:38755634-38756269	3	67	-41	NA	NA	
1538	chrX:44683631-44684189	1	-108	NA	NA	NA	
1539	chrX:47174909-47175247	1	-105	NA	NA	NA	
1540	chrX:53533857-53534509	2	NA	NA	NA	NA	
1541	chrX:71347599-71348011	1	-170	NA	NA	NA	
1542	chrX:71896154-71896892	2	NA	NA	NA	NA	
1543	chrX:81479731-81480066	2	NA	NA	NA	NA	
1544	chrX:81826949-81827339	3	-125	-175	NA	NA	
1545	chrX:83490972-83491244	2	NA	NA	NA	NA	
1546	chrX:97424872-97425328	1	-47	NA	NA	NA	
1547	chrX:98234493-98235010	1	-30	NA	NA	NA	
1548	chrX:100217881-100218378	3	12	39	NA	NA	
1549	chrX:102246602-102247068	1	-19	NA	NA	NA	
1550	chrX:103290966-103291279	3	-81	-60	NA	NA	
1551	chrX:103624039-103624474	4	NA	12	NA	NA	
1552	chrX:109064485-109064823	1	-55	NA	NA	NA	
1553	chrX:131962269-131962717	4	NA	-47	NA	NA	
1554	chrX:131992363-131992720	4	NA	37	NA	NA	
1555	chrX:137635649-137636307	4	NA	141	NA	NA	
1556	chrX:137711238-137711700	1	34	NA	NA	NA	
1557	chrX:138729265-138729582	2	NA	NA	NA	NA	
1558	chrX:154400000-154400362	1	-173	NA	NA	NA	
1559	chrX:154646968-154647520	1	-77	NA	NA	NA	
1560	chrX:154891207-154891540	1	61	NA	NA	NA	
1561	chrX:155021800-155022098	4	NA	45	NA	NA	
1562	chrX:155479981-155480578	1	60	NA	NA	NA	
1563	chrX:159294970-159295351	1	-131	NA	NA	NA	
