1	chr1:6239486-6239734	1	-134	NA	NA	NA	NA	NA	
2	chr1:6444221-6445009	1	116	43	NA	NA	NA	NA	
3	chr1:7078835-7079191	1	-82	NA	NA	NA	NA	NA	
4	chr1:13226024-13226535	1	33	NA	NA	NA	NA	NA	
5	chr1:16290150-16290621	1	-76	NA	NA	NA	NA	NA	
6	chr1:20897657-20898103	2	NA	NA	NA	NA	NA	NA	
7	chr1:21454841-21455239	1	26	NA	NA	NA	NA	NA	
8	chr1:36093868-36094249	1	-73	NA	NA	NA	NA	NA	
9	chr1:36187913-36188613	3	NA	NA	-93	NA	NA	NA	
10	chr1:36491260-36491812	2	NA	NA	NA	NA	NA	NA	
11	chr1:36535774-36536282	1	-162	NA	NA	NA	NA	NA	
12	chr1:36667620-36668031	1	-121	NA	NA	NA	NA	NA	
13	chr1:36704874-36705315	2	NA	NA	NA	NA	NA	NA	
14	chr1:36864775-36865507	1	139	NA	NA	NA	NA	NA	
15	chr1:37261671-37262466	1	-109	NA	NA	NA	NA	NA	
16	chr1:37559180-37559832	1	-184	NA	NA	NA	NA	NA	
17	chr1:38828167-38828973	1	-58	NA	NA	NA	NA	NA	
18	chr1:38969581-38969997	4	NA	NA	NA	NA	-133	NA	
19	chr1:39136945-39137334	2	NA	NA	NA	NA	NA	NA	
20	chr1:39680839-39681327	1	-50	NA	NA	NA	NA	NA	
21	chr1:39952497-39952843	1	112	NA	NA	NA	NA	NA	
22	chr1:40269196-40270005	4	NA	66	NA	NA	NA	NA	
23	chr1:40419938-40420850	1	84	NA	NA	NA	NA	NA	
24	chr1:43298011-43298672	1	-81	104	NA	NA	NA	NA	
25	chr1:43408289-43408748	1	95	NA	NA	NA	NA	NA	
26	chr1:43427210-43427680	5	NA	NA	NA	74	NA	NA	
27	chr1:51538168-51538923	2	NA	NA	NA	NA	NA	NA	
28	chr1:53838985-53839601	2	NA	NA	NA	NA	NA	NA	
29	chr1:53853759-53854118	2	NA	NA	NA	NA	NA	NA	
30	chr1:55390676-55391147	1	-167	-105	NA	NA	NA	NA	
31	chr1:58367871-58368289	2	NA	NA	NA	NA	NA	NA	
32	chr1:60721351-60722079	1	98	NA	NA	NA	NA	NA	
33	chr1:60855200-60856069	2	NA	NA	NA	NA	NA	NA	
34	chr1:60934728-60935318	3	NA	NA	-42	NA	NA	NA	
35	chr1:64420605-64420988	2	NA	NA	NA	NA	NA	NA	
36	chr1:66753420-66754049	2	NA	NA	NA	NA	NA	NA	
37	chr1:66947303-66947823	3	NA	NA	-94	NA	NA	NA	
38	chr1:69590700-69591198	4	NA	NA	NA	NA	33	NA	
39	chr1:69701966-69702472	2	NA	NA	NA	NA	NA	NA	
40	chr1:74195682-74196127	2	NA	NA	NA	NA	NA	NA	
41	chr1:80287524-80288069	1	91	NA	NA	NA	NA	NA	
42	chr1:87517715-87518195	1	-51	NA	NA	NA	NA	NA	
43	chr1:87625078-87625840	5	NA	NA	NA	99	NA	NA	
44	chr1:87793225-87793746	1	182	NA	NA	NA	NA	NA	
45	chr1:89438598-89439189	4	NA	-137	NA	NA	NA	NA	
46	chr1:89491812-89492255	5	NA	NA	NA	-90	NA	NA	
47	chr1:89669048-89669526	1	25	NA	NA	NA	NA	NA	
48	chr1:89730627-89731279	1	130	NA	NA	NA	NA	NA	
49	chr1:90108642-90109389	2	NA	NA	NA	NA	NA	NA	
50	chr1:90306430-90307262	2	NA	NA	NA	NA	NA	NA	
51	chr1:90418587-90419218	1	-121	NA	NA	NA	NA	NA	
52	chr1:93480806-93481466	2	NA	NA	NA	NA	NA	NA	
53	chr1:93899717-93900248	2	NA	NA	NA	NA	NA	NA	
54	chr1:94471776-94472247	2	NA	NA	NA	NA	NA	NA	
55	chr1:99507073-99507485	2	NA	NA	NA	NA	NA	NA	
56	chr1:107718628-107719080	2	NA	NA	NA	NA	NA	NA	
57	chr1:107979263-107979822	2	NA	NA	NA	NA	NA	NA	
58	chr1:108586311-108586647	1	73	23	NA	NA	NA	NA	
59	chr1:120138676-120139224	1	-135	NA	NA	NA	NA	NA	
60	chr1:120273347-120273884	5	NA	NA	NA	138	NA	NA	
61	chr1:120304469-120304970	1	113	NA	NA	NA	NA	NA	
62	chr1:121319438-121320040	1	50	NA	NA	NA	-123	NA	
63	chr1:123435456-123436143	1	-27	-69	NA	NA	NA	NA	
64	chr1:129042260-129042891	3	NA	NA	-92	NA	NA	NA	
65	chr1:129191237-129191807	1	-146	NA	NA	NA	NA	NA	
66	chr1:129774660-129774998	2	NA	NA	NA	NA	NA	NA	
67	chr1:130418140-130418607	1	119	NA	NA	NA	NA	NA	
68	chr1:132544955-132545401	1	162	NA	NA	NA	NA	NA	
69	chr1:132907334-132907883	1	-178	NA	NA	NA	NA	NA	
70	chr1:133031935-133032683	1	-8	NA	NA	NA	NA	NA	
71	chr1:133107730-133108052	2	NA	NA	NA	NA	NA	NA	
72	chr1:133177477-133178029	1	-150	NA	NA	NA	NA	NA	
73	chr1:133352839-133353474	2	NA	NA	NA	NA	NA	NA	
74	chr1:133485349-133485864	2	NA	NA	NA	NA	NA	NA	
75	chr1:135008819-135009246	3	NA	NA	60	NA	NA	NA	
76	chr1:135372479-135372981	1	-144	-168	NA	NA	NA	NA	
77	chr1:135505840-135506375	2	NA	NA	NA	NA	NA	NA	
78	chr1:135881695-135882271	1	-183	NA	NA	NA	NA	NA	
79	chr1:135887779-135888417	1	182	NA	NA	NA	NA	NA	
80	chr1:135894372-135895356	1	-67	NA	NA	NA	NA	NA	
81	chr1:135909198-135909527	2	NA	NA	NA	NA	NA	NA	
82	chr1:136681922-136682367	1	-45	NA	NA	NA	NA	NA	
83	chr1:136947329-136948070	1	56	11	NA	NA	NA	NA	
84	chr1:137246181-137246560	2	NA	NA	NA	NA	NA	NA	
85	chr1:138071512-138072581	2	NA	NA	NA	NA	NA	NA	
86	chr1:138395695-138396269	3	NA	NA	-149	NA	NA	NA	
87	chr1:138501840-138502214	2	NA	NA	NA	NA	NA	NA	
88	chr1:139623022-139623575	3	NA	176	-124	NA	NA	NA	
89	chr1:139631173-139631373	2	NA	NA	NA	NA	NA	NA	
90	chr1:139761633-139762129	2	NA	NA	NA	NA	NA	NA	
91	chr1:139941958-139942489	2	NA	NA	NA	NA	NA	NA	
92	chr1:139952815-139953593	2	NA	NA	NA	NA	NA	NA	
93	chr1:139991384-139991744	1	86	NA	NA	NA	NA	NA	
94	chr1:140662596-140663197	4	NA	NA	NA	NA	NA	-112	
95	chr1:145768471-145769266	2	NA	NA	NA	NA	NA	NA	
96	chr1:153049380-153049959	1	107	NA	NA	NA	NA	NA	
97	chr1:153106071-153106720	2	NA	NA	NA	NA	NA	NA	
98	chr1:153846809-153847482	1	-75	-7	NA	NA	NA	NA	
99	chr1:154282997-154283470	4	NA	NA	NA	NA	NA	86	
100	chr1:155142025-155142734	1	-47	NA	NA	NA	NA	NA	
101	chr1:156916884-156917916	1	171	NA	NA	NA	NA	NA	
102	chr1:157605820-157606165	2	NA	NA	NA	NA	NA	NA	
103	chr1:158101180-158101519	2	NA	NA	NA	NA	NA	NA	
104	chr1:158299286-158299674	1	-133	60	NA	NA	NA	NA	
105	chr1:158510048-158510527	1	-163	-140	NA	NA	NA	NA	
106	chr1:158554779-158555229	4	NA	-169	NA	NA	NA	NA	
107	chr1:158827798-158828073	2	NA	NA	NA	NA	NA	NA	
108	chr1:159318123-159318379	5	NA	NA	NA	-79	NA	NA	
109	chr1:163507488-163508307	1	-35	NA	NA	NA	NA	NA	
110	chr1:167664774-167665693	2	NA	NA	NA	NA	NA	NA	
111	chr1:167681459-167682234	4	NA	-82	NA	NA	NA	NA	
112	chr1:167822820-167823300	2	NA	NA	NA	NA	NA	NA	
113	chr1:167851007-167851565	1	-164	NA	NA	NA	NA	NA	
114	chr1:173106887-173107224	2	NA	NA	NA	NA	NA	NA	
115	chr1:173608565-173609541	2	NA	NA	NA	NA	NA	NA	
116	chr1:173758047-173758513	2	NA	NA	NA	NA	NA	NA	
117	chr1:173776129-173776567	2	NA	NA	NA	NA	NA	NA	
118	chr1:173851826-173852409	1	-77	NA	NA	NA	NA	NA	
119	chr1:174177703-174178118	1	169	NA	NA	NA	NA	NA	
120	chr1:178682195-178682636	2	NA	NA	NA	NA	NA	NA	
121	chr1:178822532-178823422	1	80	NA	NA	NA	NA	NA	
122	chr1:181006341-181006803	1	78	NA	NA	NA	NA	NA	
123	chr1:182155122-182155417	3	NA	NA	-67	NA	NA	NA	
124	chr1:182180561-182181083	1	-149	NA	NA	NA	NA	NA	
125	chr1:184194786-184195165	3	NA	-43	100	NA	NA	NA	
126	chr1:185688851-185689459	2	NA	NA	NA	NA	NA	NA	
127	chr1:185802484-185803105	2	NA	NA	NA	NA	NA	NA	
128	chr1:186554622-186555148	1	146	174	NA	NA	NA	NA	
129	chr1:191309511-191309926	4	NA	NA	NA	NA	-88	NA	
130	chr1:193263298-193263700	2	NA	NA	NA	NA	NA	NA	
131	chr1:194931571-194932260	3	NA	36	101	NA	NA	NA	
132	chr1:196942183-196942655	2	NA	NA	NA	NA	NA	NA	
133	chr10:3167628-3167911	1	-41	NA	NA	NA	NA	NA	
134	chr10:5999397-5999660	2	NA	NA	NA	NA	NA	NA	
135	chr10:7320514-7320920	2	NA	NA	NA	NA	NA	NA	
136	chr10:7352589-7352961	2	NA	NA	NA	NA	NA	NA	
137	chr10:7529651-7530002	1	-126	NA	NA	NA	NA	NA	
138	chr10:13683383-13684086	2	NA	NA	NA	NA	NA	NA	
139	chr10:13688852-13689642	1	-77	NA	NA	NA	NA	NA	
140	chr10:13776989-13777521	4	NA	NA	NA	NA	NA	56	
141	chr10:13806156-13806670	1	175	NA	NA	NA	NA	NA	
142	chr10:17418024-17418633	5	NA	25	NA	-75	NA	NA	
143	chr10:18642514-18643094	2	NA	NA	NA	NA	NA	NA	
144	chr10:18751415-18752385	3	NA	NA	78	NA	NA	NA	
145	chr10:18847053-18847595	1	-48	NA	NA	NA	NA	NA	
146	chr10:18875586-18876312	5	NA	NA	NA	-59	NA	NA	
147	chr10:18885092-18885428	1	92	169	NA	NA	NA	NA	
148	chr10:18915902-18916399	5	NA	NA	NA	-132	NA	NA	
149	chr10:19255156-19255828	2	NA	NA	NA	NA	NA	NA	
150	chr10:19591767-19592021	2	NA	NA	NA	NA	NA	NA	
151	chr10:19628468-19629118	1	-142	NA	NA	NA	NA	NA	
152	chr10:20119565-20120057	1	173	147	NA	NA	NA	NA	
153	chr10:20690168-20690668	1	-161	NA	NA	NA	NA	NA	
154	chr10:20738089-20738417	2	NA	NA	NA	NA	NA	NA	
155	chr10:20790011-20790670	4	NA	27	NA	NA	NA	NA	
156	chr10:21510648-21511090	3	NA	NA	154	NA	NA	NA	
157	chr10:25093687-25094180	1	-96	NA	NA	NA	NA	NA	
158	chr10:26014466-26015295	1	70	NA	NA	NA	NA	NA	
159	chr10:26048046-26048844	1	-107	NA	NA	NA	NA	NA	
160	chr10:26064975-26065448	2	NA	NA	NA	NA	NA	NA	
161	chr10:28500577-28500912	2	NA	NA	NA	NA	NA	NA	
162	chr10:33725944-33726370	4	NA	NA	NA	NA	NA	178	
163	chr10:37498621-37499045	5	NA	NA	NA	-69	NA	NA	
164	chr10:38810623-38811323	2	NA	NA	NA	NA	NA	NA	
165	chr10:39680485-39680922	1	16	NA	NA	NA	NA	NA	
166	chr10:39842603-39843237	4	NA	NA	NA	NA	NA	139	
167	chr10:41522607-41522920	5	NA	NA	NA	59	NA	NA	
168	chr10:41719369-41719718	2	NA	NA	NA	NA	NA	NA	
169	chr10:41745557-41746106	1	147	NA	NA	NA	NA	NA	
170	chr10:42459746-42460022	2	NA	NA	NA	NA	NA	NA	
171	chr10:42556443-42556819	1	-13	NA	NA	NA	NA	NA	
172	chr10:43269584-43270130	2	NA	NA	NA	NA	NA	NA	
173	chr10:43446294-43447007	1	88	NA	NA	NA	-27	NA	
174	chr10:43559065-43559548	1	-70	NA	NA	NA	NA	NA	
175	chr10:43809927-43810191	2	NA	NA	NA	NA	NA	NA	
176	chr10:53500546-53501215	1	-106	NA	NA	NA	NA	NA	
177	chr10:57738764-57739434	5	NA	NA	NA	-94	NA	NA	
178	chr10:59344017-59344374	2	NA	NA	NA	NA	NA	NA	
179	chr10:59358901-59359453	2	NA	NA	NA	NA	NA	NA	
180	chr10:59736924-59737587	2	NA	NA	NA	NA	NA	NA	
181	chr10:61724424-61724797	2	NA	NA	NA	NA	NA	NA	
182	chr10:67477002-67477578	4	NA	-178	NA	NA	NA	NA	
183	chr10:68556334-68556769	2	NA	NA	NA	NA	NA	NA	
184	chr10:68563897-68564323	1	16	48	NA	NA	NA	NA	
185	chr10:74975335-74975983	1	91	NA	NA	NA	NA	NA	
186	chr10:75340883-75341338	1	153	NA	NA	NA	NA	NA	
187	chr10:75395161-75395634	2	NA	NA	NA	NA	NA	NA	
188	chr10:76981609-76981864	4	NA	55	NA	NA	NA	NA	
189	chr10:77774982-77775452	1	-32	NA	NA	NA	NA	NA	
190	chr10:77997429-77998268	1	-85	NA	NA	NA	NA	NA	
191	chr10:79183862-79184485	2	NA	NA	NA	NA	NA	NA	
192	chr10:79386570-79387304	3	NA	NA	76	NA	NA	NA	
193	chr10:79456875-79457570	2	NA	NA	NA	NA	NA	NA	
194	chr10:79519982-79520586	2	NA	NA	NA	NA	NA	NA	
195	chr10:79629917-79630358	1	139	NA	NA	NA	NA	NA	
196	chr10:79836558-79837517	1	44	NA	NA	NA	NA	NA	
197	chr10:80201500-80202276	2	NA	NA	NA	NA	NA	NA	
198	chr10:80508956-80509547	1	155	NA	NA	NA	NA	NA	
199	chr10:80539157-80539887	2	NA	NA	NA	NA	NA	NA	
200	chr10:80723521-80723910	1	79	4	NA	NA	NA	NA	
201	chr10:80913245-80913786	4	NA	120	NA	NA	NA	NA	
202	chr10:82415420-82415986	1	-82	NA	NA	NA	NA	NA	
203	chr10:82434171-82434607	1	108	NA	NA	NA	NA	NA	
204	chr10:82566809-82567254	2	NA	NA	NA	NA	NA	NA	
205	chr10:83541064-83541414	2	NA	NA	NA	NA	NA	NA	
206	chr10:92553914-92554685	5	NA	NA	NA	124	NA	NA	
207	chr10:92575515-92576255	1	-49	NA	NA	NA	NA	NA	
208	chr10:92592125-92592958	2	NA	NA	NA	NA	NA	NA	
209	chr10:92765582-92766241	2	NA	NA	NA	NA	NA	NA	
210	chr10:93329713-93330053	1	92	-135	NA	NA	NA	NA	
211	chr10:96154351-96154953	1	-180	NA	NA	NA	NA	NA	
212	chr10:98546473-98546991	2	NA	NA	NA	NA	NA	NA	
213	chr10:98639188-98639777	2	NA	NA	NA	NA	NA	NA	
214	chr10:98674648-98675173	2	NA	NA	NA	NA	NA	NA	
215	chr10:110145894-110146521	3	NA	NA	162	NA	NA	NA	
216	chr10:116585581-116585875	1	146	NA	NA	NA	NA	NA	
217	chr10:116901896-116902477	1	-160	NA	NA	NA	NA	NA	
218	chr10:117321437-117322032	4	NA	NA	NA	NA	170	NA	
219	chr10:117355788-117356363	1	-54	-97	NA	NA	NA	NA	
220	chr10:117410128-117410532	2	NA	NA	NA	NA	NA	NA	
221	chr10:117575485-117576046	3	NA	NA	-29	NA	NA	NA	
222	chr10:117884512-117884962	1	25	NA	NA	NA	NA	NA	
223	chr10:117910693-117910995	1	-26	NA	NA	NA	NA	NA	
224	chr10:118441873-118442454	2	NA	NA	NA	NA	NA	NA	
225	chr10:119605094-119605576	4	NA	NA	NA	NA	NA	61	
226	chr10:120822863-120823426	2	NA	NA	NA	NA	NA	NA	
227	chr10:121981568-121982113	4	NA	143	NA	NA	NA	NA	
228	chr10:122005280-122005755	3	NA	-50	-178	NA	NA	NA	
229	chr10:122054695-122055515	3	NA	NA	44	NA	NA	NA	
230	chr10:127407803-127408346	1	49	NA	NA	NA	NA	NA	
231	chr10:127726651-127726981	1	-25	-2	NA	NA	NA	NA	
232	chr10:127740319-127740790	3	NA	NA	118	NA	NA	NA	
233	chr10:127747907-127748469	1	12	NA	NA	NA	NA	NA	
234	chr10:127907396-127908164	1	-51	143	NA	NA	NA	NA	
235	chr10:129725262-129726250	4	NA	121	NA	NA	NA	NA	
236	chr11:3213039-3213875	2	NA	NA	NA	NA	NA	NA	
237	chr11:5153455-5154231	2	NA	NA	NA	NA	NA	NA	
238	chr11:5195606-5196336	5	NA	NA	NA	-58	NA	NA	
239	chr11:5197388-5198235	1	129	-110	NA	NA	NA	NA	
240	chr11:5311507-5312260	2	NA	NA	NA	NA	NA	NA	
241	chr11:5899905-5900534	5	NA	NA	NA	-140	NA	NA	
242	chr11:6428384-6428902	1	-135	NA	NA	NA	NA	NA	
243	chr11:6601218-6601830	2	NA	NA	NA	NA	NA	NA	
244	chr11:8458970-8459228	1	-66	184	NA	NA	NA	NA	
245	chr11:11369562-11370112	1	-167	NA	NA	NA	NA	NA	
246	chr11:11463910-11464869	2	NA	NA	NA	NA	NA	NA	
247	chr11:11579008-11579469	1	77	-17	NA	NA	NA	NA	
248	chr11:11611673-11612183	1	54	NA	NA	NA	NA	NA	
249	chr11:11626021-11626694	1	31	NA	NA	NA	NA	NA	
250	chr11:20148561-20149344	5	NA	NA	NA	51	NA	NA	
251	chr11:22592611-22593129	4	NA	NA	NA	NA	NA	96	
252	chr11:22745182-22745606	1	-26	NA	NA	NA	NA	NA	
253	chr11:22757738-22758236	1	-176	NA	NA	NA	NA	NA	
254	chr11:31570847-31572189	2	NA	NA	NA	NA	NA	NA	
255	chr11:31961836-31962378	4	NA	42	NA	NA	NA	NA	
256	chr11:32099898-32100658	5	NA	70	NA	116	NA	NA	
257	chr11:33838619-33840344	2	NA	NA	NA	NA	NA	NA	
258	chr11:33993121-33993637	1	-100	NA	NA	NA	NA	NA	
259	chr11:43335903-43336489	1	155	NA	NA	NA	NA	NA	
260	chr11:44383450-44383807	1	-37	NA	NA	NA	NA	NA	
261	chr11:45694912-45695413	2	NA	NA	NA	NA	NA	NA	
262	chr11:46187040-46187718	3	NA	NA	-108	NA	NA	NA	
263	chr11:46232484-46233347	1	142	NA	NA	NA	NA	NA	
264	chr11:46264223-46264890	1	-173	NA	NA	NA	NA	NA	
265	chr11:49829535-49830067	2	NA	NA	NA	NA	NA	NA	
266	chr11:49977594-49977996	2	NA	NA	NA	NA	NA	NA	
267	chr11:51462886-51463327	1	-41	NA	NA	NA	NA	NA	
268	chr11:51792483-51793143	2	NA	NA	NA	NA	NA	NA	
269	chr11:52127665-52128283	3	NA	NA	-40	NA	NA	NA	
270	chr11:52157406-52158321	1	-183	NA	NA	NA	NA	NA	
271	chr11:53188697-53188986	1	104	NA	NA	NA	NA	NA	
272	chr11:53360223-53360759	1	-19	NA	NA	NA	NA	NA	
273	chr11:53479566-53479931	5	NA	NA	NA	99	NA	NA	
274	chr11:53906376-53907245	2	NA	NA	NA	NA	NA	NA	
275	chr11:53908762-53909334	2	NA	NA	NA	NA	NA	NA	
276	chr11:53926171-53926440	1	-109	7	NA	NA	NA	NA	
277	chr11:54709888-54710639	5	NA	NA	NA	-185	NA	NA	
278	chr11:54950949-54951474	2	NA	NA	NA	NA	NA	NA	
279	chr11:57480869-57481481	2	NA	NA	NA	NA	NA	NA	
280	chr11:57501084-57501363	1	106	NA	NA	NA	NA	NA	
281	chr11:58645901-58646293	2	NA	NA	NA	NA	NA	NA	
282	chr11:59862458-59862952	1	121	NA	NA	NA	NA	NA	
283	chr11:59974063-59974799	2	NA	NA	NA	NA	NA	NA	
284	chr11:60046638-60047198	5	NA	NA	NA	-30	NA	NA	
285	chr11:60150514-60150809	2	NA	NA	NA	NA	NA	NA	
286	chr11:62190707-62191446	2	NA	NA	NA	NA	NA	NA	
287	chr11:68018458-68018993	1	-139	NA	NA	NA	NA	NA	
288	chr11:68889613-68889969	2	NA	NA	NA	NA	NA	NA	
289	chr11:69074556-69074789	1	-113	NA	NA	NA	NA	NA	
290	chr11:69182621-69183155	2	NA	NA	NA	NA	NA	NA	
291	chr11:69487371-69487881	2	NA	NA	NA	NA	NA	NA	
292	chr11:69654502-69655086	2	NA	NA	NA	NA	NA	NA	
293	chr11:71812433-71812927	2	NA	NA	NA	NA	NA	NA	
294	chr11:71839689-71840076	2	NA	NA	NA	NA	NA	NA	
295	chr11:72262537-72262938	2	NA	NA	NA	NA	NA	NA	
296	chr11:72952662-72953326	1	-79	NA	NA	NA	NA	NA	
297	chr11:74363177-74363585	1	145	-164	NA	NA	NA	NA	
298	chr11:75011374-75011950	1	-143	NA	NA	NA	NA	NA	
299	chr11:75995972-75996604	1	-47	NA	NA	NA	NA	NA	
300	chr11:76295215-76295611	2	NA	NA	NA	NA	NA	NA	
301	chr11:77218509-77219335	5	NA	NA	NA	107	NA	NA	
302	chr11:77364093-77364573	2	NA	NA	NA	NA	NA	NA	
303	chr11:78352206-78353060	2	NA	NA	NA	NA	NA	NA	
304	chr11:78513914-78514389	2	NA	NA	NA	NA	NA	NA	
305	chr11:78646487-78646823	3	NA	NA	-91	NA	NA	NA	
306	chr11:79070549-79071168	3	NA	NA	131	NA	NA	NA	
307	chr11:79489726-79490161	1	43	58	NA	NA	NA	NA	
308	chr11:79884172-79884458	1	96	NA	NA	NA	NA	NA	
309	chr11:79969877-79970476	3	NA	NA	64	NA	NA	NA	
310	chr11:80198684-80199301	2	NA	NA	NA	NA	NA	NA	
311	chr11:82760965-82761499	3	NA	NA	-177	NA	NA	NA	
312	chr11:82857057-82857726	1	-141	NA	NA	NA	NA	NA	
313	chr11:82882033-82882494	1	48	NA	NA	NA	NA	NA	
314	chr11:83990743-83991362	1	108	NA	NA	NA	NA	NA	
315	chr11:85269943-85270734	1	-94	NA	NA	NA	NA	NA	
316	chr11:86248451-86248673	3	NA	175	134	NA	NA	NA	
317	chr11:86574043-86574822	2	NA	NA	NA	NA	NA	NA	
318	chr11:87567606-87568413	1	173	36	NA	NA	NA	NA	
319	chr11:87575616-87576431	1	104	NA	NA	NA	NA	NA	
320	chr11:87885415-87885833	1	-176	136	NA	NA	NA	NA	
321	chr11:87961324-87962118	2	NA	NA	NA	NA	NA	NA	
322	chr11:88805705-88805997	2	NA	NA	NA	NA	NA	NA	
323	chr11:90065035-90065349	5	NA	NA	NA	88	NA	NA	
324	chr11:90341320-90341764	1	133	82	NA	NA	NA	NA	
325	chr11:93852087-93852448	2	NA	NA	NA	NA	NA	NA	
326	chr11:94407767-94408396	2	NA	NA	NA	NA	NA	NA	
327	chr11:94816633-94817088	2	NA	NA	NA	NA	NA	NA	
328	chr11:95172631-95173237	2	NA	NA	NA	NA	NA	NA	
329	chr11:95825220-95825693	2	NA	NA	NA	NA	NA	NA	
330	chr11:96975193-96975678	5	NA	NA	NA	-19	NA	NA	
331	chr11:97348183-97348956	3	NA	NA	-124	NA	NA	NA	
332	chr11:97481005-97481588	2	NA	NA	NA	NA	NA	NA	
333	chr11:97803629-97804025	2	NA	NA	NA	NA	NA	NA	
334	chr11:97842194-97842716	1	-162	NA	NA	NA	NA	NA	
335	chr11:98009211-98009576	2	NA	NA	NA	NA	NA	NA	
336	chr11:98171865-98172325	1	-84	NA	NA	NA	NA	NA	
337	chr11:98286002-98286724	2	NA	NA	NA	NA	NA	NA	
338	chr11:98313309-98313858	1	147	NA	NA	NA	NA	NA	
339	chr11:98326189-98326709	1	-23	35	NA	NA	NA	NA	
340	chr11:98367625-98368048	2	NA	NA	NA	NA	NA	NA	
341	chr11:98779306-98779824	1	56	NA	NA	NA	NA	NA	
342	chr11:98921248-98921655	1	3	NA	NA	NA	NA	NA	
343	chr11:100398075-100398460	5	NA	NA	NA	-96	NA	NA	
344	chr11:100681679-100682134	2	NA	NA	NA	NA	NA	NA	
345	chr11:100934098-100934431	1	-161	NA	NA	NA	NA	NA	
346	chr11:101012390-101012709	1	85	NA	NA	NA	NA	NA	
347	chr11:102100956-102101337	2	NA	NA	NA	NA	NA	NA	
348	chr11:102814571-102815299	3	NA	NA	-122	NA	NA	NA	
349	chr11:103228086-103228659	4	NA	NA	NA	NA	NA	75	
350	chr11:104366736-104367336	1	73	NA	NA	NA	NA	NA	
351	chr11:104476931-104477547	1	-140	NA	NA	NA	NA	NA	
352	chr11:104483731-104484226	1	100	NA	NA	NA	NA	NA	
353	chr11:106016648-106017233	1	-68	NA	NA	NA	NA	NA	
354	chr11:106089193-106089494	2	NA	NA	NA	NA	NA	NA	
355	chr11:106145854-106146211	1	-25	NA	NA	NA	NA	NA	
356	chr11:106388154-106388457	2	NA	NA	NA	NA	NA	NA	
357	chr11:106568316-106568823	2	NA	NA	NA	NA	NA	NA	
358	chr11:106606453-106606885	2	NA	NA	NA	NA	NA	NA	
359	chr11:108726733-108727568	1	100	-63	NA	NA	NA	NA	
360	chr11:110214715-110215373	2	NA	NA	NA	NA	NA	NA	
361	chr11:113525795-113526258	4	NA	-143	NA	NA	NA	NA	
362	chr11:113564760-113565180	5	NA	NA	NA	-147	NA	NA	
363	chr11:115152109-115152704	1	-19	NA	NA	NA	NA	NA	
364	chr11:115297776-115298077	1	63	13	NA	NA	NA	NA	
365	chr11:115562852-115563143	1	100	NA	NA	NA	NA	NA	
366	chr11:115839475-115839828	1	27	NA	NA	NA	NA	NA	
367	chr11:116153428-116154055	1	-168	NA	NA	NA	NA	NA	
368	chr11:116598853-116599387	1	1	NA	NA	NA	NA	NA	
369	chr11:117414896-117415609	2	NA	NA	NA	NA	NA	NA	
370	chr11:117694348-117694900	1	-93	-43	NA	NA	NA	NA	
371	chr11:117697901-117698518	5	NA	NA	NA	-28	NA	NA	
372	chr11:117752293-117752866	4	NA	NA	NA	NA	NA	-162	
373	chr11:119419342-119419954	1	-172	NA	NA	NA	NA	NA	
374	chr11:119720984-119721331	2	NA	NA	NA	NA	NA	NA	
375	chr11:120704800-120705272	2	NA	NA	NA	NA	NA	NA	
376	chr11:120854741-120855467	2	NA	NA	NA	NA	NA	NA	
377	chr12:3109906-3110192	2	NA	NA	NA	NA	NA	NA	
378	chr12:3264447-3264954	2	NA	NA	NA	NA	NA	NA	
379	chr12:3982227-3982739	5	NA	NA	NA	130	NA	NA	
380	chr12:4899996-4900409	2	NA	NA	NA	NA	NA	NA	
381	chr12:9055471-9056291	2	NA	NA	NA	NA	NA	NA	
382	chr12:11256617-11256967	2	NA	NA	NA	NA	NA	NA	
383	chr12:12398888-12399587	4	NA	29	NA	NA	NA	NA	
384	chr12:15830274-15831192	1	-10	NA	NA	NA	NA	NA	
385	chr12:16033911-16034599	4	NA	NA	NA	NA	NA	-54	
386	chr12:16613768-16614285	5	NA	NA	NA	-181	NA	NA	
387	chr12:17751277-17752062	1	122	NA	NA	NA	NA	NA	
388	chr12:25599397-25600166	1	-116	NA	NA	NA	NA	NA	
389	chr12:25753788-25754265	1	-24	75	NA	NA	NA	NA	
390	chr12:27000683-27000968	2	NA	NA	NA	NA	NA	NA	
391	chr12:29431937-29432533	2	NA	NA	NA	NA	NA	NA	
392	chr12:32746112-32746444	1	55	NA	NA	NA	NA	NA	
393	chr12:32792114-32792688	1	128	NA	NA	NA	NA	NA	
394	chr12:33745869-33746315	2	NA	NA	NA	NA	NA	NA	
395	chr12:33768149-33768590	2	NA	NA	NA	NA	NA	NA	
396	chr12:36665464-36666435	2	NA	NA	NA	NA	NA	NA	
397	chr12:40547368-40548182	2	NA	NA	NA	NA	NA	NA	
398	chr12:53720242-53720668	2	NA	NA	NA	NA	NA	NA	
399	chr12:55214958-55215283	1	-132	NA	NA	NA	NA	NA	
400	chr12:55234725-55235635	2	NA	NA	NA	NA	NA	NA	
401	chr12:55381838-55382142	1	-116	NA	NA	NA	NA	NA	
402	chr12:56381924-56382624	1	-71	NA	NA	NA	NA	NA	
403	chr12:70997382-70997699	5	NA	NA	NA	102	NA	NA	
404	chr12:73968958-73969293	2	NA	NA	NA	NA	NA	NA	
405	chr12:74409937-74410720	5	NA	NA	NA	84	NA	NA	
406	chr12:74516854-74517722	1	78	NA	NA	NA	-30	NA	
407	chr12:74610964-74611826	1	-83	NA	NA	NA	NA	NA	
408	chr12:74697888-74698555	1	-113	NA	NA	NA	NA	NA	
409	chr12:77324093-77324526	5	NA	NA	NA	161	NA	NA	
410	chr12:77740703-77741395	2	NA	NA	NA	NA	NA	NA	
411	chr12:78032175-78032670	2	NA	NA	NA	NA	NA	NA	
412	chr12:79667617-79668216	2	NA	NA	NA	NA	NA	NA	
413	chr12:79899675-79899969	3	NA	NA	-56	NA	NA	NA	
414	chr12:81190695-81191034	2	NA	NA	NA	NA	NA	NA	
415	chr12:83084896-83085596	2	NA	NA	NA	NA	NA	NA	
416	chr12:84521601-84522218	2	NA	NA	NA	NA	NA	NA	
417	chr12:85110609-85111424	2	NA	NA	NA	NA	NA	NA	
418	chr12:85662424-85663206	2	NA	NA	NA	NA	NA	NA	
419	chr12:85766610-85767143	2	NA	NA	NA	NA	NA	NA	
420	chr12:86283188-86283725	5	NA	NA	NA	-72	NA	NA	
421	chr12:86333625-86334048	4	NA	189	NA	NA	NA	NA	
422	chr12:86345228-86345976	1	-77	NA	NA	NA	NA	NA	
423	chr12:86361225-86361787	1	22	NA	NA	NA	NA	NA	
424	chr12:86521356-86522167	2	NA	NA	NA	NA	NA	NA	
425	chr12:86834432-86834876	5	NA	NA	NA	-101	NA	NA	
426	chr12:87833930-87835002	2	NA	NA	NA	NA	NA	NA	
427	chr12:88942042-88942683	1	-87	NA	NA	NA	NA	NA	
428	chr12:89786755-89787170	2	NA	NA	NA	NA	NA	NA	
429	chr12:91144395-91144746	1	21	NA	NA	NA	NA	NA	
430	chr12:91471008-91471635	1	-60	NA	NA	NA	NA	NA	
431	chr12:98647955-98648455	1	-22	-103	NA	NA	NA	NA	
432	chr12:98670620-98671317	1	35	-96	NA	NA	NA	NA	
433	chr12:99759606-99760061	2	NA	NA	NA	NA	NA	NA	
434	chr12:100507987-100508727	3	NA	NA	79	NA	NA	NA	
435	chr12:102217842-102218143	1	-148	NA	NA	NA	NA	NA	
436	chr12:102683682-102684002	2	NA	NA	NA	NA	NA	NA	
437	chr12:103006588-103007175	2	NA	NA	NA	NA	NA	NA	
438	chr12:103732246-103733142	5	NA	NA	NA	-16	NA	NA	
439	chr12:106435264-106435745	2	NA	NA	NA	NA	NA	NA	
440	chr12:106711568-106712696	1	188	NA	NA	NA	NA	NA	
441	chr12:106966215-106966973	3	NA	NA	39	NA	NA	NA	
442	chr12:107059417-107059856	3	NA	NA	-58	NA	NA	NA	
443	chr12:107560957-107561491	1	-175	NA	NA	NA	NA	NA	
444	chr12:107593315-107594013	2	NA	NA	NA	NA	NA	NA	
445	chr12:107608318-107608740	2	NA	NA	NA	NA	NA	NA	
446	chr12:107950104-107950682	3	NA	NA	-109	NA	NA	NA	
447	chr12:108176856-108177680	1	86	NA	NA	NA	NA	NA	
448	chr12:108723539-108724400	2	NA	NA	NA	NA	NA	NA	
449	chr12:108900178-108900560	2	NA	NA	NA	NA	NA	NA	
450	chr12:110935412-110935845	2	NA	NA	NA	NA	NA	NA	
451	chr12:110945295-110945701	5	NA	NA	NA	-63	NA	NA	
452	chr12:111185611-111186342	2	NA	NA	NA	NA	NA	NA	
453	chr12:112007719-112008223	2	NA	NA	NA	NA	NA	NA	
454	chr12:112291340-112291716	1	-55	NA	NA	NA	NA	NA	
455	chr12:113302697-113303317	2	NA	NA	NA	NA	NA	NA	
456	chr12:113317459-113318073	4	NA	NA	NA	NA	NA	-28	
457	chr12:113397863-113398549	1	-74	NA	NA	NA	NA	NA	
458	chr12:113615742-113616253	4	NA	-108	NA	NA	NA	NA	
459	chr12:116696490-116697157	3	NA	NA	88	NA	NA	NA	
460	chr12:117790738-117791188	4	NA	-77	NA	NA	NA	NA	
461	chr13:6452254-6453004	2	NA	NA	NA	NA	NA	NA	
462	chr13:13351148-13351605	2	NA	NA	NA	NA	NA	NA	
463	chr13:16815852-16816367	1	91	NA	NA	NA	NA	NA	
464	chr13:19189659-19190125	1	181	78	NA	NA	NA	NA	
465	chr13:21786623-21787122	1	98	NA	NA	NA	NA	NA	
466	chr13:23768736-23769131	2	NA	NA	NA	NA	NA	NA	
467	chr13:24541118-24541331	2	NA	NA	NA	NA	NA	NA	
468	chr13:28524517-28524874	2	NA	NA	NA	NA	NA	NA	
469	chr13:28700344-28701102	1	-122	NA	NA	NA	68	NA	
470	chr13:29242292-29243133	1	-170	-75	NA	NA	NA	NA	
471	chr13:30050143-30050577	4	NA	-71	NA	NA	NA	NA	
472	chr13:30174093-30174454	4	NA	NA	NA	NA	NA	-96	
473	chr13:30199393-30199901	3	NA	NA	-185	NA	NA	NA	
474	chr13:30754976-30755655	2	NA	NA	NA	NA	NA	NA	
475	chr13:32187401-32187718	2	NA	NA	NA	NA	NA	NA	
476	chr13:34126603-34127285	2	NA	NA	NA	NA	NA	NA	
477	chr13:34871520-34872439	1	-164	NA	NA	NA	NA	NA	
478	chr13:35139226-35139737	4	NA	-49	NA	NA	NA	NA	
479	chr13:37545209-37545768	3	NA	NA	-12	NA	NA	NA	
480	chr13:37635897-37636457	2	NA	NA	NA	NA	NA	NA	
481	chr13:41897864-41898156	1	78	NA	NA	NA	NA	NA	
482	chr13:42311431-42312140	2	NA	NA	NA	NA	NA	NA	
483	chr13:43972973-43973345	1	100	80	NA	NA	NA	NA	
484	chr13:44076514-44077164	1	40	NA	NA	NA	NA	NA	
485	chr13:44680409-44680759	1	71	NA	NA	NA	NA	NA	
486	chr13:45466211-45466647	1	49	-114	NA	NA	NA	NA	
487	chr13:45925180-45925714	2	NA	NA	NA	NA	NA	NA	
488	chr13:46790762-46791113	1	168	NA	NA	NA	NA	NA	
489	chr13:49318842-49319464	1	151	99	NA	NA	NA	NA	
490	chr13:51779749-51780786	2	NA	NA	NA	NA	NA	NA	
491	chr13:51821073-51821555	4	NA	-54	NA	NA	NA	-110	
492	chr13:52164321-52164681	2	NA	NA	NA	NA	NA	NA	
493	chr13:52733847-52734331	1	-130	NA	NA	NA	NA	NA	
494	chr13:52812916-52813666	2	NA	NA	NA	NA	NA	NA	
495	chr13:52819861-52820580	2	NA	NA	NA	NA	NA	NA	
496	chr13:52995173-52995510	1	88	-112	NA	NA	NA	NA	
497	chr13:54767675-54767962	2	NA	NA	NA	NA	NA	NA	
498	chr13:55199401-55199827	2	NA	NA	NA	NA	NA	NA	
499	chr13:55441415-55442014	2	NA	NA	NA	NA	NA	NA	
500	chr13:55546024-55546320	2	NA	NA	NA	NA	NA	NA	
501	chr13:56035609-56036209	4	NA	-59	NA	NA	NA	NA	
502	chr13:56516534-56517204	2	NA	NA	NA	NA	NA	NA	
503	chr13:56712829-56714005	2	NA	NA	NA	NA	NA	NA	
504	chr13:58397556-58398098	3	NA	NA	-55	NA	NA	NA	
505	chr13:60747881-60748455	2	NA	NA	NA	NA	NA	NA	
506	chr13:62889513-62890196	2	NA	NA	NA	NA	NA	NA	
507	chr13:63440613-63441299	1	148	NA	NA	NA	NA	NA	
508	chr13:63513688-63514253	1	-144	NA	NA	NA	NA	NA	
509	chr13:64255369-64256014	2	NA	NA	NA	NA	NA	NA	
510	chr13:64425449-64426353	5	NA	NA	NA	124	NA	NA	
511	chr13:64455574-64455921	3	NA	NA	-62	NA	NA	NA	
512	chr13:67426049-67427061	2	NA	NA	NA	NA	NA	NA	
513	chr13:69048713-69049139	1	56	44	NA	NA	NA	NA	
514	chr13:74169352-74169976	2	NA	NA	NA	NA	NA	NA	
515	chr13:75106045-75106704	1	160	NA	NA	NA	NA	NA	
516	chr13:82135661-82136709	2	NA	NA	NA	NA	NA	NA	
517	chr13:85691394-85692169	2	NA	NA	NA	NA	NA	NA	
518	chr13:89882507-89883147	1	-146	NA	NA	NA	NA	NA	
519	chr13:93737256-93737613	5	NA	NA	NA	-44	NA	NA	
520	chr13:95889427-95889870	2	NA	NA	NA	NA	NA	NA	
521	chr13:96693675-96694218	1	50	18	NA	NA	NA	NA	
522	chr13:97488494-97489168	2	NA	NA	NA	NA	NA	NA	
523	chr13:98171509-98171877	1	173	NA	NA	NA	NA	NA	
524	chr13:98555215-98555417	3	NA	NA	-131	NA	NA	NA	
525	chr13:98862246-98862751	1	-82	NA	NA	NA	NA	NA	
526	chr13:99990973-99991356	2	NA	NA	NA	NA	NA	NA	
527	chr13:100498914-100499484	2	NA	NA	NA	NA	NA	NA	
528	chr13:100510753-100511154	2	NA	NA	NA	NA	NA	NA	
529	chr13:102794760-102795324	1	-41	NA	NA	NA	-110	NA	
530	chr13:102836764-102837312	1	106	NA	NA	NA	NA	NA	
531	chr13:105406268-105406939	1	134	NA	NA	NA	NA	-59	
532	chr13:105743374-105743829	4	NA	145	NA	NA	NA	NA	
533	chr13:108066844-108067501	2	NA	NA	NA	NA	NA	NA	
534	chr13:108729337-108729716	5	NA	NA	NA	-40	NA	NA	
535	chr13:111023288-111024049	2	NA	NA	NA	NA	NA	NA	
536	chr13:112917330-112917736	4	NA	-113	NA	NA	NA	NA	
537	chr13:113560026-113560802	1	-148	NA	NA	NA	NA	NA	
538	chr13:114276565-114276862	2	NA	NA	NA	NA	NA	NA	
539	chr13:114700664-114701371	1	-77	-90	NA	NA	NA	NA	
540	chr13:114915221-114915811	2	NA	NA	NA	NA	NA	NA	
541	chr13:116016601-116017108	4	NA	-162	NA	NA	NA	NA	
542	chr14:7425733-7426436	2	NA	NA	NA	NA	NA	NA	
543	chr14:12806422-12807019	3	NA	NA	-120	NA	NA	NA	
544	chr14:14966553-14967247	1	88	NA	NA	NA	NA	NA	
545	chr14:19574119-19574662	1	6	NA	NA	NA	NA	NA	
546	chr14:20328361-20328742	2	NA	NA	NA	NA	NA	NA	
547	chr14:24275868-24276278	2	NA	NA	NA	NA	NA	NA	
548	chr14:24350171-24350779	1	-10	NA	NA	NA	NA	NA	
549	chr14:24437638-24438161	1	107	NA	NA	NA	NA	NA	
550	chr14:28838939-28839523	1	-153	NA	NA	NA	NA	NA	
551	chr14:29918752-29919211	2	NA	NA	NA	NA	NA	NA	
552	chr14:30243255-30243662	3	NA	90	-14	NA	NA	NA	
553	chr14:30399138-30399717	2	NA	NA	NA	NA	NA	NA	
554	chr14:30738325-30738769	1	-66	NA	NA	NA	NA	NA	
555	chr14:33504263-33504829	1	53	NA	NA	NA	NA	NA	
556	chr14:35780313-35780736	2	NA	NA	NA	NA	NA	NA	
557	chr14:44249766-44250272	2	NA	NA	NA	NA	NA	NA	
558	chr14:44532659-44533263	5	NA	NA	NA	83	NA	NA	
559	chr14:46288511-46289221	1	184	NA	NA	NA	NA	NA	
560	chr14:47343887-47344682	1	-129	NA	NA	NA	NA	NA	
561	chr14:51560035-51560663	1	112	NA	NA	NA	NA	NA	
562	chr14:51674938-51675584	1	85	NA	NA	NA	NA	NA	
563	chr14:52054352-52054617	1	69	NA	NA	NA	NA	NA	
564	chr14:52412007-52412624	1	76	NA	NA	NA	NA	NA	
565	chr14:52557486-52557751	2	NA	NA	NA	NA	NA	NA	
566	chr14:52642231-52642562	1	-72	NA	NA	NA	NA	NA	
567	chr14:52855744-52856143	2	NA	NA	NA	NA	NA	NA	
568	chr14:53185141-53186046	3	NA	NA	89	NA	NA	NA	
569	chr14:53315609-53316030	2	NA	NA	NA	NA	NA	NA	
570	chr14:54146627-54146950	2	NA	NA	NA	NA	NA	NA	
571	chr14:54557690-54558403	2	NA	NA	NA	NA	NA	NA	
572	chr14:54572797-54573306	1	-121	-17	NA	NA	70	NA	
573	chr14:59999890-60000759	2	NA	NA	NA	NA	NA	NA	
574	chr14:61881937-61882470	4	NA	141	NA	NA	NA	NA	
575	chr14:62331419-62331761	4	NA	58	NA	NA	NA	NA	
576	chr14:63838787-63839356	1	133	NA	NA	NA	NA	NA	
577	chr14:63869302-63869839	5	NA	NA	NA	105	NA	NA	
578	chr14:64054887-64055482	2	NA	NA	NA	NA	NA	NA	
579	chr14:65143192-65143940	4	NA	NA	NA	NA	-138	-174	
580	chr14:69697002-69697713	2	NA	NA	NA	NA	NA	NA	
581	chr14:72125670-72125945	2	NA	NA	NA	NA	NA	NA	
582	chr14:76119218-76119724	3	NA	104	-75	NA	NA	-165	
583	chr14:77168802-77169255	1	131	172	NA	NA	NA	NA	
584	chr14:78048641-78049356	1	-108	NA	NA	NA	NA	NA	
585	chr14:85701222-85701649	2	NA	NA	NA	NA	NA	NA	
586	chr14:85972627-85973310	2	NA	NA	NA	NA	NA	NA	
587	chr14:86271473-86271855	1	91	NA	NA	NA	NA	NA	
588	chr14:88076675-88077034	2	NA	NA	NA	NA	NA	NA	
589	chr14:101696720-101697227	1	17	NA	NA	NA	NA	NA	
590	chr14:104417986-104418653	2	NA	NA	NA	NA	NA	NA	
591	chr14:117500387-117500930	2	NA	NA	NA	NA	NA	NA	
592	chr14:120656555-120656992	4	NA	NA	NA	NA	NA	-23	
593	chr15:5393383-5393944	1	-174	NA	NA	NA	NA	NA	
594	chr15:5724374-5724810	1	21	NA	NA	NA	NA	NA	
595	chr15:6535105-6535715	3	NA	NA	-119	NA	NA	NA	
596	chr15:12036655-12037248	1	87	NA	NA	NA	NA	NA	
597	chr15:14469617-14470040	2	NA	NA	NA	NA	NA	NA	
598	chr15:25214289-25214742	2	NA	NA	NA	NA	NA	NA	
599	chr15:36551757-36552111	3	NA	NA	-122	NA	NA	NA	
600	chr15:37589363-37589909	2	NA	NA	NA	NA	NA	NA	
601	chr15:42506565-42507029	1	172	NA	NA	NA	NA	NA	
602	chr15:44450673-44451197	4	NA	NA	NA	NA	2	NA	
603	chr15:57474223-57474593	1	115	NA	NA	NA	NA	NA	
604	chr15:57532896-57533400	2	NA	NA	NA	NA	NA	NA	
605	chr15:57650591-57651144	2	NA	NA	NA	NA	NA	NA	
606	chr15:58840594-58841331	1	94	NA	NA	NA	NA	NA	
607	chr15:58938976-58939424	2	NA	NA	NA	NA	NA	NA	
608	chr15:59481830-59482382	2	NA	NA	NA	NA	NA	NA	
609	chr15:61258409-61258756	1	162	NA	NA	NA	NA	NA	
610	chr15:66618374-66619260	2	NA	NA	NA	NA	NA	NA	
611	chr15:66629599-66630069	3	NA	NA	-59	NA	NA	NA	
612	chr15:66647937-66648609	1	182	NA	NA	NA	NA	NA	
613	chr15:66653190-66653855	4	NA	55	NA	NA	NA	-139	
614	chr15:66958593-66958916	1	-78	NA	NA	NA	NA	NA	
615	chr15:72989008-72989613	2	NA	NA	NA	NA	NA	NA	
616	chr15:74723889-74724365	1	-53	NA	NA	NA	NA	NA	
617	chr15:74741280-74742159	2	NA	NA	NA	NA	NA	NA	
618	chr15:76498042-76498566	3	NA	NA	-24	NA	67	NA	
619	chr15:77798055-77798709	1	143	NA	NA	NA	NA	NA	
620	chr15:78322169-78322754	3	NA	NA	71	NA	NA	NA	
621	chr15:78403391-78404042	1	121	NA	NA	NA	NA	NA	
622	chr15:78543274-78543671	1	-127	-76	NA	NA	NA	NA	
623	chr15:78750699-78751312	3	NA	-56	150	NA	NA	NA	
624	chr15:79710419-79710821	1	11	NA	NA	NA	NA	NA	
625	chr15:80030662-80031108	1	-10	NA	NA	NA	NA	NA	
626	chr15:80762017-80762642	1	-71	NA	NA	NA	NA	NA	
627	chr15:81026662-81027105	2	NA	NA	NA	NA	NA	NA	
628	chr15:81350077-81350619	2	NA	NA	NA	NA	NA	NA	
629	chr15:81843448-81843885	1	-94	NA	NA	NA	NA	NA	
630	chr15:82742137-82742724	2	NA	NA	NA	NA	NA	NA	
631	chr15:83292509-83292789	2	NA	NA	NA	NA	NA	NA	
632	chr15:85636655-85637444	1	-154	NA	NA	NA	NA	NA	
633	chr15:85995776-85996703	2	NA	NA	NA	NA	NA	NA	
634	chr15:86011621-86012278	2	NA	NA	NA	NA	NA	NA	
635	chr15:88272549-88273212	2	NA	NA	NA	NA	NA	NA	
636	chr15:89303984-89304329	1	89	NA	NA	NA	NA	NA	
637	chr15:93579106-93579586	1	-70	-115	NA	NA	NA	NA	
638	chr15:93829489-93830213	1	-136	NA	NA	NA	NA	NA	
639	chr15:94063052-94063838	5	NA	NA	NA	98	NA	NA	
640	chr15:95585243-95585797	4	NA	83	NA	NA	NA	NA	
641	chr15:95700489-95700932	1	5	NA	NA	NA	NA	NA	
642	chr15:97201124-97201780	5	NA	NA	NA	-46	NA	NA	
643	chr15:97555771-97556120	2	NA	NA	NA	NA	NA	NA	
644	chr15:97576057-97576690	2	NA	NA	NA	NA	NA	NA	
645	chr15:97617947-97618526	1	-175	NA	NA	NA	NA	NA	
646	chr15:97672018-97672833	1	77	NA	NA	NA	-21	NA	
647	chr15:98334112-98334666	2	NA	NA	NA	NA	NA	NA	
648	chr15:98820414-98820981	1	-33	NA	NA	NA	NA	NA	
649	chr15:98837304-98837854	1	-44	NA	NA	NA	NA	NA	
650	chr15:99079626-99080066	2	NA	NA	NA	NA	NA	NA	
651	chr15:99497104-99497462	3	NA	NA	-35	NA	NA	NA	
652	chr15:101095529-101096260	1	105	NA	NA	NA	NA	NA	
653	chr15:101152525-101153003	2	NA	NA	NA	NA	NA	NA	
654	chr15:102053206-102053651	1	95	NA	NA	NA	NA	NA	
655	chr15:102067229-102067649	5	NA	NA	NA	90	NA	NA	
656	chr16:3891475-3892039	5	NA	NA	NA	-91	NA	NA	
657	chr16:4297977-4298503	5	NA	NA	NA	168	NA	NA	
658	chr16:4697819-4698070	1	33	NA	NA	NA	NA	NA	
659	chr16:5371033-5371536	2	NA	NA	NA	NA	NA	NA	
660	chr16:7683866-7684170	1	104	40	NA	NA	NA	NA	
661	chr16:8321983-8322471	1	-76	NA	NA	NA	NA	NA	
662	chr16:8445354-8445749	5	NA	NA	NA	40	NA	NA	
663	chr16:10312699-10313138	1	-60	NA	NA	NA	NA	NA	
664	chr16:10382774-10383273	2	NA	NA	NA	NA	NA	NA	
665	chr16:10467388-10467962	1	-19	NA	NA	NA	NA	NA	
666	chr16:10585930-10586570	1	95	NA	NA	NA	NA	NA	
667	chr16:10633654-10634091	3	NA	NA	34	NA	NA	NA	
668	chr16:10882967-10883284	1	-87	NA	NA	NA	NA	NA	
669	chr16:17988660-17989199	1	-157	NA	NA	NA	NA	NA	
670	chr16:18373415-18374100	1	-53	NA	NA	NA	NA	NA	
671	chr16:20011226-20011598	2	NA	NA	NA	NA	NA	NA	
672	chr16:22346806-22347474	4	NA	-144	NA	NA	NA	NA	
673	chr16:22576408-22576905	2	NA	NA	NA	NA	NA	NA	
674	chr16:23089923-23090923	1	-79	NA	NA	NA	NA	NA	
675	chr16:23937089-23937518	2	NA	NA	NA	NA	NA	NA	
676	chr16:24066352-24066702	3	NA	NA	71	NA	NA	NA	
677	chr16:30293911-30294485	2	NA	NA	NA	NA	NA	NA	
678	chr16:31583875-31584520	1	188	NA	NA	NA	NA	NA	
679	chr16:31674174-31674698	1	65	NA	NA	NA	NA	NA	
680	chr16:31868502-31868875	2	NA	NA	NA	NA	NA	NA	
681	chr16:32007715-32008214	2	NA	NA	NA	NA	NA	NA	
682	chr16:32082804-32083579	1	109	NA	NA	NA	NA	NA	
683	chr16:32732660-32732984	1	57	NA	NA	NA	NA	NA	
684	chr16:33263161-33263819	1	-125	139	NA	NA	NA	NA	
685	chr16:33607538-33608356	2	NA	NA	NA	NA	NA	NA	
686	chr16:36396266-36396561	3	NA	NA	96	NA	NA	NA	
687	chr16:36841304-36841704	4	NA	NA	NA	NA	NA	-155	
688	chr16:38504510-38504906	4	NA	NA	NA	NA	NA	-109	
689	chr16:42091827-42092370	4	NA	NA	NA	NA	NA	61	
690	chr16:43609236-43610104	2	NA	NA	NA	NA	NA	NA	
691	chr16:44611217-44611706	4	NA	NA	NA	NA	NA	-32	
692	chr16:44944576-44945102	4	NA	102	NA	NA	NA	NA	
693	chr16:45861374-45861975	1	-143	-158	NA	NA	NA	NA	
694	chr16:48696501-48697189	2	NA	NA	NA	NA	NA	NA	
695	chr16:48705793-48706447	1	131	NA	NA	NA	NA	NA	
696	chr16:48728826-48729692	4	NA	NA	NA	NA	NA	53	
697	chr16:49619095-49619760	2	NA	NA	NA	NA	NA	NA	
698	chr16:49710474-49710875	1	80	-140	NA	NA	NA	NA	
699	chr16:52000950-52001786	1	-99	122	NA	NA	NA	NA	
700	chr16:55819569-55819914	1	-75	NA	NA	NA	NA	NA	
701	chr16:55999571-56000186	2	NA	NA	NA	NA	NA	NA	
702	chr16:57392489-57392918	1	73	48	NA	NA	NA	NA	
703	chr16:64700577-64701277	1	-142	NA	NA	NA	NA	NA	
704	chr16:76132180-76132829	1	-139	NA	NA	NA	NA	NA	
705	chr16:76181968-76182733	2	NA	NA	NA	NA	NA	NA	
706	chr16:76432051-76432709	1	42	-151	NA	NA	NA	NA	
707	chr16:76891653-76892177	3	NA	-4	39	NA	NA	NA	
708	chr16:78445681-78446133	2	NA	NA	NA	NA	NA	NA	
709	chr16:87550627-87551366	2	NA	NA	NA	NA	NA	NA	
710	chr16:87615135-87615734	1	155	NA	NA	NA	NA	NA	
711	chr16:89861820-89862543	2	NA	NA	NA	NA	NA	NA	
712	chr16:89874572-89875401	1	-92	-162	NA	NA	NA	NA	
713	chr16:89882398-89883176	2	NA	NA	NA	NA	NA	NA	
714	chr16:90032932-90033503	2	NA	NA	NA	NA	NA	NA	
715	chr16:91263247-91263585	2	NA	NA	NA	NA	NA	NA	
716	chr16:91336986-91337483	1	-33	NA	NA	NA	NA	NA	
717	chr16:91359163-91359735	1	-97	NA	NA	NA	NA	NA	
718	chr16:91379614-91380145	1	-89	NA	NA	NA	NA	NA	
719	chr16:91434315-91434761	5	NA	NA	NA	-120	NA	NA	
720	chr16:92690458-92690929	1	21	NA	NA	NA	NA	NA	
721	chr16:92939881-92940235	1	-31	52	NA	NA	NA	NA	
722	chr16:93664997-93665580	5	NA	NA	NA	-8	NA	NA	
723	chr16:94740212-94741055	2	NA	NA	NA	NA	NA	NA	
724	chr16:95707767-95708074	5	NA	NA	NA	80	NA	NA	
725	chr16:95858818-95859729	1	-100	NA	NA	NA	NA	NA	
726	chr16:95965756-95966112	2	NA	NA	NA	NA	NA	NA	
727	chr17:8148768-8149406	2	NA	NA	NA	NA	NA	NA	
728	chr17:8306841-8307231	1	65	NA	NA	NA	NA	NA	
729	chr17:12215156-12215474	2	NA	NA	NA	NA	NA	NA	
730	chr17:12758955-12759244	2	NA	NA	NA	NA	NA	NA	
731	chr17:15536449-15536911	1	-11	NA	NA	NA	NA	NA	
732	chr17:17099061-17099513	1	60	NA	NA	NA	NA	NA	
733	chr17:23291000-23291715	1	51	NA	NA	NA	NA	NA	
734	chr17:23344628-23344988	2	NA	NA	NA	NA	NA	NA	
735	chr17:23586136-23586597	5	NA	NA	NA	54	NA	NA	
736	chr17:23721319-23721726	1	-34	NA	NA	NA	NA	NA	
737	chr17:24382482-24383080	2	NA	NA	NA	NA	NA	NA	
738	chr17:24414729-24415109	2	NA	NA	NA	NA	NA	NA	
739	chr17:24911504-24912450	2	NA	NA	NA	NA	NA	NA	
740	chr17:27383477-27383895	1	112	181	NA	NA	NA	NA	
741	chr17:27519940-27520511	1	-120	NA	NA	NA	NA	NA	
742	chr17:28018971-28019405	2	NA	NA	NA	NA	NA	NA	
743	chr17:28056022-28056402	1	97	NA	NA	NA	NA	NA	
744	chr17:28340091-28340726	1	82	-97	NA	NA	NA	NA	
745	chr17:28609926-28610414	2	NA	NA	NA	NA	NA	NA	
746	chr17:29073967-29074678	1	48	153	NA	NA	NA	NA	
747	chr17:29496488-29496970	2	NA	NA	NA	NA	NA	NA	
748	chr17:29706881-29707498	2	NA	NA	NA	NA	NA	NA	
749	chr17:30952701-30953242	1	-32	118	NA	NA	NA	NA	
750	chr17:31387625-31387982	1	-56	NA	NA	NA	NA	NA	
751	chr17:32052431-32053195	1	20	NA	NA	NA	NA	NA	
752	chr17:32771558-32772186	1	-125	NA	NA	NA	NA	NA	
753	chr17:33352915-33353603	2	NA	NA	NA	NA	NA	NA	
754	chr17:33432546-33433288	4	NA	32	NA	NA	NA	NA	
755	chr17:34005816-34006225	2	NA	NA	NA	NA	NA	NA	
756	chr17:34238906-34239676	3	NA	NA	49	NA	NA	NA	
757	chr17:35631588-35632245	4	NA	NA	NA	NA	NA	-62	
758	chr17:35839202-35839861	2	NA	NA	NA	NA	NA	NA	
759	chr17:39450939-39456994	2	NA	NA	NA	NA	NA	NA	
760	chr17:42730405-42730860	3	NA	NA	-37	NA	NA	NA	
761	chr17:44117488-44118156	1	-65	NA	NA	NA	NA	NA	
762	chr17:44953714-44954219	2	NA	NA	NA	NA	NA	NA	
763	chr17:45149815-45150203	2	NA	NA	NA	NA	NA	NA	
764	chr17:46311908-46312648	1	-22	NA	NA	NA	NA	NA	
765	chr17:46967536-46967959	1	122	NA	NA	NA	NA	NA	
766	chr17:47451339-47451784	1	-138	NA	NA	NA	NA	NA	
767	chr17:47978421-47978763	1	24	NA	NA	NA	NA	NA	
768	chr17:48894172-48894883	2	NA	NA	NA	NA	NA	NA	
769	chr17:50228804-50229240	4	NA	NA	NA	NA	NA	126	
770	chr17:50873164-50873979	1	-108	NA	NA	NA	NA	NA	
771	chr17:51278871-51279438	2	NA	NA	NA	NA	NA	NA	
772	chr17:51371512-51372104	2	NA	NA	NA	NA	NA	NA	
773	chr17:51627133-51628202	1	-124	NA	NA	NA	NA	NA	
774	chr17:51743200-51743994	1	-108	NA	NA	NA	NA	NA	
775	chr17:51776782-51777264	2	NA	NA	NA	NA	NA	NA	
776	chr17:51813220-51814013	3	NA	NA	106	NA	NA	NA	
777	chr17:56745175-56746084	1	-184	NA	NA	NA	NA	NA	
778	chr17:56879695-56880106	1	14	NA	NA	NA	NA	NA	
779	chr17:56990119-56990420	1	89	57	NA	NA	NA	NA	
780	chr17:57023184-57023795	1	107	NA	NA	NA	NA	NA	
781	chr17:57026821-57027335	1	65	NA	NA	NA	NA	NA	
782	chr17:59922117-59922613	2	NA	NA	NA	NA	NA	NA	
783	chr17:66006483-66006964	1	52	NA	NA	NA	NA	NA	
784	chr17:70877961-70879044	1	-166	NA	NA	NA	NA	NA	
785	chr17:71089391-71089776	2	NA	NA	NA	NA	NA	NA	
786	chr17:71365058-71365600	2	NA	NA	NA	NA	NA	NA	
787	chr17:72844467-72845267	4	NA	-156	NA	NA	NA	NA	
788	chr17:80065614-80066254	1	-126	NA	NA	NA	NA	NA	
789	chr17:83215196-83215812	2	NA	NA	NA	NA	NA	NA	
790	chr17:83220833-83221293	1	-19	102	NA	NA	NA	NA	
791	chr17:83562940-83563446	1	-156	78	NA	NA	-97	NA	
792	chr17:83918277-83918656	2	NA	NA	NA	NA	NA	NA	
793	chr17:84024529-84024969	3	NA	NA	74	NA	NA	NA	
794	chr17:84053156-84053562	1	-38	NA	NA	NA	NA	NA	
795	chr17:84071310-84071673	3	NA	NA	90	NA	NA	NA	
796	chr17:86209616-86210022	1	87	NA	NA	NA	NA	NA	
797	chr17:86708727-86709207	2	NA	NA	NA	NA	NA	NA	
798	chr17:87110893-87111316	2	NA	NA	NA	NA	NA	NA	
799	chr17:87950612-87951319	2	NA	NA	NA	NA	NA	NA	
800	chr18:3005491-3006101	2	NA	NA	NA	NA	NA	NA	
801	chr18:3281684-3282011	5	NA	NA	NA	-84	NA	NA	
802	chr18:3950398-3950798	5	NA	NA	NA	-167	NA	NA	
803	chr18:4182702-4183153	1	-121	NA	NA	NA	NA	NA	
804	chr18:4309173-4309775	2	NA	NA	NA	NA	NA	NA	
805	chr18:5162075-5162393	4	NA	NA	NA	NA	NA	-72	
806	chr18:8257928-8258417	2	NA	NA	NA	NA	NA	NA	
807	chr18:12056478-12057201	4	NA	NA	NA	NA	NA	166	
808	chr18:21099854-21100515	2	NA	NA	NA	NA	NA	NA	
809	chr18:23709405-23709642	1	-78	NA	NA	NA	NA	NA	
810	chr18:31901996-31902527	2	NA	NA	NA	NA	NA	NA	
811	chr18:33088446-33088890	3	NA	NA	33	NA	NA	NA	
812	chr18:34242942-34243410	2	NA	NA	NA	NA	NA	NA	
813	chr18:38545196-38545743	1	92	NA	NA	NA	NA	NA	
814	chr18:39644949-39645965	2	NA	NA	NA	NA	NA	NA	
815	chr18:40308350-40308773	1	-71	97	NA	NA	NA	NA	
816	chr18:42400815-42401606	3	NA	NA	24	NA	NA	NA	
817	chr18:46217774-46218350	1	158	NA	NA	NA	NA	NA	
818	chr18:50105199-50105644	2	NA	NA	NA	NA	NA	NA	
819	chr18:50277246-50277744	1	-80	NA	NA	NA	NA	NA	
820	chr18:55591980-55592880	5	NA	NA	NA	-97	NA	NA	
821	chr18:56064737-56065045	2	NA	NA	NA	NA	NA	NA	
822	chr18:61009550-61010358	1	101	NA	NA	NA	NA	NA	
823	chr18:61098744-61099095	1	-8	NA	NA	NA	NA	NA	
824	chr18:62845379-62845887	1	-44	NA	NA	NA	NA	NA	
825	chr18:64613840-64614461	2	NA	NA	NA	NA	NA	NA	
826	chr18:67337895-67338553	2	NA	NA	NA	NA	NA	NA	
827	chr18:67850234-67850728	1	-126	NA	NA	NA	NA	NA	
828	chr18:68070171-68070496	2	NA	NA	NA	NA	NA	NA	
829	chr18:68360893-68361352	1	19	NA	NA	NA	NA	NA	
830	chr18:69236816-69237229	1	36	NA	NA	NA	NA	NA	
831	chr18:70688494-70689221	2	NA	NA	NA	NA	NA	NA	
832	chr18:74393705-74394412	1	-13	NA	NA	NA	NA	NA	
833	chr18:74849711-74850166	2	NA	NA	NA	NA	NA	NA	
834	chr18:75088648-75089032	1	-170	NA	NA	NA	NA	NA	
835	chr18:75403820-75404472	3	NA	35	-73	NA	NA	NA	
836	chr18:75447339-75448226	2	NA	NA	NA	NA	NA	NA	
837	chr18:75502825-75503417	1	-8	NA	NA	NA	NA	NA	
838	chr18:77139962-77140430	1	-148	NA	NA	NA	NA	NA	
839	chr18:78374134-78374615	1	-169	NA	NA	NA	NA	NA	
840	chr18:80900213-80900977	1	75	-150	NA	NA	NA	NA	
841	chr18:81372906-81373629	2	NA	NA	NA	NA	NA	NA	
842	chr18:82981293-82981879	2	NA	NA	NA	NA	NA	NA	
843	chr18:85020829-85021322	2	NA	NA	NA	NA	NA	NA	
844	chr18:89340218-89341023	3	NA	NA	162	NA	NA	NA	
845	chr19:3451950-3452571	2	NA	NA	NA	NA	NA	NA	
846	chr19:3654184-3654541	5	NA	NA	NA	84	NA	NA	
847	chr19:4119600-4120322	1	17	-31	NA	NA	NA	NA	
848	chr19:4878536-4879419	1	41	NA	NA	NA	NA	NA	
849	chr19:5724343-5724897	3	NA	-88	48	NA	NA	NA	
850	chr19:5844170-5844670	2	NA	NA	NA	NA	NA	NA	
851	chr19:7019510-7020306	1	-105	NA	NA	NA	NA	NA	
852	chr19:7183101-7183672	5	NA	NA	NA	92	NA	NA	
853	chr19:10936552-10936962	2	NA	NA	NA	NA	NA	NA	
854	chr19:11583842-11584433	3	NA	NA	-71	NA	NA	NA	
855	chr19:12608646-12609382	2	NA	NA	NA	NA	NA	NA	
856	chr19:12863516-12864064	1	-176	NA	NA	NA	NA	NA	
857	chr19:12879930-12880517	1	10	NA	NA	NA	NA	NA	
858	chr19:15991727-15992318	2	NA	NA	NA	NA	NA	NA	
859	chr19:23390275-23390615	2	NA	NA	NA	NA	NA	NA	
860	chr19:24543935-24544215	1	141	NA	NA	NA	NA	NA	
861	chr19:24621986-24622515	1	-49	NA	NA	NA	NA	NA	
862	chr19:25427662-25428178	1	-42	NA	NA	NA	NA	NA	
863	chr19:27073496-27073980	3	NA	NA	114	NA	NA	NA	
864	chr19:29519669-29520498	1	38	NA	NA	NA	NA	NA	
865	chr19:32341396-32342155	1	87	NA	NA	NA	NA	NA	
866	chr19:33041023-33041372	2	NA	NA	NA	NA	NA	NA	
867	chr19:33147425-33147920	1	149	NA	NA	NA	NA	NA	
868	chr19:33432459-33433443	1	41	NA	NA	NA	NA	NA	
869	chr19:34576506-34577024	2	NA	NA	NA	NA	NA	NA	
870	chr19:36880651-36881013	1	-110	NA	NA	NA	NA	NA	
871	chr19:38118848-38119317	2	NA	NA	NA	NA	NA	NA	
872	chr19:38923854-38924092	5	NA	NA	NA	-112	NA	NA	
873	chr19:40293844-40294102	2	NA	NA	NA	NA	NA	NA	
874	chr19:40642725-40643247	3	NA	NA	104	NA	-66	NA	
875	chr19:41075599-41076175	1	-4	NA	NA	NA	NA	NA	
876	chr19:43473669-43474308	1	134	NA	NA	NA	NA	NA	
877	chr19:43577650-43578328	2	NA	NA	NA	NA	NA	NA	
878	chr19:44337774-44338584	1	-135	NA	NA	NA	NA	NA	
879	chr19:44565963-44566618	1	-111	NA	NA	NA	NA	NA	
880	chr19:45117255-45117759	1	-48	NA	NA	NA	-80	NA	
881	chr19:45526369-45526887	1	-88	NA	NA	NA	NA	NA	
882	chr19:46524257-46524661	1	-116	NA	NA	NA	NA	NA	
883	chr19:46909909-46910720	2	NA	NA	NA	NA	NA	NA	
884	chr19:47566153-47566545	2	NA	NA	NA	NA	NA	NA	
885	chr19:47971907-47972598	5	NA	90	NA	72	NA	NA	
886	chr19:53367184-53367777	4	NA	NA	NA	NA	NA	-114	
887	chr19:53496352-53497003	2	NA	NA	NA	NA	NA	NA	
888	chr19:54100417-54101022	2	NA	NA	NA	NA	NA	NA	
889	chr19:55369413-55370097	2	NA	NA	NA	NA	NA	NA	
890	chr19:55462041-55462467	2	NA	NA	NA	NA	NA	NA	
891	chr19:57169952-57170486	1	-45	NA	NA	NA	13	NA	
892	chr19:57496086-57496532	1	78	NA	NA	NA	NA	NA	
893	chr19:57663390-57663661	2	NA	NA	NA	NA	NA	NA	
894	chr19:58429884-58430588	1	-107	NA	NA	NA	NA	NA	
895	chr19:58438721-58439282	1	18	NA	NA	NA	NA	NA	
896	chr2:3647979-3648393	1	108	NA	NA	NA	NA	NA	
897	chr2:6637765-6638439	2	NA	NA	NA	NA	NA	NA	
898	chr2:9034635-9034970	1	58	NA	NA	NA	NA	NA	
899	chr2:9482278-9482929	1	-48	NA	NA	NA	NA	NA	
900	chr2:9495349-9495789	1	-54	NA	NA	NA	NA	NA	
901	chr2:9510213-9510762	3	NA	NA	123	NA	NA	NA	
902	chr2:9743645-9743968	2	NA	NA	NA	NA	NA	NA	
903	chr2:9796979-9797585	2	NA	NA	NA	NA	NA	NA	
904	chr2:11111103-11111607	5	NA	NA	NA	-17	NA	NA	
905	chr2:11580585-11581008	1	-123	NA	NA	NA	NA	NA	
906	chr2:12989075-12989442	2	NA	NA	NA	NA	NA	NA	
907	chr2:13215439-13216013	1	-73	NA	NA	NA	NA	NA	
908	chr2:13353438-13353911	1	92	NA	NA	NA	NA	NA	
909	chr2:17281360-17282038	1	-68	NA	NA	NA	NA	NA	
910	chr2:19518782-19519398	3	NA	NA	-73	NA	NA	NA	
911	chr2:24571956-24572416	1	-181	-162	NA	NA	NA	NA	
912	chr2:26271435-26271934	3	NA	NA	-124	NA	NA	NA	
913	chr2:26282897-26283411	1	-132	NA	NA	NA	NA	NA	
914	chr2:26560772-26561303	1	119	NA	NA	NA	NA	NA	
915	chr2:26575316-26575801	4	NA	NA	NA	NA	NA	79	
916	chr2:26897276-26897688	1	-66	89	NA	NA	NA	NA	
917	chr2:29494635-29495161	4	NA	26	NA	NA	NA	NA	
918	chr2:29671732-29672163	2	NA	NA	NA	NA	NA	NA	
919	chr2:29928472-29928842	2	NA	NA	NA	NA	NA	NA	
920	chr2:30416559-30417401	1	-147	NA	NA	NA	NA	NA	
921	chr2:30936882-30937588	2	NA	NA	NA	NA	NA	NA	
922	chr2:31567413-31567739	4	NA	125	NA	NA	NA	NA	
923	chr2:31772855-31773428	1	-99	NA	NA	NA	NA	NA	
924	chr2:31879398-31880107	1	139	NA	NA	NA	NA	NA	
925	chr2:32147786-32148185	1	-174	NA	NA	NA	NA	NA	
926	chr2:32185120-32185751	2	NA	NA	NA	NA	NA	NA	
927	chr2:32316959-32317843	1	-108	NA	NA	NA	145	NA	
928	chr2:32515861-32516689	1	83	NA	NA	NA	NA	NA	
929	chr2:32599373-32599874	5	NA	NA	NA	51	NA	NA	
930	chr2:33225796-33226197	1	23	NA	NA	NA	NA	NA	
931	chr2:33365962-33366289	3	NA	NA	-136	NA	NA	NA	
932	chr2:34783528-34784127	2	NA	NA	NA	NA	NA	NA	
933	chr2:35094823-35095376	2	NA	NA	NA	NA	NA	NA	
934	chr2:35803681-35804239	2	NA	NA	NA	NA	NA	NA	
935	chr2:37593624-37594267	5	NA	NA	NA	-140	NA	NA	
936	chr2:38673903-38674142	2	NA	NA	NA	NA	NA	NA	
937	chr2:38827535-38827960	2	NA	NA	NA	NA	NA	NA	
938	chr2:43549597-43550370	1	-85	NA	NA	NA	NA	NA	
939	chr2:43620529-43621075	1	-35	NA	NA	NA	NA	NA	
940	chr2:52200690-52201249	1	-157	NA	NA	NA	NA	NA	
941	chr2:52801142-52801653	2	NA	NA	NA	NA	NA	NA	
942	chr2:57968991-57969676	1	-46	NA	NA	NA	NA	NA	
943	chr2:58101739-58102122	2	NA	NA	NA	NA	NA	NA	
944	chr2:59270498-59271206	2	NA	NA	NA	NA	NA	NA	
945	chr2:60588016-60588516	5	NA	NA	NA	-64	NA	NA	
946	chr2:62152870-62153512	1	70	NA	NA	NA	NA	NA	
947	chr2:68231091-68231702	1	111	NA	NA	NA	NA	NA	
948	chr2:68272033-68272556	4	NA	-96	NA	NA	NA	NA	
949	chr2:68594333-68594892	2	NA	NA	NA	NA	NA	NA	
950	chr2:70675820-70676629	1	10	-48	NA	NA	NA	NA	
951	chr2:70833093-70833601	1	-136	NA	NA	NA	NA	NA	
952	chr2:71160909-71161465	3	NA	NA	59	NA	NA	NA	
953	chr2:72293707-72294406	2	NA	NA	NA	NA	NA	NA	
954	chr2:72311663-72312207	1	18	NA	NA	NA	NA	NA	
955	chr2:74505370-74506003	2	NA	NA	NA	NA	NA	NA	
956	chr2:75389371-75390043	2	NA	NA	NA	NA	NA	NA	
957	chr2:75401263-75402053	2	NA	NA	NA	NA	NA	NA	
958	chr2:79038874-79039441	1	-117	NA	NA	NA	NA	NA	
959	chr2:79050569-79051068	2	NA	NA	NA	NA	NA	NA	
960	chr2:84514829-84515389	2	NA	NA	NA	NA	NA	NA	
961	chr2:84580128-84580608	2	NA	NA	NA	NA	NA	NA	
962	chr2:91057097-91057389	2	NA	NA	NA	NA	NA	NA	
963	chr2:91439439-91440083	2	NA	NA	NA	NA	NA	NA	
964	chr2:91785038-91785481	2	NA	NA	NA	NA	NA	NA	
965	chr2:92173616-92174194	2	NA	NA	NA	NA	NA	NA	
966	chr2:92731705-92732203	4	NA	-79	NA	NA	NA	NA	
967	chr2:92748788-92749289	1	-143	NA	NA	NA	NA	NA	
968	chr2:93259717-93260204	5	NA	45	NA	172	NA	NA	
969	chr2:93651117-93651528	1	-120	NA	NA	NA	NA	NA	
970	chr2:101351972-101352839	1	82	NA	NA	NA	NA	NA	
971	chr2:101437886-101438618	2	NA	NA	NA	NA	NA	NA	
972	chr2:102652986-102653310	1	-82	NA	NA	NA	NA	NA	
973	chr2:103409884-103410408	1	-44	NA	NA	NA	NA	NA	
974	chr2:103703173-103703647	4	NA	-11	NA	NA	NA	NA	
975	chr2:104326228-104327146	5	NA	NA	NA	9	NA	NA	
976	chr2:104391010-104391386	1	83	NA	NA	NA	NA	NA	
977	chr2:117034034-117034643	1	145	NA	NA	NA	NA	NA	
978	chr2:117108890-117109570	2	NA	NA	NA	NA	NA	NA	
979	chr2:118329604-118330085	1	68	NA	NA	NA	NA	NA	
980	chr2:118453950-118454240	1	-102	NA	NA	NA	NA	NA	
981	chr2:118887721-118888079	3	NA	NA	-44	NA	-79	NA	
982	chr2:118942164-118942904	1	35	NA	NA	NA	NA	NA	
983	chr2:119899422-119899745	1	79	NA	NA	NA	66	NA	
984	chr2:120114909-120115518	1	1	-33	NA	NA	NA	NA	
985	chr2:120401581-120401928	1	4	NA	NA	NA	NA	NA	
986	chr2:121087969-121088547	2	NA	NA	NA	NA	NA	NA	
987	chr2:122359692-122360331	2	NA	NA	NA	NA	NA	NA	
988	chr2:122407256-122407544	1	111	NA	NA	NA	NA	NA	
989	chr2:122445104-122445425	2	NA	NA	NA	NA	NA	NA	
990	chr2:125427035-125427584	3	NA	NA	-135	NA	NA	NA	
991	chr2:125468562-125468981	1	67	NA	NA	NA	NA	NA	
992	chr2:127028612-127029101	1	-97	NA	NA	NA	NA	NA	
993	chr2:127618786-127619976	2	NA	NA	NA	NA	NA	NA	
994	chr2:127895409-127896067	1	67	NA	NA	NA	NA	NA	
995	chr2:128236142-128236685	2	NA	NA	NA	NA	NA	NA	
996	chr2:129366425-129366790	1	185	NA	NA	NA	NA	NA	
997	chr2:129965949-129966587	1	-168	NA	NA	NA	NA	NA	
998	chr2:131113927-131114661	4	NA	-54	NA	NA	NA	NA	
999	chr2:131661912-131662496	1	-121	NA	NA	NA	NA	NA	
1000	chr2:132298854-132299601	3	NA	NA	148	NA	NA	NA	
1001	chr2:136583062-136583570	2	NA	NA	NA	NA	NA	NA	
1002	chr2:147074675-147074983	2	NA	NA	NA	NA	NA	NA	
1003	chr2:149802785-149803364	1	134	NA	NA	NA	NA	NA	
1004	chr2:150357018-150357677	1	58	NA	NA	NA	NA	NA	
1005	chr2:151219563-151219802	1	-66	NA	NA	NA	NA	NA	
1006	chr2:152485963-152486717	1	-94	NA	NA	NA	NA	NA	
1007	chr2:153217107-153217633	3	NA	NA	-143	NA	NA	NA	
1008	chr2:154244049-154244476	2	NA	NA	NA	NA	NA	NA	
1009	chr2:154546610-154547264	2	NA	NA	NA	NA	NA	NA	
1010	chr2:155870818-155871572	1	5	NA	NA	NA	125	NA	
1011	chr2:156003315-156003657	2	NA	NA	NA	NA	NA	NA	
1012	chr2:156573940-156574385	1	-1	NA	NA	NA	NA	NA	
1013	chr2:156687903-156688264	1	124	41	NA	NA	NA	NA	
1014	chr2:156813209-156813509	2	NA	NA	NA	NA	NA	NA	
1015	chr2:157964529-157965188	1	125	NA	NA	NA	NA	NA	
1016	chr2:158100512-158101027	1	142	NA	NA	NA	NA	NA	
1017	chr2:160432909-160433452	2	NA	NA	NA	NA	NA	NA	
1018	chr2:162920363-162921036	1	-142	NA	NA	NA	NA	NA	
1019	chr2:162944726-162945256	2	NA	NA	NA	NA	NA	NA	
1020	chr2:165345459-165345876	1	-75	NA	NA	NA	NA	NA	
1021	chr2:165645905-165646672	2	NA	NA	NA	NA	NA	NA	
1022	chr2:165875728-165875955	1	95	NA	NA	NA	-74	NA	
1023	chr2:166347717-166348411	5	NA	NA	NA	-17	NA	NA	
1024	chr2:166445878-166446413	1	129	NA	NA	NA	NA	NA	
1025	chr2:166893019-166893370	1	-116	103	NA	NA	NA	NA	
1026	chr2:167325496-167326345	1	-73	NA	NA	NA	NA	NA	
1027	chr2:167414956-167415365	1	-125	NA	NA	NA	NA	NA	
1028	chr2:167578722-167579624	1	-178	NA	NA	NA	NA	NA	
1029	chr2:168286805-168287325	2	NA	NA	NA	NA	NA	NA	
1030	chr2:169865190-169865795	1	53	NA	NA	NA	NA	NA	
1031	chr2:169982710-169983366	2	NA	NA	NA	NA	NA	NA	
1032	chr2:172141725-172142451	2	NA	NA	NA	NA	NA	NA	
1033	chr2:172456896-172457256	1	125	NA	NA	NA	NA	NA	
1034	chr2:172817224-172817552	1	-93	NA	NA	NA	NA	NA	
1035	chr2:172872532-172873294	2	NA	NA	NA	NA	NA	NA	
1036	chr2:180202857-180203387	2	NA	NA	NA	NA	NA	NA	
1037	chr2:181846762-181847320	2	NA	NA	NA	NA	NA	NA	
1038	chr3:8749621-8750208	3	NA	NA	-12	NA	NA	NA	
1039	chr3:9809307-9809549	1	42	NA	NA	NA	NA	NA	
1040	chr3:9848281-9848851	3	NA	34	-187	NA	NA	NA	
1041	chr3:20414870-20415409	1	104	NA	NA	NA	NA	NA	
1042	chr3:28754082-28754429	1	79	NA	NA	NA	NA	NA	
1043	chr3:32900617-32901075	2	NA	NA	NA	NA	NA	NA	
1044	chr3:36743909-36744343	2	NA	NA	NA	NA	NA	NA	
1045	chr3:37045169-37045585	1	-66	NA	NA	NA	-92	NA	
1046	chr3:37916180-37916582	2	NA	NA	NA	NA	NA	NA	
1047	chr3:37978955-37979419	3	NA	NA	-131	NA	NA	NA	
1048	chr3:39045326-39045760	2	NA	NA	NA	NA	NA	NA	
1049	chr3:40841865-40842411	2	NA	NA	NA	NA	NA	NA	
1050	chr3:41204225-41204449	1	89	NA	NA	NA	NA	NA	
1051	chr3:51427654-51428162	1	-64	NA	NA	NA	NA	NA	
1052	chr3:51666223-51666780	2	NA	NA	NA	NA	NA	NA	
1053	chr3:52095685-52096225	2	NA	NA	NA	NA	NA	NA	
1054	chr3:52485834-52486307	1	-109	NA	NA	NA	NA	NA	
1055	chr3:52546329-52547051	1	75	61	NA	NA	NA	NA	
1056	chr3:52928063-52928591	3	NA	-141	-127	NA	NA	NA	
1057	chr3:52944328-52944812	4	NA	-77	NA	NA	NA	NA	
1058	chr3:52966236-52966904	4	NA	NA	NA	NA	65	NA	
1059	chr3:53019779-53020536	2	NA	NA	NA	NA	NA	NA	
1060	chr3:54679916-54680330	1	108	10	NA	NA	30	NA	
1061	chr3:55167718-55168436	2	NA	NA	NA	NA	NA	NA	
1062	chr3:59529060-59529380	2	NA	NA	NA	NA	NA	NA	
1063	chr3:60689359-60690247	1	59	NA	NA	NA	NA	NA	
1064	chr3:69809847-69810225	4	NA	NA	NA	NA	NA	-5	
1065	chr3:75843707-75844208	2	NA	NA	NA	NA	NA	NA	
1066	chr3:84667398-84667842	1	-42	-124	NA	NA	NA	NA	
1067	chr3:84767426-84767974	1	-103	NA	NA	NA	NA	NA	
1068	chr3:84894699-84895346	1	71	NA	NA	NA	NA	NA	
1069	chr3:84934626-84935325	1	-110	NA	NA	NA	NA	NA	
1070	chr3:87615522-87615938	2	NA	NA	NA	NA	NA	NA	
1071	chr3:87931977-87932436	1	-139	NA	NA	NA	NA	NA	
1072	chr3:88227584-88228184	1	-160	NA	NA	NA	NA	NA	
1073	chr3:88626464-88626960	1	-51	NA	NA	NA	NA	NA	
1074	chr3:88707611-88708199	1	150	NA	NA	NA	NA	NA	
1075	chr3:89015382-89015971	2	NA	NA	NA	NA	NA	NA	
1076	chr3:89481909-89482633	2	NA	NA	NA	NA	NA	NA	
1077	chr3:89957946-89958643	1	-140	NA	NA	NA	NA	NA	
1078	chr3:94454052-94454537	1	-177	NA	NA	NA	NA	NA	
1079	chr3:94467732-94468179	2	NA	NA	NA	NA	NA	NA	
1080	chr3:95112659-95112963	2	NA	NA	NA	NA	NA	NA	
1081	chr3:95245023-95245561	2	NA	NA	NA	NA	NA	NA	
1082	chr3:95295852-95296598	2	NA	NA	NA	NA	NA	NA	
1083	chr3:95313151-95313773	2	NA	NA	NA	NA	NA	NA	
1084	chr3:96059151-96059491	4	NA	NA	NA	NA	NA	-107	
1085	chr3:96355164-96355701	2	NA	NA	NA	NA	NA	NA	
1086	chr3:96642146-96642975	4	NA	NA	NA	NA	NA	94	
1087	chr3:96665145-96666092	1	151	-93	NA	NA	NA	NA	
1088	chr3:101425503-101425940	1	-119	-7	NA	NA	NA	NA	
1089	chr3:101631039-101631529	5	NA	NA	NA	138	NA	NA	
1090	chr3:101734667-101735161	3	NA	NA	187	NA	-19	NA	
1091	chr3:103231230-103231808	4	NA	NA	NA	NA	NA	56	
1092	chr3:103526449-103526975	2	NA	NA	NA	NA	NA	NA	
1093	chr3:103867028-103867660	1	-15	NA	NA	NA	NA	NA	
1094	chr3:104374735-104375325	1	103	NA	NA	NA	NA	NA	
1095	chr3:105832855-105833546	2	NA	NA	NA	NA	NA	NA	
1096	chr3:105896594-105897153	3	NA	NA	-175	NA	NA	NA	
1097	chr3:107208659-107209259	4	NA	NA	NA	NA	NA	-127	
1098	chr3:108081580-108082147	1	-30	NA	NA	NA	NA	NA	
1099	chr3:109480212-109480732	2	NA	NA	NA	NA	NA	NA	
1100	chr3:117548193-117548576	2	NA	NA	NA	NA	NA	NA	
1101	chr3:121357155-121357667	4	NA	-89	NA	NA	NA	NA	
1102	chr3:121539642-121540329	2	NA	NA	NA	NA	NA	NA	
1103	chr3:127755129-127755801	2	NA	NA	NA	NA	NA	NA	
1104	chr3:127933829-127934144	5	NA	NA	NA	39	NA	NA	
1105	chr3:130680141-130680836	1	98	NA	NA	NA	NA	NA	
1106	chr3:131008341-131008758	3	NA	NA	9	NA	NA	NA	
1107	chr3:131101367-131101709	2	NA	NA	NA	NA	NA	NA	
1108	chr3:131197622-131198140	1	-130	46	NA	NA	NA	NA	
1109	chr3:131323508-131323751	2	NA	NA	NA	NA	NA	NA	
1110	chr3:135656437-135657039	1	14	110	NA	NA	NA	NA	
1111	chr3:138465334-138465660	1	-154	NA	NA	NA	NA	NA	
1112	chr3:138680205-138680776	2	NA	NA	NA	NA	NA	NA	
1113	chr3:144190503-144190881	3	NA	NA	120	NA	NA	NA	
1114	chr3:146620560-146620790	1	108	NA	NA	NA	NA	NA	
1115	chr3:146623768-146624240	1	-39	NA	NA	NA	NA	NA	
1116	chr3:152141394-152141995	1	30	NA	NA	NA	NA	NA	
1117	chr3:152283806-152284091	2	NA	NA	NA	NA	NA	NA	
1118	chr3:152863572-152863937	2	NA	NA	NA	NA	NA	NA	
1119	chr4:6828864-6829670	2	NA	NA	NA	NA	NA	NA	
1120	chr4:15200217-15200798	3	NA	NA	20	NA	NA	NA	
1121	chr4:16090767-16091491	2	NA	NA	NA	NA	NA	NA	
1122	chr4:16091795-16092371	2	NA	NA	NA	NA	NA	NA	
1123	chr4:32620062-32620475	5	NA	NA	NA	182	NA	NA	
1124	chr4:33198042-33198533	5	NA	NA	NA	50	NA	NA	
1125	chr4:35344904-35345244	3	NA	NA	88	NA	NA	NA	
1126	chr4:40891327-40891842	1	35	NA	NA	NA	-104	NA	
1127	chr4:40961561-40961806	1	102	NA	NA	NA	NA	NA	
1128	chr4:41026445-41026952	5	NA	NA	NA	114	NA	NA	
1129	chr4:41027738-41028359	4	NA	NA	NA	NA	NA	-172	
1130	chr4:41065224-41065755	5	NA	NA	NA	131	NA	NA	
1131	chr4:41757633-41757904	1	69	NA	NA	NA	NA	NA	
1132	chr4:43502768-43503239	5	NA	NA	NA	-121	NA	NA	
1133	chr4:44994589-44995176	1	-130	NA	NA	NA	NA	NA	
1134	chr4:45318056-45318430	2	NA	NA	NA	NA	NA	NA	
1135	chr4:45429825-45430498	2	NA	NA	NA	NA	NA	NA	
1136	chr4:46409516-46410349	3	NA	NA	-32	NA	NA	NA	
1137	chr4:47010497-47011249	3	NA	NA	-188	NA	-174	NA	
1138	chr4:47340455-47341624	4	NA	NA	NA	NA	-68	NA	
1139	chr4:47446386-47446763	1	65	NA	NA	NA	NA	NA	
1140	chr4:48063521-48064056	1	-86	NA	NA	NA	NA	NA	
1141	chr4:53299188-53299654	2	NA	NA	NA	NA	NA	NA	
1142	chr4:57995246-57995611	1	-102	-188	NA	NA	NA	NA	
1143	chr4:59972758-59973264	2	NA	NA	NA	NA	NA	NA	
1144	chr4:62708567-62709252	4	NA	NA	NA	NA	NA	144	
1145	chr4:69864393-69864882	2	NA	NA	NA	NA	NA	NA	
1146	chr4:86357339-86357993	1	-91	NA	NA	NA	NA	NA	
1147	chr4:87505610-87506257	3	NA	NA	5	NA	NA	NA	
1148	chr4:87741853-87742384	1	72	NA	NA	NA	NA	NA	
1149	chr4:92465212-92465458	2	NA	NA	NA	NA	NA	NA	
1150	chr4:95387169-95387690	2	NA	NA	NA	NA	NA	NA	
1151	chr4:97263925-97264273	4	NA	NA	NA	NA	NA	-145	
1152	chr4:97402868-97403532	2	NA	NA	NA	NA	NA	NA	
1153	chr4:100818351-100819000	2	NA	NA	NA	NA	NA	NA	
1154	chr4:102009410-102009897	2	NA	NA	NA	NA	NA	NA	
1155	chr4:102180046-102180739	1	39	NA	NA	NA	NA	NA	
1156	chr4:102209717-102210244	2	NA	NA	NA	NA	NA	NA	
1157	chr4:102489435-102489991	1	86	NA	NA	NA	NA	NA	
1158	chr4:102610556-102611166	2	NA	NA	NA	NA	NA	NA	
1159	chr4:104629480-104630339	2	NA	NA	NA	NA	NA	NA	
1160	chr4:116679934-116680665	1	-97	NA	NA	NA	NA	NA	
1161	chr4:116748610-116749062	2	NA	NA	NA	NA	NA	NA	
1162	chr4:116975619-116976732	5	NA	-157	NA	181	NA	NA	
1163	chr4:118607058-118607463	3	NA	NA	172	NA	NA	NA	
1164	chr4:118625255-118625757	2	NA	NA	NA	NA	NA	NA	
1165	chr4:119170336-119170701	3	NA	NA	-56	NA	NA	NA	
1166	chr4:120484009-120484710	1	18	NA	NA	NA	NA	NA	
1167	chr4:122375302-122375743	2	NA	NA	NA	NA	NA	NA	
1168	chr4:122741182-122741588	1	-36	NA	NA	NA	-129	NA	
1169	chr4:123074723-123075197	2	NA	NA	NA	NA	NA	NA	
1170	chr4:124254590-124255361	5	NA	NA	NA	66	NA	NA	
1171	chr4:125591910-125592309	2	NA	NA	NA	NA	NA	NA	
1172	chr4:125605648-125606633	1	-30	NA	NA	NA	NA	NA	
1173	chr4:125664580-125665288	2	NA	NA	NA	NA	NA	NA	
1174	chr4:126045152-126045567	1	92	63	NA	NA	NA	NA	
1175	chr4:128119634-128120048	3	NA	NA	-172	NA	NA	NA	
1176	chr4:128838171-128838513	1	-130	NA	NA	NA	-18	NA	
1177	chr4:129077141-129077738	2	NA	NA	NA	NA	NA	NA	
1178	chr4:129084490-129084901	2	NA	NA	NA	NA	NA	NA	
1179	chr4:129203794-129204363	1	-94	NA	NA	NA	NA	NA	
1180	chr4:129355787-129356185	2	NA	NA	NA	NA	NA	NA	
1181	chr4:130186159-130186873	2	NA	NA	NA	NA	NA	NA	
1182	chr4:132115227-132115785	1	-144	NA	NA	NA	NA	NA	
1183	chr4:132357484-132357874	4	NA	-151	NA	NA	NA	NA	
1184	chr4:132532906-132533324	4	NA	135	NA	NA	NA	NA	
1185	chr4:133000142-133000717	5	NA	-135	NA	153	NA	NA	
1186	chr4:133028777-133029149	1	55	-168	NA	NA	NA	NA	
1187	chr4:133099777-133100376	3	NA	NA	110	NA	NA	NA	
1188	chr4:134478184-134478761	1	-99	-39	NA	NA	NA	NA	
1189	chr4:134708453-134708780	4	NA	NA	NA	NA	NA	66	
1190	chr4:135127616-135128164	2	NA	NA	NA	NA	NA	NA	
1191	chr4:135293663-135294114	2	NA	NA	NA	NA	NA	NA	
1192	chr4:135332211-135332472	1	-89	NA	NA	NA	NA	NA	
1193	chr4:135401672-135401974	1	-121	NA	NA	NA	NA	NA	
1194	chr4:136866516-136867047	2	NA	NA	NA	NA	NA	NA	
1195	chr4:137575724-137576094	2	NA	NA	NA	NA	NA	NA	
1196	chr4:138894212-138894726	1	136	NA	NA	NA	NA	NA	
1197	chr4:139103083-139103548	1	-16	NA	NA	NA	NA	NA	
1198	chr4:140045796-140046412	2	NA	NA	NA	NA	NA	NA	
1199	chr4:140203053-140203390	3	NA	NA	110	NA	NA	NA	
1200	chr4:140224414-140225048	1	141	NA	NA	NA	NA	NA	
1201	chr4:141065033-141065543	2	NA	NA	NA	NA	NA	NA	
1202	chr4:144271681-144272069	2	NA	NA	NA	NA	NA	NA	
1203	chr4:144294155-144294893	2	NA	NA	NA	NA	NA	NA	
1204	chr4:147910595-147911220	2	NA	NA	NA	NA	NA	NA	
1205	chr4:148244873-148245559	2	NA	NA	NA	NA	NA	NA	
1206	chr4:148313361-148313870	3	NA	NA	-58	NA	NA	NA	
1207	chr4:148700356-148701273	2	NA	NA	NA	NA	NA	NA	
1208	chr4:148715438-148715767	4	NA	-54	NA	NA	NA	NA	
1209	chr4:149081755-149082171	1	-4	NA	NA	NA	NA	NA	
1210	chr4:150997320-150997890	2	NA	NA	NA	NA	NA	NA	
1211	chr4:153993833-153994614	1	-161	-34	NA	NA	NA	NA	
1212	chr4:154258360-154259008	1	84	NA	NA	NA	NA	NA	
1213	chr5:15889936-15890331	2	NA	NA	NA	NA	NA	NA	
1214	chr5:19811651-19812174	2	NA	NA	NA	NA	NA	NA	
1215	chr5:20463831-20464768	1	-140	NA	NA	NA	NA	NA	
1216	chr5:20923003-20923517	1	96	-172	NA	NA	NA	NA	
1217	chr5:24097354-24097756	2	NA	NA	NA	NA	NA	NA	
1218	chr5:28402311-28403155	2	NA	NA	NA	NA	NA	NA	
1219	chr5:30066138-30066810	1	51	NA	NA	NA	NA	NA	
1220	chr5:34561929-34562387	2	NA	NA	NA	NA	NA	NA	
1221	chr5:36690405-36690811	1	154	NA	NA	NA	NA	NA	
1222	chr5:37010517-37010960	5	NA	NA	NA	120	NA	NA	
1223	chr5:37277366-37277900	2	NA	NA	NA	NA	NA	NA	
1224	chr5:38358053-38358426	1	-122	NA	NA	NA	NA	NA	
1225	chr5:44129464-44130019	3	NA	NA	-111	NA	NA	NA	
1226	chr5:64905026-64905393	3	NA	NA	-59	NA	NA	NA	
1227	chr5:64955658-64956355	4	NA	11	NA	NA	NA	NA	
1228	chr5:65093693-65094277	2	NA	NA	NA	NA	NA	NA	
1229	chr5:65614375-65614911	2	NA	NA	NA	NA	NA	NA	
1230	chr5:66070140-66070674	1	-132	NA	NA	NA	NA	NA	
1231	chr5:66152302-66152953	1	94	-18	NA	NA	NA	NA	
1232	chr5:66180040-66180394	1	-95	-65	NA	NA	NA	NA	
1233	chr5:66200610-66200991	3	NA	NA	-115	NA	-69	NA	
1234	chr5:66208427-66208837	1	-61	NA	NA	NA	NA	NA	
1235	chr5:66228459-66229048	2	NA	NA	NA	NA	NA	NA	
1236	chr5:68125556-68126166	1	-102	NA	NA	NA	NA	NA	
1237	chr5:72451656-72452280	2	NA	NA	NA	NA	NA	NA	
1238	chr5:72913877-72914278	1	-154	NA	NA	NA	NA	NA	
1239	chr5:73532914-73533332	3	NA	NA	139	NA	NA	NA	
1240	chr5:76122119-76122509	2	NA	NA	NA	NA	NA	NA	
1241	chr5:78340312-78340992	2	NA	NA	NA	NA	NA	NA	
1242	chr5:87145952-87146317	1	50	NA	NA	NA	NA	NA	
1243	chr5:93279728-93280278	1	42	NA	NA	NA	NA	NA	
1244	chr5:93564683-93565226	1	-143	NA	NA	NA	NA	NA	
1245	chr5:96448399-96448872	1	68	NA	NA	NA	NA	NA	
1246	chr5:103966941-103967280	5	NA	NA	NA	142	NA	NA	
1247	chr5:103996454-103996984	2	NA	NA	NA	NA	NA	NA	
1248	chr5:104062085-104062640	2	NA	NA	NA	NA	NA	NA	
1249	chr5:105222797-105223350	3	NA	NA	-82	NA	NA	NA	
1250	chr5:105758304-105759119	3	NA	NA	-104	NA	NA	NA	
1251	chr5:105925043-105925683	3	NA	-138	164	NA	NA	NA	
1252	chr5:107255990-107256402	2	NA	NA	NA	NA	NA	NA	
1253	chr5:107505155-107505697	1	135	NA	NA	NA	NA	NA	
1254	chr5:107535511-107535820	2	NA	NA	NA	NA	NA	NA	
1255	chr5:107939114-107939541	1	97	NA	NA	NA	NA	NA	
1256	chr5:107949299-107949653	1	37	NA	NA	NA	NA	NA	
1257	chr5:107964970-107965547	2	NA	NA	NA	NA	NA	NA	
1258	chr5:107989187-107989888	5	NA	NA	NA	-107	NA	NA	
1259	chr5:110524785-110525377	2	NA	NA	NA	NA	NA	NA	
1260	chr5:111079891-111080597	2	NA	NA	NA	NA	NA	NA	
1261	chr5:111570791-111571261	2	NA	NA	NA	NA	NA	NA	
1262	chr5:111749365-111749815	1	1	-116	NA	NA	NA	NA	
1263	chr5:112511513-112512168	5	NA	NA	NA	111	NA	NA	
1264	chr5:112527176-112527645	1	-30	NA	NA	NA	NA	NA	
1265	chr5:114091154-114091910	1	-179	NA	NA	NA	NA	NA	
1266	chr5:114705162-114705656	2	NA	NA	NA	NA	NA	NA	
1267	chr5:115352975-115353411	5	NA	NA	NA	-80	NA	NA	
1268	chr5:115580336-115580884	2	NA	NA	NA	NA	NA	NA	
1269	chr5:116015749-116016384	1	-143	NA	NA	NA	NA	NA	
1270	chr5:118297827-118298445	2	NA	NA	NA	NA	NA	NA	
1271	chr5:118342943-118343368	1	116	6	NA	NA	25	NA	
1272	chr5:120367071-120367316	2	NA	NA	NA	NA	NA	NA	
1273	chr5:122632916-122633353	2	NA	NA	NA	NA	NA	NA	
1274	chr5:122662042-122662506	2	NA	NA	NA	NA	NA	NA	
1275	chr5:122913051-122913341	1	-42	NA	NA	NA	NA	NA	
1276	chr5:123251005-123251746	1	49	NA	NA	NA	NA	NA	
1277	chr5:123337440-123337940	2	NA	NA	NA	NA	NA	NA	
1278	chr5:124335509-124336043	2	NA	NA	NA	NA	NA	NA	
1279	chr5:125730650-125731193	2	NA	NA	NA	NA	NA	NA	
1280	chr5:130131169-130131870	3	NA	NA	145	NA	NA	NA	
1281	chr5:134550522-134550904	2	NA	NA	NA	NA	NA	NA	
1282	chr5:135226184-135227192	3	NA	NA	-67	NA	50	NA	
1283	chr5:135244885-135245560	2	NA	NA	NA	NA	NA	NA	
1284	chr5:137814688-137815296	1	120	NA	NA	NA	NA	NA	
1285	chr5:138016955-138017713	1	-171	NA	NA	NA	NA	NA	
1286	chr5:138887327-138887933	2	NA	NA	NA	NA	NA	NA	
1287	chr5:139530185-139530819	5	NA	NA	NA	-110	NA	NA	
1288	chr5:139635572-139636282	3	NA	NA	161	NA	NA	NA	
1289	chr5:141297364-141297970	1	-66	NA	NA	NA	NA	NA	
1290	chr5:142692104-142692913	2	NA	NA	NA	NA	NA	NA	
1291	chr5:146524799-146525377	2	NA	NA	NA	NA	NA	NA	
1292	chr5:148709664-148710402	5	NA	NA	NA	11	NA	NA	
1293	chr5:149556401-149556783	1	-129	-17	NA	NA	-172	NA	
1294	chr5:150044269-150045093	1	-75	NA	NA	NA	NA	NA	
1295	chr5:150808269-150808822	2	NA	NA	NA	NA	NA	NA	
1296	chr6:8435583-8436121	3	NA	NA	-11	NA	NA	NA	
1297	chr6:8460160-8460781	3	NA	NA	-161	NA	NA	NA	
1298	chr6:22299455-22300204	3	NA	NA	8	NA	NA	NA	
1299	chr6:28300891-28301473	2	NA	NA	NA	NA	NA	NA	
1300	chr6:29686518-29687065	2	NA	NA	NA	NA	NA	NA	
1301	chr6:29688507-29688882	1	58	NA	NA	NA	NA	NA	
1302	chr6:30251499-30251915	5	NA	NA	NA	-154	NA	NA	
1303	chr6:30301196-30301758	5	NA	NA	NA	26	NA	NA	
1304	chr6:33448133-33448727	3	NA	NA	-122	NA	NA	NA	
1305	chr6:34086035-34086898	1	87	-42	NA	NA	NA	NA	
1306	chr6:34294683-34295271	2	NA	NA	NA	NA	NA	NA	
1307	chr6:34872318-34872939	1	-116	NA	NA	NA	NA	NA	
1308	chr6:34908712-34909091	1	103	NA	NA	NA	NA	NA	
1309	chr6:35063919-35064551	1	-117	NA	NA	NA	NA	NA	
1310	chr6:37844782-37845218	4	NA	NA	NA	NA	NA	-20	
1311	chr6:38272030-38272512	1	60	12	NA	NA	NA	NA	
1312	chr6:39308762-39309433	2	NA	NA	NA	NA	NA	NA	
1313	chr6:39522444-39522748	1	-58	NA	NA	NA	NA	NA	
1314	chr6:41459731-41460237	3	NA	NA	-130	NA	NA	NA	
1315	chr6:41483659-41484386	1	67	NA	NA	NA	NA	NA	
1316	chr6:41557474-41558095	2	NA	NA	NA	NA	NA	NA	
1317	chr6:47243722-47244174	1	31	NA	NA	NA	NA	NA	
1318	chr6:48012994-48013613	1	152	186	NA	NA	NA	NA	
1319	chr6:48609412-48609858	2	NA	NA	NA	NA	NA	NA	
1320	chr6:48662420-48662894	1	123	NA	NA	NA	NA	NA	
1321	chr6:49938848-49939620	2	NA	NA	NA	NA	NA	NA	
1322	chr6:50346341-50346985	1	-128	NA	NA	NA	NA	NA	
1323	chr6:51310743-51311346	1	-48	NA	NA	NA	NA	NA	
1324	chr6:51509819-51510204	4	NA	-69	NA	NA	NA	NA	
1325	chr6:52045122-52045891	3	NA	NA	-183	NA	NA	NA	
1326	chr6:52830272-52830919	1	-146	NA	NA	NA	NA	NA	
1327	chr6:52841733-52842484	1	32	90	NA	NA	147	NA	
1328	chr6:52848501-52849335	1	-102	NA	NA	NA	NA	NA	
1329	chr6:53064005-53064351	2	NA	NA	NA	NA	NA	NA	
1330	chr6:56727748-56728128	2	NA	NA	NA	NA	NA	NA	
1331	chr6:56852939-56853451	1	7	NA	NA	NA	NA	NA	
1332	chr6:58762156-58762610	3	NA	NA	-158	NA	NA	NA	
1333	chr6:58764056-58764370	2	NA	NA	NA	NA	NA	NA	
1334	chr6:59355603-59356059	2	NA	NA	NA	NA	NA	NA	
1335	chr6:61113890-61114389	3	NA	189	149	NA	NA	NA	
1336	chr6:66966694-66967318	5	NA	NA	NA	93	NA	NA	
1337	chr6:66985647-66986052	1	54	-72	NA	NA	NA	NA	
1338	chr6:67232013-67232385	3	NA	NA	112	NA	NA	NA	
1339	chr6:67462538-67463056	3	NA	NA	170	NA	NA	NA	
1340	chr6:70745158-70745634	2	NA	NA	NA	NA	NA	NA	
1341	chr6:71274012-71274465	2	NA	NA	NA	NA	NA	NA	
1342	chr6:71892096-71892645	1	-123	NA	NA	NA	NA	NA	
1343	chr6:72403085-72403835	1	92	NA	NA	NA	NA	NA	
1344	chr6:72441952-72442424	2	NA	NA	NA	NA	NA	NA	
1345	chr6:72531139-72531886	2	NA	NA	NA	NA	NA	NA	
1346	chr6:72922780-72923396	2	NA	NA	NA	NA	NA	NA	
1347	chr6:82887344-82888000	3	NA	NA	102	NA	NA	NA	
1348	chr6:83043894-83044431	2	NA	NA	NA	NA	NA	NA	
1349	chr6:84622289-84622610	1	-108	NA	NA	NA	NA	NA	
1350	chr6:86564771-86565172	2	NA	NA	NA	NA	NA	NA	
1351	chr6:86875381-86875987	1	-166	NA	NA	NA	NA	NA	
1352	chr6:87006405-87007318	1	-77	NA	NA	NA	NA	NA	
1353	chr6:87507454-87508168	4	NA	-94	NA	NA	NA	NA	
1354	chr6:88155173-88155676	1	-82	NA	NA	NA	NA	NA	
1355	chr6:91090281-91090869	3	NA	-7	108	NA	NA	NA	
1356	chr6:92149481-92149820	2	NA	NA	NA	NA	NA	NA	
1357	chr6:94630663-94631367	2	NA	NA	NA	NA	NA	NA	
1358	chr6:97289942-97290331	1	4	NA	NA	NA	NA	NA	
1359	chr6:97488478-97488954	1	83	NA	NA	NA	NA	NA	
1360	chr6:99226327-99226850	2	NA	NA	NA	NA	NA	NA	
1361	chr6:99354308-99354868	4	NA	159	NA	NA	NA	NA	
1362	chr6:99530328-99530776	1	112	NA	NA	NA	NA	NA	
1363	chr6:99623880-99624722	2	NA	NA	NA	NA	NA	NA	
1364	chr6:99631271-99631918	1	-99	NA	NA	NA	NA	NA	
1365	chr6:99924998-99925402	1	29	NA	NA	NA	NA	NA	
1366	chr6:100403754-100404552	1	-184	NA	NA	NA	83	NA	
1367	chr6:103614717-103615067	2	NA	NA	NA	NA	NA	NA	
1368	chr6:108174606-108175194	3	NA	NA	-105	NA	NA	NA	
1369	chr6:108798606-108799247	1	166	NA	NA	NA	NA	NA	
1370	chr6:112933117-112933570	4	NA	-158	NA	NA	NA	NA	
1371	chr6:115804055-115804577	3	NA	NA	-104	NA	NA	NA	
1372	chr6:120013051-120013901	1	-124	NA	NA	NA	NA	NA	
1373	chr6:121183463-121183925	1	122	111	NA	NA	NA	NA	
1374	chr6:121190687-121191081	1	-110	NA	NA	NA	NA	NA	
1375	chr6:122708007-122708501	4	NA	169	NA	NA	NA	NA	
1376	chr6:124630470-124631041	2	NA	NA	NA	NA	NA	NA	
1377	chr6:124715821-124716601	1	-121	NA	NA	NA	NA	NA	
1378	chr6:125230767-125231284	1	-162	NA	NA	NA	NA	NA	
1379	chr6:125391717-125392400	1	-55	NA	NA	NA	NA	NA	
1380	chr6:126814581-126815078	1	-126	NA	NA	NA	NA	NA	
1381	chr6:127075140-127075566	1	-149	NA	NA	NA	NA	NA	
1382	chr6:127439207-127439929	2	NA	NA	NA	NA	NA	NA	
1383	chr6:129069967-129070589	2	NA	NA	NA	NA	NA	NA	
1384	chr6:129175935-129176644	1	-112	NA	NA	NA	NA	NA	
1385	chr6:134053246-134053983	1	-151	NA	NA	NA	NA	NA	
1386	chr6:134498750-134499167	1	-57	NA	NA	NA	NA	NA	
1387	chr6:134606342-134606858	1	15	NA	NA	NA	105	NA	
1388	chr6:136455646-136456285	1	162	NA	NA	NA	NA	NA	
1389	chr6:136483298-136483992	3	NA	NA	111	NA	NA	NA	
1390	chr6:136707849-136708238	4	NA	-141	NA	NA	NA	NA	
1391	chr6:136905806-136906231	1	125	NA	NA	NA	NA	NA	
1392	chr6:142529012-142529696	1	-143	NA	NA	NA	NA	NA	
1393	chr6:143448253-143448602	3	NA	-151	83	NA	NA	NA	
1394	chr6:144627574-144628084	4	NA	NA	NA	NA	NA	-36	
1395	chr6:144944224-144944855	3	NA	NA	134	NA	NA	NA	
1396	chr6:146101710-146102410	1	73	-60	NA	NA	NA	NA	
1397	chr6:146162284-146162808	2	NA	NA	NA	NA	NA	NA	
1398	chr6:146367140-146367368	2	NA	NA	NA	NA	NA	NA	
1399	chr6:146391281-146391900	1	-52	NA	NA	NA	NA	NA	
1400	chr6:146472842-146473620	2	NA	NA	NA	NA	NA	NA	
1401	chr7:11810274-11810946	1	22	NA	NA	NA	NA	NA	
1402	chr7:11887448-11887995	2	NA	NA	NA	NA	NA	NA	
1403	chr7:15107784-15108155	4	NA	-30	NA	NA	NA	NA	
1404	chr7:16148480-16149090	2	NA	NA	NA	NA	NA	NA	
1405	chr7:18318997-18319374	1	-102	NA	NA	NA	NA	NA	
1406	chr7:19104150-19104923	4	NA	128	NA	NA	NA	NA	
1407	chr7:24087005-24087468	1	124	187	NA	NA	NA	NA	
1408	chr7:24103216-24103536	1	183	NA	NA	NA	NA	NA	
1409	chr7:24115821-24116295	1	32	NA	NA	NA	NA	NA	
1410	chr7:27642111-27642510	1	-143	-120	NA	NA	NA	NA	
1411	chr7:27877438-27878034	1	30	NA	NA	NA	NA	NA	
1412	chr7:28091669-28092238	1	59	NA	NA	NA	NA	NA	
1413	chr7:28155112-28155537	5	NA	NA	NA	-89	NA	NA	
1414	chr7:28266330-28266745	1	61	NA	NA	NA	NA	NA	
1415	chr7:28385716-28386258	1	-96	-149	NA	NA	NA	NA	
1416	chr7:28450082-28450689	2	NA	NA	NA	NA	NA	NA	
1417	chr7:28517082-28517492	1	-15	NA	NA	NA	NA	NA	
1418	chr7:28576272-28576621	5	NA	NA	NA	-108	NA	NA	
1419	chr7:28588403-28588780	1	-77	NA	NA	NA	NA	NA	
1420	chr7:28843138-28843795	2	NA	NA	NA	NA	NA	NA	
1421	chr7:30082344-30082666	1	65	NA	NA	NA	NA	NA	
1422	chr7:30199000-30199521	1	-46	NA	NA	NA	NA	NA	
1423	chr7:34828234-34829270	2	NA	NA	NA	NA	NA	NA	
1424	chr7:35042188-35042832	1	-108	NA	NA	NA	NA	NA	
1425	chr7:35297716-35298201	5	NA	NA	NA	-168	NA	NA	
1426	chr7:37198838-37199527	1	176	NA	NA	NA	NA	NA	
1427	chr7:39425527-39425848	2	NA	NA	NA	NA	NA	NA	
1428	chr7:43788016-43788364	3	NA	NA	-62	NA	NA	NA	
1429	chr7:45072552-45072891	3	NA	NA	-153	NA	NA	NA	
1430	chr7:45378322-45378925	2	NA	NA	NA	NA	NA	NA	
1431	chr7:45441771-45442557	3	NA	NA	-131	NA	NA	NA	
1432	chr7:45460069-45460588	1	79	NA	NA	NA	NA	NA	
1433	chr7:45511769-45512345	2	NA	NA	NA	NA	NA	NA	
1434	chr7:45734326-45734995	2	NA	NA	NA	NA	NA	NA	
1435	chr7:46367682-46367951	5	NA	NA	NA	-73	NA	NA	
1436	chr7:46474802-46475327	2	NA	NA	NA	NA	NA	NA	
1437	chr7:58525887-58526185	5	NA	NA	NA	-63	NA	NA	
1438	chr7:58609695-58610098	1	-171	NA	NA	NA	NA	NA	
1439	chr7:63937274-63937773	5	NA	-133	NA	-103	NA	NA	
1440	chr7:64927175-64927536	5	NA	NA	NA	-60	NA	NA	
1441	chr7:66112032-66112678	1	-34	NA	NA	NA	NA	NA	
1442	chr7:66534786-66535272	1	-81	NA	NA	NA	NA	NA	
1443	chr7:67373736-67374307	1	-34	NA	NA	NA	NA	NA	
1444	chr7:67376592-67377224	5	NA	NA	NA	-39	NA	NA	
1445	chr7:68016064-68016502	1	57	NA	NA	NA	NA	NA	
1446	chr7:68162596-68162925	2	NA	NA	NA	NA	NA	NA	
1447	chr7:68196581-68197034	2	NA	NA	NA	NA	NA	NA	
1448	chr7:68578121-68578533	2	NA	NA	NA	NA	NA	NA	
1449	chr7:73457260-73458008	4	NA	121	NA	NA	NA	NA	
1450	chr7:73486019-73486638	1	-99	NA	NA	NA	NA	NA	
1451	chr7:74571391-74572033	2	NA	NA	NA	NA	NA	NA	
1452	chr7:75258165-75258488	1	-105	NA	NA	NA	NA	NA	
1453	chr7:75328593-75329029	5	NA	NA	NA	98	NA	NA	
1454	chr7:78738832-78739793	1	-66	NA	NA	NA	16	NA	
1455	chr7:79958120-79958802	2	NA	NA	NA	NA	NA	NA	
1456	chr7:80249085-80249641	1	110	NA	NA	NA	NA	NA	
1457	chr7:80508203-80508724	1	-62	NA	NA	NA	NA	NA	
1458	chr7:80570544-80570902	3	NA	NA	-80	NA	42	NA	
1459	chr7:80774434-80774780	1	4	NA	NA	NA	NA	NA	
1460	chr7:80792603-80793184	2	NA	NA	NA	NA	NA	NA	
1461	chr7:81225271-81225655	1	104	NA	NA	NA	NA	NA	
1462	chr7:88542442-88543007	2	NA	NA	NA	NA	NA	NA	
1463	chr7:97464981-97465555	3	NA	NA	57	NA	13	NA	
1464	chr7:98437863-98438743	1	-103	NA	NA	NA	NA	NA	
1465	chr7:98569254-98569680	1	-77	103	NA	NA	NA	NA	
1466	chr7:99249592-99249877	1	-119	NA	NA	NA	NA	NA	
1467	chr7:99618085-99618648	2	NA	NA	NA	NA	NA	NA	
1468	chr7:99672441-99672849	5	NA	NA	NA	41	NA	NA	
1469	chr7:99730137-99730791	3	NA	-74	44	NA	NA	NA	
1470	chr7:99778327-99778874	2	NA	NA	NA	NA	NA	NA	
1471	chr7:100109028-100109293	2	NA	NA	NA	NA	NA	NA	
1472	chr7:109955027-109955624	2	NA	NA	NA	NA	NA	NA	
1473	chr7:110223048-110223971	1	174	NA	NA	NA	NA	NA	
1474	chr7:110547579-110548056	2	NA	NA	NA	NA	NA	NA	
1475	chr7:113210608-113210946	4	NA	-52	NA	NA	NA	NA	
1476	chr7:113952072-113952830	1	124	98	NA	NA	NA	NA	
1477	chr7:114004540-114005212	3	NA	NA	-102	NA	NA	NA	
1478	chr7:114080119-114080990	3	NA	NA	-116	NA	-102	NA	
1479	chr7:114270736-114271756	3	NA	NA	43	NA	NA	NA	
1480	chr7:115112992-115113568	1	-144	-89	NA	NA	NA	NA	
1481	chr7:118050654-118051641	5	NA	NA	NA	55	NA	NA	
1482	chr7:118479446-118479865	5	NA	NA	NA	55	NA	NA	
1483	chr7:120774042-120774650	3	NA	NA	54	NA	NA	NA	
1484	chr7:125263183-125264068	1	57	NA	NA	NA	NA	NA	
1485	chr7:125278175-125278673	2	NA	NA	NA	NA	NA	NA	
1486	chr7:125302894-125303582	1	-97	NA	NA	NA	NA	NA	
1487	chr7:125973512-125974090	1	62	NA	NA	NA	NA	NA	
1488	chr7:126131088-126131464	2	NA	NA	NA	NA	NA	NA	
1489	chr7:126187820-126188291	1	63	NA	NA	NA	NA	NA	
1490	chr7:126397718-126398326	2	NA	NA	NA	NA	NA	NA	
1491	chr7:126445013-126445439	1	-141	NA	NA	NA	NA	NA	
1492	chr7:126566168-126566647	2	NA	NA	NA	NA	NA	NA	
1493	chr7:126652952-126653769	1	-64	NA	NA	NA	NA	NA	
1494	chr7:127011476-127011898	4	NA	175	NA	NA	NA	NA	
1495	chr7:127023635-127024369	1	63	NA	NA	NA	NA	NA	
1496	chr7:127710288-127710887	1	-122	-105	NA	NA	NA	NA	
1497	chr7:131350958-131351366	1	34	NA	NA	NA	NA	NA	
1498	chr7:132494758-132495289	4	NA	NA	NA	NA	NA	-173	
1499	chr7:132707775-132708418	1	-176	-139	NA	NA	NA	NA	
1500	chr7:139535347-139536261	1	104	NA	NA	NA	NA	NA	
1501	chr7:140039689-140039988	2	NA	NA	NA	NA	NA	NA	
1502	chr7:140058204-140058590	3	NA	135	-152	NA	NA	NA	
1503	chr7:140730412-140730950	1	-2	NA	NA	NA	NA	NA	
1504	chr7:141265644-141266268	2	NA	NA	NA	NA	NA	NA	
1505	chr7:142107767-142108362	1	122	NA	NA	NA	NA	NA	
1506	chr7:142163100-142163725	2	NA	NA	NA	NA	NA	NA	
1507	chr7:143437884-143438441	2	NA	NA	NA	NA	NA	NA	
1508	chr7:143595027-143595377	1	-139	NA	NA	NA	-188	NA	
1509	chr7:144256532-144257287	5	NA	NA	NA	-107	NA	NA	
1510	chr7:145052576-145053035	2	NA	NA	NA	NA	NA	NA	
1511	chr8:3691625-3692137	2	NA	NA	NA	NA	NA	NA	
1512	chr8:4214060-4214452	4	NA	NA	NA	NA	NA	178	
1513	chr8:4474854-4475100	2	NA	NA	NA	NA	NA	NA	
1514	chr8:9975020-9975706	1	-115	NA	NA	NA	NA	NA	
1515	chr8:13601154-13601704	2	NA	NA	NA	NA	NA	NA	
1516	chr8:13996304-13996787	2	NA	NA	NA	NA	NA	NA	
1517	chr8:18738828-18739408	2	NA	NA	NA	NA	NA	NA	
1518	chr8:27185669-27186238	2	NA	NA	NA	NA	NA	NA	
1519	chr8:28602880-28603475	3	NA	NA	-68	NA	NA	NA	
1520	chr8:28636324-28636753	1	74	NA	NA	NA	NA	NA	
1521	chr8:35576823-35577547	2	NA	NA	NA	NA	NA	NA	
1522	chr8:37065285-37066065	1	-146	-63	NA	NA	NA	NA	
1523	chr8:37662583-37663108	3	NA	-32	-88	NA	NA	NA	
1524	chr8:48185468-48185818	1	11	NA	NA	NA	NA	NA	
1525	chr8:60378991-60379684	1	38	NA	NA	NA	NA	NA	
1526	chr8:72050665-72050978	2	NA	NA	NA	NA	NA	NA	
1527	chr8:72932340-72932663	2	NA	NA	NA	NA	NA	NA	
1528	chr8:73602268-73603108	1	116	NA	NA	NA	NA	NA	
1529	chr8:74621448-74621840	2	NA	NA	NA	NA	NA	NA	
1530	chr8:75499513-75499921	1	-73	NA	NA	NA	NA	NA	
1531	chr8:77890379-77891090	1	85	NA	NA	NA	NA	NA	
1532	chr8:77978486-77979005	2	NA	NA	NA	NA	NA	NA	
1533	chr8:86606700-86607236	1	20	NA	NA	NA	NA	NA	
1534	chr8:86669626-86670172	1	54	NA	NA	NA	NA	NA	
1535	chr8:86845982-86846318	1	-83	NA	NA	NA	NA	NA	
1536	chr8:89514449-89514892	1	151	NA	NA	NA	NA	NA	
1537	chr8:93967464-93968002	1	-8	NA	NA	NA	NA	NA	
1538	chr8:97226454-97227196	1	-135	170	NA	NA	NA	NA	
1539	chr8:97281384-97281841	1	-11	NA	NA	NA	NA	NA	
1540	chr8:107519992-107520447	3	NA	NA	-144	NA	NA	NA	
1541	chr8:108887407-108887726	1	-107	NA	NA	NA	142	NA	
1542	chr8:108911632-108912151	5	NA	NA	NA	124	NA	NA	
1543	chr8:109491836-109492372	2	NA	NA	NA	NA	NA	NA	
1544	chr8:109512211-109512766	2	NA	NA	NA	NA	NA	NA	
1545	chr8:110131643-110131953	1	-43	NA	NA	NA	NA	NA	
1546	chr8:113825668-113826472	1	-158	NA	NA	NA	NA	NA	
1547	chr8:114482260-114483137	1	63	-82	NA	NA	NA	NA	
1548	chr8:114862925-114863752	2	NA	NA	NA	NA	NA	NA	
1549	chr8:117768209-117768732	3	NA	NA	188	NA	NA	NA	
1550	chr8:118064261-118064736	3	NA	NA	146	NA	NA	NA	
1551	chr8:118393576-118394061	2	NA	NA	NA	NA	NA	NA	
1552	chr8:119476266-119477139	2	NA	NA	NA	NA	NA	NA	
1553	chr8:119939111-119939538	2	NA	NA	NA	NA	NA	NA	
1554	chr8:122716235-122716864	2	NA	NA	NA	NA	NA	NA	
1555	chr8:123614351-123615093	2	NA	NA	NA	NA	NA	NA	
1556	chr8:123637598-123638091	1	-73	NA	NA	NA	NA	NA	
1557	chr8:123909807-123910117	1	67	NA	NA	NA	NA	NA	
1558	chr8:123994227-123994872	2	NA	NA	NA	NA	NA	NA	
1559	chr8:124268276-124268743	2	NA	NA	NA	NA	NA	NA	
1560	chr8:124488851-124489405	1	76	NA	NA	NA	NA	NA	
1561	chr8:124794511-124794862	1	-19	-125	NA	NA	NA	NA	
1562	chr8:125168480-125169378	3	NA	NA	171	NA	NA	NA	
1563	chr8:125169679-125171221	2	NA	NA	NA	NA	NA	NA	
1564	chr8:125350284-125350843	2	NA	NA	NA	NA	NA	NA	
1565	chr8:125361136-125361496	1	136	NA	NA	NA	NA	NA	
1566	chr8:125652158-125652631	2	NA	NA	NA	NA	NA	NA	
1567	chr8:126731183-126731690	2	NA	NA	NA	NA	NA	NA	
1568	chr8:127112319-127112793	1	58	NA	NA	NA	NA	NA	
1569	chr8:127607819-127608863	1	-177	NA	NA	NA	NA	NA	
1570	chr8:127877509-127877852	1	141	NA	NA	NA	NA	NA	
1571	chr8:127953381-127954362	1	86	NA	NA	NA	NA	NA	
1572	chr8:129753752-129754327	3	NA	NA	117	NA	NA	NA	
1573	chr8:130848707-130849515	2	NA	NA	NA	NA	NA	NA	
1574	chr9:14779278-14779709	1	-164	NA	NA	NA	NA	NA	
1575	chr9:20359981-20360730	1	-86	NA	NA	NA	NA	NA	
1576	chr9:20842011-20842510	2	NA	NA	NA	NA	NA	NA	
1577	chr9:20911785-20912417	2	NA	NA	NA	NA	NA	NA	
1578	chr9:21199902-21200873	2	NA	NA	NA	NA	NA	NA	
1579	chr9:22396687-22397266	1	-128	NA	NA	NA	NA	NA	
1580	chr9:24292383-24292637	2	NA	NA	NA	NA	NA	NA	
1581	chr9:26185290-26185847	2	NA	NA	NA	NA	NA	NA	
1582	chr9:32244985-32245793	1	-130	NA	NA	NA	NA	NA	
1583	chr9:32252855-32253587	1	63	NA	NA	NA	NA	NA	
1584	chr9:32255564-32256154	1	114	NA	NA	NA	NA	NA	
1585	chr9:32287326-32288115	2	NA	NA	NA	NA	NA	NA	
1586	chr9:32358343-32358937	4	NA	NA	NA	NA	NA	-98	
1587	chr9:32366128-32366720	1	58	NA	NA	NA	NA	NA	
1588	chr9:32455626-32456459	1	40	NA	NA	NA	NA	NA	
1589	chr9:32490431-32491204	2	NA	NA	NA	NA	NA	NA	
1590	chr9:32677761-32678702	2	NA	NA	NA	NA	NA	NA	
1591	chr9:32810401-32810978	1	126	NA	NA	NA	NA	NA	
1592	chr9:36516590-36517152	1	12	NA	NA	NA	NA	NA	
1593	chr9:36896676-36897039	1	155	NA	NA	NA	NA	NA	
1594	chr9:40868992-40869761	2	NA	NA	NA	NA	NA	NA	
1595	chr9:43101035-43101596	1	-43	NA	NA	NA	161	NA	
1596	chr9:43763357-43764171	3	NA	NA	-158	NA	NA	NA	
1597	chr9:43827750-43828151	3	NA	NA	115	NA	NA	NA	
1598	chr9:44288831-44289230	4	NA	-146	NA	NA	NA	NA	
1599	chr9:44736894-44737637	5	NA	NA	NA	110	NA	NA	
1600	chr9:44747475-44747894	1	-153	NA	NA	NA	NA	NA	
1601	chr9:45905219-45905945	1	164	NA	NA	NA	NA	NA	
1602	chr9:48402122-48402519	3	NA	NA	-85	NA	NA	NA	
1603	chr9:50168728-50169338	2	NA	NA	NA	NA	NA	NA	
1604	chr9:50222395-50223058	3	NA	NA	80	NA	NA	NA	
1605	chr9:50937428-50937889	3	NA	NA	-179	NA	NA	NA	
1606	chr9:51152965-51153572	2	NA	NA	NA	NA	NA	NA	
1607	chr9:53033935-53034584	1	68	93	NA	NA	NA	NA	
1608	chr9:56305045-56305610	2	NA	NA	NA	NA	NA	NA	
1609	chr9:57138438-57139041	2	NA	NA	NA	NA	NA	NA	
1610	chr9:57445515-57446348	4	NA	NA	NA	NA	NA	178	
1611	chr9:57458626-57459137	1	142	NA	NA	NA	NA	NA	
1612	chr9:57664563-57665230	3	NA	94	-153	NA	NA	NA	
1613	chr9:57753612-57754073	3	NA	NA	146	NA	NA	NA	
1614	chr9:57997024-57997574	5	NA	NA	NA	-23	NA	NA	
1615	chr9:58381476-58382068	1	-108	NA	NA	NA	NA	NA	
1616	chr9:60963389-60963605	1	-121	NA	NA	NA	NA	NA	
1617	chr9:61467688-61468153	1	-1	NA	NA	NA	NA	NA	
1618	chr9:62308219-62308916	2	NA	NA	NA	NA	NA	NA	
1619	chr9:63079897-63080521	3	NA	NA	137	NA	NA	NA	
1620	chr9:63518748-63519414	4	NA	50	NA	NA	NA	NA	
1621	chr9:64577089-64578135	2	NA	NA	NA	NA	NA	NA	
1622	chr9:65348111-65348425	2	NA	NA	NA	NA	NA	NA	
1623	chr9:65419305-65419823	2	NA	NA	NA	NA	NA	NA	
1624	chr9:65463928-65464500	4	NA	NA	NA	NA	NA	-64	
1625	chr9:66363109-66363492	1	140	NA	NA	NA	6	NA	
1626	chr9:66406765-66407479	1	19	NA	NA	NA	NA	NA	
1627	chr9:66718245-66718978	5	NA	NA	NA	142	NA	NA	
1628	chr9:68833425-68834434	3	NA	NA	-149	NA	NA	NA	
1629	chr9:69270130-69270818	1	69	NA	NA	NA	NA	NA	
1630	chr9:69568668-69569229	1	65	NA	NA	NA	18	NA	
1631	chr9:70890406-70891159	1	-130	NA	NA	NA	NA	NA	
1632	chr9:71896389-71896955	1	185	NA	NA	NA	NA	NA	
1633	chr9:75195786-75196546	1	-163	-118	NA	NA	NA	NA	
1634	chr9:75431254-75431668	3	NA	NA	-111	NA	NA	NA	
1635	chr9:77255265-77256012	2	NA	NA	NA	NA	NA	NA	
1636	chr9:77328705-77329245	1	163	NA	NA	NA	NA	NA	
1637	chr9:77703953-77704769	3	NA	NA	-19	NA	NA	NA	
1638	chr9:78233537-78234090	3	NA	NA	44	NA	NA	NA	
1639	chr9:79598502-79599010	1	-40	NA	NA	NA	NA	NA	
1640	chr9:94469048-94469712	2	NA	NA	NA	NA	NA	NA	
1641	chr9:94477758-94478318	5	NA	NA	NA	-95	NA	NA	
1642	chr9:96505467-96506213	1	-92	NA	NA	NA	NA	NA	
1643	chr9:98105385-98106163	1	-138	NA	NA	NA	-168	NA	
1644	chr9:100263703-100264238	2	NA	NA	NA	NA	NA	NA	
1645	chr9:100331267-100332076	1	-53	39	NA	NA	NA	NA	
1646	chr9:103534090-103534703	1	74	NA	NA	NA	NA	NA	
1647	chr9:106646060-106646533	2	NA	NA	NA	NA	NA	NA	
1648	chr9:107147750-107148281	2	NA	NA	NA	NA	NA	NA	
1649	chr9:107594087-107594671	2	NA	NA	NA	NA	NA	NA	
1650	chr9:107844396-107844982	2	NA	NA	NA	NA	NA	NA	
1651	chr9:108916576-108917119	1	35	NA	NA	NA	NA	NA	
1652	chr9:110752927-110753698	1	15	NA	NA	NA	NA	NA	
1653	chr9:112019522-112020186	1	-44	NA	NA	NA	NA	NA	
1654	chr9:114284397-114285040	2	NA	NA	NA	NA	NA	NA	
1655	chr9:114289260-114289687	1	117	NA	NA	NA	NA	NA	
1656	chr9:114300196-114300729	2	NA	NA	NA	NA	NA	NA	
1657	chr9:114301148-114301650	3	NA	NA	-3	NA	NA	NA	
1658	chr9:114396510-114396799	4	NA	NA	NA	NA	-153	NA	
1659	chr9:114578496-114578935	2	NA	NA	NA	NA	NA	NA	
1660	chr9:115472466-115473279	2	NA	NA	NA	NA	NA	NA	
1661	chr9:116186793-116187348	2	NA	NA	NA	NA	NA	NA	
1662	chr9:117998161-117998889	5	NA	NA	NA	73	NA	NA	
1663	chr9:118236333-118236670	2	NA	NA	NA	NA	NA	NA	
1664	chr9:118251199-118251839	2	NA	NA	NA	NA	NA	NA	
1665	chr9:119251872-119252324	2	NA	NA	NA	NA	NA	NA	
1666	chr9:119592702-119592967	4	NA	-42	NA	NA	NA	NA	
1667	chr9:119878924-119879457	2	NA	NA	NA	NA	NA	NA	
1668	chr9:120810162-120810783	1	-135	NA	NA	NA	NA	NA	
1669	chr9:122037397-122037840	2	NA	NA	NA	NA	NA	NA	
1670	chr9:123514480-123514897	1	-17	NA	NA	NA	NA	NA	
1671	chr9:123605073-123606138	1	173	-40	NA	NA	NA	NA	
1672	chrX:6727711-6728139	4	NA	NA	NA	NA	NA	75	
1673	chrX:11397624-11397913	2	NA	NA	NA	NA	NA	NA	
1674	chrX:11642526-11643337	3	NA	NA	-104	NA	NA	NA	
1675	chrX:12775370-12775815	1	134	-54	NA	NA	NA	NA	
1676	chrX:15776312-15776789	2	NA	NA	NA	NA	NA	NA	
1677	chrX:38588073-38588746	1	58	NA	NA	NA	NA	NA	
1678	chrX:38755674-38756179	3	NA	66	93	NA	NA	NA	
1679	chrX:44229567-44230265	5	NA	NA	NA	51	NA	NA	
1680	chrX:44683579-44684172	1	138	34	NA	NA	NA	NA	
1681	chrX:47174920-47175299	2	NA	NA	NA	NA	NA	NA	
1682	chrX:53685170-53685644	3	NA	NA	42	NA	NA	NA	
1683	chrX:81479607-81480264	2	NA	NA	NA	NA	NA	NA	
1684	chrX:81826855-81827509	1	82	NA	NA	NA	NA	NA	
1685	chrX:83490975-83491238	2	NA	NA	NA	NA	NA	NA	
1686	chrX:97424855-97425430	1	0	-12	NA	NA	-133	NA	
1687	chrX:98234488-98235004	2	NA	NA	NA	NA	NA	NA	
1688	chrX:98262053-98262456	2	NA	NA	NA	NA	NA	NA	
1689	chrX:99693477-99694047	2	NA	NA	NA	NA	NA	NA	
1690	chrX:103290928-103291291	1	89	NA	NA	NA	NA	NA	
1691	chrX:104968170-104968686	2	NA	NA	NA	NA	NA	NA	
1692	chrX:106788244-106788513	1	57	NA	NA	NA	NA	NA	
1693	chrX:125090877-125091441	1	173	NA	NA	NA	NA	NA	
1694	chrX:129509189-129509756	1	-151	NA	NA	NA	NA	NA	
1695	chrX:129524241-129524502	2	NA	NA	NA	NA	NA	NA	
1696	chrX:129665490-129665945	2	NA	NA	NA	NA	NA	NA	
1697	chrX:131962301-131962685	4	NA	47	NA	NA	NA	NA	
1698	chrX:132384173-132384562	1	27	NA	NA	NA	NA	NA	
1699	chrX:137474930-137475357	2	NA	NA	NA	NA	NA	NA	
1700	chrX:137635752-137636314	1	-137	-86	NA	NA	NA	NA	
1701	chrX:138078409-138078935	1	-172	NA	NA	NA	NA	NA	
1702	chrX:154646945-154647383	1	152	NA	NA	NA	NA	NA	
1703	chrX:154973280-154973804	5	NA	NA	NA	-52	NA	NA	
1704	chrX:155020384-155021006	5	NA	NA	NA	21	NA	NA	
1705	chrX:155479936-155480580	1	-82	NA	NA	NA	NA	NA	
1706	chrX:162620840-162621378	1	128	NA	NA	NA	NA	NA	
