Number of sequences: 1056
Number of programs: 2
Number of motifs: 7
Motif widths: 11 12 12 12 13 12 14 
Program 1: total 903
 motif #1: 879 of 903 (0.973317 posterior)
 motif #2: 161 of 903 (0.178366 posterior)
 motif #3: 159 of 903 (0.176151 posterior)
 motif #4: 138 of 903 (0.152901 posterior)
 motif #5: 79 of 903 (0.087578 posterior)
 motif #6: 70 of 903 (0.077613 posterior)
 motif #7: 36 of 903 (0.039969 posterior)

Program 2: total 153

Motif #1
total sequences 879
A	[ 417.0	90.0	497.0	0.0	-0.0	879.0	797.0	206.0	32.0	88.0	216.0	]
C	[ 95.0	621.0	382.0	0.0	-0.0	-0.0	-0.0	-0.0	224.0	143.0	178.0	]
G	[ 291.0	167.0	0.0	879.0	879.0	-0.0	-0.0	673.0	47.0	572.0	431.0	]
T	[ 76.0	1.0	0.0	-0.0	-0.0	-0.0	82.0	-0.0	576.0	76.0	54.0	]
Motif #2
total sequences 161
A	[ 56.0	155.0	112.0	6.0	0.0	121.0	-0.0	161.0	20.0	50.0	44.0	54.0	]
C	[ 69.0	-0.0	46.0	151.0	152.0	17.0	160.0	-0.0	14.0	66.0	69.0	48.0	]
G	[ 10.0	0.0	-0.0	4.0	9.0	0.0	-0.0	-0.0	120.0	25.0	34.0	19.0	]
T	[ 26.0	6.0	3.0	-0.0	-0.0	23.0	1.0	-0.0	7.0	20.0	14.0	40.0	]
Motif #3
total sequences 159
A	[ 14.0	54.0	15.0	18.0	24.0	-0.0	3.0	16.0	-0.0	1.0	0.0	0.0	]
C	[ 27.0	25.0	-0.0	-0.0	-0.0	-0.0	0.0	74.0	-0.0	2.0	-0.0	-0.0	]
G	[ 75.0	43.0	115.0	121.0	129.0	159.0	156.0	0.0	159.0	137.0	147.0	158.0	]
T	[ 43.0	37.0	29.0	20.0	6.0	0.0	0.0	69.0	0.0	19.0	12.0	1.0	]
Motif #4
total sequences 138
A	[ 60.0	46.0	127.0	-0.0	132.0	-0.0	-0.0	136.0	138.0	64.0	-0.0	68.0	]
C	[ 32.0	69.0	2.0	120.0	6.0	-0.0	-0.0	2.0	-0.0	-0.0	84.0	65.0	]
G	[ 7.0	23.0	9.0	10.0	-0.0	138.0	137.0	-0.0	-0.0	74.0	29.0	5.0	]
T	[ 39.0	-0.0	-0.0	8.0	-0.0	-0.0	1.0	-0.0	-0.0	-0.0	25.0	-0.0	]
Motif #5
total sequences 79
A	[ -0.0	22.0	6.0	-0.0	10.0	18.0	0.0	13.0	24.0	0.0	-0.0	38.0	2.0	]
C	[ 77.0	53.0	-0.0	79.0	53.0	-0.0	59.0	66.0	0.0	63.0	71.0	-0.0	56.0	]
G	[ -0.0	4.0	73.0	0.0	3.0	61.0	-0.0	0.0	55.0	0.0	4.0	22.0	0.0	]
T	[ 2.0	0.0	0.0	0.0	13.0	0.0	20.0	0.0	0.0	16.0	4.0	19.0	21.0	]
Motif #6
total sequences 70
A	[ 21.0	22.0	27.0	26.0	-0.0	-0.0	70.0	0.0	29.0	0.0	8.0	0.0	]
C	[ 15.0	15.0	3.0	18.0	70.0	70.0	0.0	70.0	1.0	-0.0	62.0	70.0	]
G	[ 22.0	-0.0	20.0	26.0	-0.0	-0.0	0.0	-0.0	-0.0	-0.0	0.0	-0.0	]
T	[ 12.0	33.0	20.0	-0.0	-0.0	-0.0	-0.0	-0.0	40.0	70.0	-0.0	0.0	]
Motif #7
total sequences 36
A	[ 2.0	4.0	-0.0	2.0	4.0	0.0	-0.0	0.0	36.0	0.0	3.0	-0.0	-0.0	2.0	]
C	[ 11.0	22.0	1.0	26.0	23.0	-0.0	36.0	34.0	0.0	-0.0	31.0	3.0	3.0	0.0	]
G	[ 17.0	10.0	32.0	4.0	4.0	35.0	0.0	0.0	0.0	1.0	-0.0	0.0	0.0	34.0	]
T	[ 6.0	-0.0	3.0	4.0	5.0	1.0	0.0	2.0	-0.0	35.0	2.0	33.0	33.0	-0.0	]
Motif #1; total sequences 879; NcaGGAAgtgN / NcacTTCCtgN
Motif #2; total sequences 161; NAaCCaCAgNNN / NNNcTGtGGtTN
Motif #3; total sequences 159; NNggGGGNGGGG / CCCCNCCCccNN
Motif #4; total sequences 138; NNACAGGAAgcM / KgcTTCCTGTNN
Motif #5; total sequences 79; CcGCcgcCgcCNc / gNGgcGgcgGCgG
Motif #6; total sequences 70; NNNNCCACtTCC / GGAaGTGGNNNN
Motif #7; total sequences 36; NcGccGCCATCTTG / CAAGATGGCggCgN

Full posterior for run 0 is 10024.829113
