Number of sequences: 2908
Number of programs: 4
Number of motifs: 15
Motif widths: 11 16 12 15 12 21 14 34 16 18 12 12 12 18 14 
Program 1: total 2381
 motif #1: 2381 of 2381 (0.999958 posterior)
 motif #2: 620 of 2381 (0.260415 posterior)
 motif #3: 396 of 2381 (0.166345 posterior)
 motif #4: 123 of 2381 (0.051697 posterior)
 motif #5: 155 of 2381 (0.065135 posterior)
 motif #6: 123 of 2381 (0.051697 posterior)
 motif #7: 124 of 2381 (0.052117 posterior)
 motif #8: 111 of 2381 (0.046657 posterior)
 motif #9: 106 of 2381 (0.044557 posterior)
 motif #10: 50 of 2381 (0.021040 posterior)
 motif #11: 52 of 2381 (0.021880 posterior)
 motif #12: 36 of 2381 (0.015160 posterior)
 motif #13: 28 of 2381 (0.011801 posterior)
 motif #14: 25 of 2381 (0.010541 posterior)
 motif #15: 9 of 2381 (0.003822 posterior)

Program 2: total 273

Program 3: total 235
 motif #2: 222 of 235 (0.944303 posterior)
 motif #3: 54 of 235 (0.230017 posterior)
 motif #4: 55 of 235 (0.234269 posterior)
 motif #6: 18 of 235 (0.076956 posterior)
 motif #8: 12 of 235 (0.051446 posterior)
 motif #9: 10 of 235 (0.042942 posterior)
 motif #10: 4 of 235 (0.017432 posterior)
 motif #12: 3 of 235 (0.013180 posterior)
 motif #13: 1 of 235 (0.004677 posterior)
 motif #15: 5 of 235 (0.021684 posterior)

Program 4: total 19
 motif #2: 1 of 19 (0.057292 posterior)
 motif #3: 2 of 19 (0.109375 posterior)
 motif #5: 1 of 19 (0.057292 posterior)
 motif #7: 9 of 19 (0.473958 posterior)
 motif #8: 1 of 19 (0.057292 posterior)
 motif #9: 7 of 19 (0.369792 posterior)
 motif #10: 2 of 19 (0.109375 posterior)
 motif #11: 1 of 19 (0.057292 posterior)
 motif #12: 1 of 19 (0.057292 posterior)
 motif #13: 2 of 19 (0.109375 posterior)
 motif #14: 1 of 19 (0.057292 posterior)
 motif #15: 6 of 19 (0.317708 posterior)

Motif #1
total sequences 2381
A	[ 578.0	92.0	141.0	24.0	204.0	2259.0	-0.0	-0.0	535.0	276.0	511.0	]
C	[ 378.0	627.0	1079.0	333.0	227.0	78.0	0.0	2256.0	-0.0	859.0	773.0	]
G	[ 301.0	447.0	581.0	63.0	4.0	44.0	0.0	1.0	48.0	717.0	257.0	]
T	[ 1124.0	1215.0	580.0	1961.0	1946.0	0.0	2381.0	124.0	1798.0	529.0	840.0	]
Motif #2
total sequences 843
A	[ 252.0	369.0	386.0	459.0	175.0	795.0	-0.0	30.0	742.0	760.0	200.0	107.0	184.0	306.0	195.0	271.0	]
C	[ 139.0	115.0	115.0	43.0	404.0	35.0	-0.0	1.0	64.0	-0.0	7.0	104.0	103.0	50.0	143.0	131.0	]
G	[ 339.0	254.0	263.0	316.0	257.0	13.0	843.0	811.0	37.0	2.0	629.0	139.0	458.0	396.0	347.0	213.0	]
T	[ 113.0	105.0	79.0	25.0	7.0	-0.0	-0.0	1.0	-0.0	81.0	7.0	493.0	98.0	91.0	158.0	228.0	]
Motif #3
total sequences 452
A	[ 94.0	0.0	0.0	34.0	4.0	204.0	0.0	6.0	6.0	16.0	46.0	165.0	]
C	[ 130.0	452.0	396.0	417.0	383.0	11.0	404.0	437.0	374.0	376.0	353.0	132.0	]
G	[ 132.0	0.0	-0.0	-0.0	0.0	110.0	14.0	2.0	-0.0	-0.0	1.0	36.0	]
T	[ 96.0	0.0	56.0	1.0	65.0	127.0	34.0	7.0	72.0	60.0	52.0	119.0	]
Motif #4
total sequences 178
A	[ 32.0	64.0	14.0	120.0	-0.0	178.0	0.0	22.0	27.0	-0.0	49.0	178.0	1.0	0.0	74.0	]
C	[ 56.0	26.0	74.0	0.0	0.0	0.0	0.0	60.0	48.0	46.0	-0.0	0.0	-0.0	176.0	0.0	]
G	[ 41.0	50.0	50.0	0.0	178.0	-0.0	-0.0	60.0	52.0	24.0	-0.0	-0.0	-0.0	2.0	7.0	]
T	[ 49.0	38.0	40.0	58.0	0.0	0.0	178.0	36.0	51.0	108.0	129.0	-0.0	177.0	-0.0	97.0	]
Motif #5
total sequences 156
A	[ 36.0	116.0	39.0	131.0	47.0	156.0	0.0	-0.0	156.0	154.0	87.0	-0.0	]
C	[ 77.0	14.0	77.0	25.0	88.0	-0.0	-0.0	-0.0	-0.0	-0.0	-0.0	100.0	]
G	[ 15.0	-0.0	39.0	0.0	16.0	0.0	156.0	156.0	0.0	2.0	69.0	-0.0	]
T	[ 28.0	26.0	1.0	0.0	5.0	-0.0	-0.0	0.0	-0.0	-0.0	0.0	56.0	]
Motif #6
total sequences 141
A	[ 112.0	109.0	119.0	91.0	61.0	95.0	127.0	120.0	130.0	52.0	59.0	116.0	129.0	93.0	72.0	80.0	81.0	89.0	87.0	96.0	79.0	]
C	[ 11.0	32.0	6.0	27.0	65.0	32.0	3.0	17.0	4.0	72.0	56.0	25.0	11.0	45.0	35.0	38.0	48.0	26.0	43.0	45.0	54.0	]
G	[ 14.0	-0.0	-0.0	23.0	-0.0	14.0	-0.0	4.0	7.0	16.0	-0.0	0.0	-0.0	-0.0	14.0	4.0	11.0	0.0	-0.0	-0.0	0.0	]
T	[ 4.0	0.0	16.0	-0.0	15.0	0.0	11.0	0.0	0.0	1.0	26.0	-0.0	1.0	3.0	20.0	19.0	1.0	26.0	11.0	0.0	8.0	]
Motif #7
total sequences 133
A	[ 99.0	107.0	128.0	85.0	13.0	72.0	115.0	132.0	123.0	0.0	73.0	129.0	133.0	73.0	]
C	[ 3.0	26.0	0.0	3.0	43.0	14.0	14.0	1.0	0.0	76.0	57.0	1.0	0.0	24.0	]
G	[ 30.0	0.0	0.0	34.0	43.0	34.0	4.0	-0.0	8.0	44.0	3.0	0.0	0.0	15.0	]
T	[ 1.0	-0.0	5.0	11.0	34.0	13.0	-0.0	-0.0	2.0	13.0	-0.0	3.0	-0.0	21.0	]
Motif #8
total sequences 124
A	[ 43.0	9.0	20.0	10.0	26.0	19.0	9.0	23.0	22.0	5.0	22.0	11.0	4.0	7.0	10.0	2.0	24.0	0.0	5.0	19.0	3.0	23.0	14.0	21.0	29.0	21.0	47.0	23.0	41.0	43.0	29.0	32.0	36.0	30.0	]
C	[ 20.0	35.0	27.0	24.0	19.0	9.0	0.0	-0.0	-0.0	9.0	12.0	13.0	-0.0	-0.0	-0.0	-0.0	16.0	-0.0	-0.0	-0.0	-0.0	8.0	23.0	29.0	7.0	11.0	6.0	17.0	27.0	22.0	24.0	24.0	21.0	28.0	]
G	[ 40.0	65.0	62.0	56.0	48.0	72.0	95.0	92.0	102.0	81.0	44.0	93.0	119.0	110.0	113.0	122.0	15.0	122.0	114.0	105.0	121.0	65.0	71.0	49.0	66.0	73.0	55.0	66.0	43.0	39.0	40.0	42.0	33.0	27.0	]
T	[ 21.0	15.0	15.0	34.0	31.0	24.0	20.0	9.0	-0.0	29.0	46.0	7.0	1.0	7.0	1.0	-0.0	69.0	2.0	5.0	-0.0	-0.0	28.0	16.0	25.0	22.0	19.0	16.0	18.0	13.0	20.0	31.0	26.0	34.0	39.0	]
Motif #9
total sequences 123
A	[ 40.0	21.0	1.0	93.0	0.0	19.0	123.0	0.0	53.0	-0.0	-0.0	1.0	16.0	45.0	13.0	27.0	]
C	[ 9.0	101.0	121.0	0.0	76.0	76.0	-0.0	-0.0	0.0	0.0	0.0	0.0	99.0	0.0	76.0	39.0	]
G	[ 57.0	0.0	0.0	15.0	47.0	4.0	0.0	123.0	70.0	89.0	123.0	119.0	0.0	78.0	33.0	8.0	]
T	[ 17.0	1.0	1.0	15.0	-0.0	24.0	0.0	0.0	0.0	34.0	-0.0	3.0	8.0	-0.0	1.0	49.0	]
Motif #10
total sequences 56
A	[ 2.0	7.0	6.0	18.0	12.0	24.0	11.0	9.0	7.0	41.0	39.0	0.0	8.0	30.0	33.0	37.0	11.0	26.0	]
C	[ 0.0	0.0	0.0	3.0	3.0	0.0	3.0	0.0	0.0	6.0	2.0	0.0	0.0	0.0	3.0	0.0	1.0	9.0	]
G	[ 54.0	49.0	46.0	24.0	39.0	28.0	42.0	47.0	45.0	9.0	15.0	56.0	48.0	24.0	20.0	19.0	44.0	12.0	]
T	[ 0.0	0.0	4.0	11.0	2.0	4.0	0.0	0.0	4.0	0.0	0.0	0.0	0.0	2.0	0.0	0.0	0.0	9.0	]
Motif #11
total sequences 53
A	[ 0.0	2.0	53.0	-0.0	0.0	-0.0	-0.0	12.0	1.0	9.0	-0.0	-0.0	]
C	[ 0.0	44.0	0.0	20.0	0.0	-0.0	19.0	41.0	3.0	-0.0	29.0	34.0	]
G	[ 0.0	2.0	-0.0	-0.0	-0.0	0.0	19.0	-0.0	0.0	0.0	-0.0	-0.0	]
T	[ 53.0	5.0	-0.0	33.0	53.0	53.0	15.0	0.0	49.0	44.0	24.0	19.0	]
Motif #12
total sequences 40
A	[ 2.0	16.0	0.0	9.0	0.0	0.0	40.0	0.0	0.0	0.0	33.0	2.0	]
C	[ 12.0	17.0	-0.0	3.0	-0.0	0.0	0.0	40.0	0.0	40.0	-0.0	16.0	]
G	[ 26.0	-0.0	4.0	25.0	-0.0	40.0	-0.0	0.0	3.0	-0.0	6.0	9.0	]
T	[ -0.0	7.0	36.0	3.0	40.0	-0.0	-0.0	-0.0	37.0	-0.0	1.0	13.0	]
Motif #13
total sequences 31
A	[ -0.0	-0.0	0.0	-0.0	0.0	-0.0	0.0	0.0	14.0	0.0	-0.0	22.0	]
C	[ 0.0	-0.0	-0.0	17.0	-0.0	0.0	-0.0	1.0	17.0	0.0	15.0	-0.0	]
G	[ 9.0	30.0	31.0	-0.0	6.0	-0.0	1.0	30.0	-0.0	1.0	14.0	9.0	]
T	[ 22.0	1.0	0.0	14.0	25.0	31.0	30.0	0.0	-0.0	30.0	2.0	0.0	]
Motif #14
total sequences 26
A	[ 13.0	7.0	2.0	21.0	26.0	26.0	0.0	3.0	24.0	0.0	24.0	12.0	26.0	5.0	10.0	10.0	1.0	14.0	]
C	[ 3.0	0.0	3.0	2.0	0.0	0.0	26.0	23.0	0.0	26.0	2.0	0.0	0.0	7.0	8.0	0.0	6.0	5.0	]
G	[ 2.0	19.0	16.0	3.0	0.0	0.0	0.0	0.0	2.0	0.0	0.0	12.0	0.0	14.0	3.0	0.0	19.0	3.0	]
T	[ 8.0	0.0	5.0	0.0	0.0	0.0	0.0	0.0	0.0	0.0	0.0	2.0	0.0	0.0	5.0	16.0	0.0	4.0	]
Motif #15
total sequences 20
A	[ 5.0	8.0	0.0	9.0	0.0	0.0	0.0	0.0	0.0	0.0	20.0	0.0	3.0	7.0	]
C	[ 8.0	6.0	20.0	11.0	0.0	3.0	3.0	0.0	20.0	6.0	0.0	0.0	0.0	5.0	]
G	[ 3.0	6.0	0.0	0.0	19.0	0.0	0.0	20.0	0.0	0.0	0.0	2.0	17.0	7.0	]
T	[ 4.0	0.0	0.0	0.0	1.0	17.0	17.0	0.0	0.0	14.0	0.0	18.0	0.0	1.0	]
Motif #1; total sequences 2381; NtNTTATCtNN / NNaGATAANaN
Motif #2; total sequences 843; NNNaNAGGAAgtgNNN / NNNcacTTCCTNtNNN
Motif #3; total sequences 452; NCCCCNCCCCcN / NgGGGGNGGGGN
Motif #4; total sequences 178; NNNaGATNNttATCt / aGATaaNNATCtNNN
Motif #5; total sequences 156; NaNAcAGGAAac / gtTTCCTgTNtN
Motif #6; total sequences 141; aaAaNaAAAcNAAaaaaaaaa / ttttttttTTNgTTTtNtTtt
Motif #7; total sequences 133; aAAaNaAAAcaAAa / tTTtgTTTtNtTTt
Motif #8; total sequences 124; NgNNNgggGgNgGGGGtGGGGggNggNgNNNNNN / NNNNNNcNccNccCCCCaCCCCcNcCcccNNNcN
Motif #9; total sequences 123; NCCaccAGggGGCgcN / NgcGCCccCTggtGGN
Motif #10; total sequences 56; GGGNgRgGgaaGGaaagN / NctttCCttcCcYcNCCC
Motif #11; total sequences 53; TCAtTTNcTTcc / ggAAgNAAaTGA
Motif #12; total sequences 40; gNTgTGACTCAN / NTGAGTCAcANc
Motif #13; total sequences 31; tGGctTTGcTSa / tSAgCAAagCCa
Motif #14; total sequences 26; NggaAACCACARAgNtga / tcaNcTYTGTGGTTtccN
Motif #15; total sequences 20; NNCcGTTGCtATGN / NCATaGCAACgGNN

Full posterior for run 8 is 29018.848840
