Number of sequences: 957
Number of programs: 3
Number of motifs: 9
Motif widths: 12 23 15 13 12 11 12 12 14 
Program 1: total 521
 motif #1: 521 of 521 (0.999808 posterior)
 motif #2: 45 of 521 (0.086531 posterior)
 motif #3: 110 of 521 (0.211243 posterior)
 motif #4: 112 of 521 (0.215081 posterior)
 motif #5: 94 of 521 (0.180545 posterior)
 motif #6: 76 of 521 (0.146009 posterior)
 motif #7: 55 of 521 (0.105718 posterior)
 motif #8: 25 of 521 (0.048158 posterior)
 motif #9: 17 of 521 (0.032809 posterior)

Program 2: total 227

Program 3: total 209
 motif #2: 137 of 209 (0.655354 posterior)
 motif #3: 44 of 209 (0.210803 posterior)
 motif #4: 39 of 209 (0.186902 posterior)
 motif #5: 41 of 209 (0.196463 posterior)
 motif #6: 51 of 209 (0.244264 posterior)
 motif #7: 37 of 209 (0.177342 posterior)
 motif #8: 9 of 209 (0.043499 posterior)
 motif #9: 3 of 209 (0.014818 posterior)

Motif #1
total sequences 521
A	[ 235.0	145.0	374.0	22.0	520.0	0.0	439.0	420.0	77.0	298.0	250.0	100.0	]
C	[ 49.0	140.0	11.0	0.0	0.0	1.0	0.0	0.0	141.0	78.0	39.0	192.0	]
G	[ 136.0	161.0	-0.0	499.0	0.0	0.0	41.0	87.0	263.0	145.0	93.0	44.0	]
T	[ 101.0	75.0	136.0	-0.0	1.0	520.0	41.0	14.0	40.0	-0.0	139.0	185.0	]
Motif #2
total sequences 182
A	[ 2.0	49.0	1.0	58.0	-0.0	3.0	22.0	21.0	41.0	7.0	1.0	40.0	16.0	-0.0	32.0	2.0	24.0	-0.0	5.0	-0.0	57.0	27.0	2.0	]
C	[ 134.0	42.0	112.0	55.0	75.0	132.0	109.0	54.0	74.0	74.0	109.0	70.0	117.0	120.0	65.0	80.0	89.0	59.0	107.0	111.0	43.0	69.0	97.0	]
G	[ 1.0	1.0	-0.0	1.0	23.0	11.0	6.0	-0.0	24.0	11.0	12.0	-0.0	-0.0	-0.0	2.0	-0.0	-0.0	29.0	23.0	1.0	-0.0	18.0	16.0	]
T	[ 45.0	90.0	69.0	68.0	84.0	36.0	45.0	107.0	43.0	90.0	60.0	72.0	49.0	62.0	83.0	100.0	69.0	94.0	47.0	70.0	82.0	68.0	67.0	]
Motif #3
total sequences 154
A	[ 14.0	1.0	97.0	-0.0	5.0	2.0	1.0	-0.0	-0.0	9.0	0.0	26.0	0.0	12.0	37.0	]
C	[ 47.0	72.0	27.0	98.0	-0.0	-0.0	131.0	151.0	-0.0	56.0	33.0	20.0	34.0	36.0	28.0	]
G	[ 13.0	53.0	30.0	11.0	0.0	0.0	14.0	-0.0	0.0	89.0	0.0	37.0	30.0	39.0	42.0	]
T	[ 80.0	28.0	-0.0	45.0	149.0	152.0	8.0	3.0	154.0	0.0	121.0	71.0	90.0	67.0	47.0	]
Motif #4
total sequences 151
A	[ 64.0	0.0	5.0	150.0	1.0	1.0	0.0	151.0	-0.0	60.0	38.0	8.0	31.0	]
C	[ 62.0	-0.0	-0.0	1.0	38.0	21.0	151.0	-0.0	91.0	71.0	28.0	55.0	32.0	]
G	[ 11.0	-0.0	127.0	-0.0	112.0	0.0	-0.0	-0.0	-0.0	0.0	27.0	35.0	39.0	]
T	[ 14.0	151.0	19.0	-0.0	-0.0	129.0	-0.0	-0.0	60.0	20.0	58.0	53.0	49.0	]
Motif #5
total sequences 135
A	[ 0.0	-0.0	-0.0	0.0	-0.0	18.0	1.0	10.0	0.0	7.0	-0.0	0.0	]
C	[ -0.0	0.0	-0.0	23.0	66.0	-0.0	-0.0	0.0	33.0	50.0	-0.0	7.0	]
G	[ 11.0	26.0	36.0	100.0	4.0	0.0	-0.0	40.0	73.0	0.0	3.0	59.0	]
T	[ 124.0	109.0	99.0	12.0	65.0	117.0	134.0	85.0	29.0	78.0	132.0	69.0	]
Motif #6
total sequences 127
A	[ 48.0	39.0	91.0	126.0	87.0	0.0	0.0	125.0	4.0	125.0	31.0	]
C	[ 5.0	32.0	29.0	1.0	2.0	127.0	127.0	0.0	123.0	1.0	0.0	]
G	[ 54.0	54.0	0.0	0.0	38.0	0.0	0.0	2.0	0.0	0.0	76.0	]
T	[ 20.0	2.0	7.0	0.0	0.0	0.0	0.0	0.0	0.0	1.0	20.0	]
Motif #7
total sequences 92
A	[ 61.0	-0.0	90.0	-0.0	9.0	22.0	-0.0	29.0	92.0	0.0	-0.0	34.0	]
C	[ -0.0	4.0	-0.0	-0.0	34.0	21.0	29.0	-0.0	-0.0	-0.0	92.0	-0.0	]
G	[ -0.0	88.0	2.0	-0.0	25.0	20.0	5.0	-0.0	-0.0	-0.0	-0.0	5.0	]
T	[ 31.0	-0.0	-0.0	92.0	24.0	29.0	58.0	63.0	-0.0	92.0	-0.0	53.0	]
Motif #8
total sequences 34
A	[ 4.0	-0.0	-0.0	-0.0	13.0	0.0	-0.0	3.0	-0.0	-0.0	2.0	0.0	]
C	[ -0.0	-0.0	-0.0	-0.0	-0.0	-0.0	-0.0	-0.0	-0.0	-0.0	-0.0	-0.0	]
G	[ -0.0	-0.0	2.0	-0.0	-0.0	3.0	2.0	-0.0	-0.0	8.0	-0.0	-0.0	]
T	[ 30.0	34.0	32.0	34.0	21.0	31.0	32.0	31.0	34.0	26.0	32.0	34.0	]
Motif #9
total sequences 20
A	[ 6.0	0.0	19.0	0.0	0.0	17.0	0.0	11.0	3.0	0.0	0.0	5.0	0.0	3.0	]
C	[ 11.0	20.0	0.0	15.0	10.0	0.0	0.0	0.0	0.0	0.0	0.0	15.0	0.0	12.0	]
G	[ 1.0	0.0	0.0	5.0	0.0	0.0	19.0	9.0	16.0	20.0	20.0	0.0	20.0	2.0	]
T	[ 2.0	0.0	1.0	0.0	10.0	3.0	1.0	0.0	1.0	0.0	0.0	0.0	0.0	3.0	]
Motif #1; total sequences 521; NNaGATAAgaNN / NNtcTTATCtNN
Motif #2; total sequences 182; cNcNNcctNYcNccNtNtccNNc / gNNggaNaNggNgRNaggNNgNg
Motif #3; total sequences 154; tNacTTCCTgtNtNN / NNaNacAGGAAgtNa
Motif #4; total sequences 151; NTGAgTCAcNNNN / NNNNgTGAcTCAN
Motif #5; total sequences 135; TTtgYTTtgtTt / aAacaAARcaAA
Motif #6; total sequences 127; NNaAaCCACAg / cTGTGGtTtNN
Motif #7; total sequences 92; aGATNNttATCt / aGATaaNNATCt
Motif #8; total sequences 34; TTTTtTTTTtTT / AAaAAAAaAAAA
Motif #9; total sequences 20; cCAcYAGagGGcGc / gCgCCctCTRgTGg

Full posterior for run 4 is 8810.668499
