Number of sequences: 957
Number of programs: 4
Number of motifs: 9
Motif widths: 17 13 13 12 12 11 12 18 21 
Program 1: total 257
 motif #3: 148 of 257 (0.575816 posterior)
 motif #4: 69 of 257 (0.268663 posterior)
 motif #5: 88 of 257 (0.342535 posterior)
 motif #6: 45 of 257 (0.175350 posterior)
 motif #7: 53 of 257 (0.206454 posterior)
 motif #8: 26 of 257 (0.101477 posterior)
 motif #9: 28 of 257 (0.109253 posterior)

Program 2: total 241

Program 3: total 239
 motif #1: 239 of 239 (0.999582 posterior)
 motif #3: 44 of 239 (0.184365 posterior)
 motif #4: 72 of 239 (0.301421 posterior)
 motif #5: 11 of 239 (0.046405 posterior)
 motif #6: 18 of 239 (0.075669 posterior)
 motif #7: 4 of 239 (0.017140 posterior)
 motif #8: 43 of 239 (0.180184 posterior)
 motif #9: 23 of 239 (0.096572 posterior)

Program 4: total 220
 motif #1: 124 of 220 (0.563579 posterior)
 motif #2: 220 of 220 (0.999546 posterior)
 motif #4: 21 of 220 (0.095822 posterior)
 motif #5: 29 of 220 (0.132153 posterior)
 motif #6: 28 of 220 (0.127611 posterior)
 motif #7: 31 of 220 (0.141235 posterior)
 motif #9: 10 of 220 (0.045867 posterior)

Motif #1
total sequences 363
A	[ 30.0	32.0	25.0	0.0	38.0	59.0	31.0	19.0	125.0	4.0	19.0	80.0	-0.0	32.0	34.0	0.0	13.0	]
C	[ 223.0	123.0	180.0	242.0	219.0	132.0	198.0	189.0	132.0	213.0	157.0	71.0	327.0	194.0	26.0	188.0	208.0	]
G	[ 28.0	0.0	35.0	3.0	16.0	0.0	3.0	-0.0	34.0	-0.0	0.0	1.0	28.0	-0.0	20.0	79.0	22.0	]
T	[ 82.0	208.0	123.0	118.0	90.0	172.0	131.0	155.0	72.0	146.0	187.0	211.0	8.0	137.0	283.0	96.0	120.0	]
Motif #2
total sequences 220
A	[ 126.0	16.0	154.0	-0.0	11.0	21.0	6.0	219.0	-0.0	0.0	76.0	48.0	47.0	]
C	[ 16.0	3.0	48.0	11.0	88.0	35.0	-0.0	-0.0	-0.0	194.0	0.0	46.0	60.0	]
G	[ 12.0	174.0	-0.0	5.0	80.0	13.0	-0.0	1.0	-0.0	-0.0	8.0	79.0	33.0	]
T	[ 66.0	27.0	18.0	204.0	41.0	151.0	214.0	-0.0	220.0	26.0	136.0	47.0	80.0	]
Motif #3
total sequences 192
A	[ 42.0	115.0	-0.0	188.0	0.0	14.0	22.0	7.0	42.0	192.0	0.0	4.0	51.0	]
C	[ 75.0	4.0	8.0	1.0	0.0	63.0	73.0	47.0	0.0	0.0	0.0	188.0	2.0	]
G	[ 33.0	0.0	184.0	0.0	1.0	59.0	65.0	3.0	-0.0	0.0	0.0	0.0	6.0	]
T	[ 42.0	73.0	0.0	3.0	191.0	56.0	32.0	135.0	150.0	0.0	192.0	0.0	133.0	]
Motif #4
total sequences 162
A	[ 55.0	44.0	4.0	66.0	-0.0	-0.0	157.0	2.0	1.0	28.0	161.0	20.0	]
C	[ 27.0	31.0	19.0	20.0	-0.0	3.0	-0.0	115.0	-0.0	134.0	-0.0	9.0	]
G	[ 50.0	39.0	80.0	74.0	-0.0	159.0	5.0	43.0	-0.0	-0.0	1.0	60.0	]
T	[ 30.0	48.0	59.0	2.0	162.0	0.0	-0.0	2.0	161.0	-0.0	-0.0	73.0	]
Motif #5
total sequences 128
A	[ 41.0	17.0	38.0	33.0	-0.0	5.0	-0.0	-0.0	-0.0	-0.0	-0.0	0.0	]
C	[ 24.0	44.0	35.0	56.0	-0.0	2.0	-0.0	-0.0	3.0	34.0	7.0	1.0	]
G	[ 17.0	31.0	22.0	-0.0	-0.0	121.0	2.0	128.0	125.0	0.0	4.0	13.0	]
T	[ 46.0	36.0	33.0	39.0	128.0	-0.0	126.0	-0.0	-0.0	94.0	117.0	114.0	]
Motif #6
total sequences 91
A	[ 35.0	22.0	-0.0	87.0	-0.0	14.0	-0.0	-0.0	1.0	-0.0	2.0	]
C	[ 30.0	39.0	84.0	4.0	53.0	-0.0	1.0	91.0	88.0	9.0	41.0	]
G	[ 13.0	-0.0	2.0	0.0	-0.0	-0.0	0.0	-0.0	0.0	2.0	19.0	]
T	[ 13.0	30.0	5.0	-0.0	38.0	77.0	90.0	-0.0	2.0	80.0	29.0	]
Motif #7
total sequences 88
A	[ 26.0	16.0	-0.0	65.0	0.0	3.0	-0.0	-0.0	1.0	-0.0	1.0	2.0	]
C	[ 28.0	19.0	44.0	-0.0	53.0	1.0	0.0	87.0	87.0	-0.0	9.0	12.0	]
G	[ 22.0	17.0	23.0	23.0	6.0	-0.0	-0.0	1.0	0.0	-0.0	78.0	14.0	]
T	[ 12.0	36.0	21.0	-0.0	29.0	84.0	88.0	-0.0	-0.0	88.0	-0.0	60.0	]
Motif #8
total sequences 69
A	[ 19.0	12.0	49.0	0.0	67.0	0.0	3.0	31.0	32.0	17.0	60.0	-0.0	69.0	-0.0	59.0	47.0	8.0	24.0	]
C	[ 9.0	20.0	0.0	1.0	0.0	0.0	26.0	12.0	9.0	15.0	4.0	0.0	0.0	0.0	0.0	0.0	18.0	19.0	]
G	[ 31.0	16.0	0.0	68.0	0.0	0.0	30.0	8.0	16.0	30.0	-0.0	69.0	0.0	-0.0	4.0	20.0	34.0	22.0	]
T	[ 10.0	21.0	20.0	0.0	2.0	69.0	10.0	18.0	12.0	7.0	5.0	-0.0	0.0	69.0	6.0	2.0	9.0	4.0	]
Motif #9
total sequences 61
A	[ 8.0	6.0	0.0	-0.0	8.0	6.0	6.0	6.0	-0.0	-0.0	-0.0	-0.0	-0.0	2.0	2.0	-0.0	-0.0	1.0	0.0	0.0	0.0	]
C	[ -0.0	13.0	6.0	1.0	1.0	-0.0	5.0	4.0	0.0	1.0	-0.0	2.0	4.0	0.0	-0.0	0.0	11.0	13.0	0.0	-0.0	13.0	]
G	[ 21.0	13.0	17.0	25.0	4.0	17.0	23.0	16.0	3.0	1.0	24.0	26.0	4.0	12.0	-0.0	0.0	29.0	-0.0	-0.0	7.0	-0.0	]
T	[ 32.0	29.0	38.0	35.0	48.0	38.0	27.0	35.0	58.0	59.0	37.0	33.0	53.0	47.0	59.0	61.0	21.0	47.0	61.0	54.0	48.0	]
Motif #1; total sequences 363; ctNccNccNcttCctcc / ggagGaagNggNggNag
Motif #2; total sequences 220; agaTNtTATCtNN / NNaGATAaNAtct
Motif #3; total sequences 192; NaGATNNttATCt / aGATaaNNATCtN
Motif #4; total sequences 162; NNNNTGAcTCAN / NTGAgTCANNNN
Motif #5; total sequences 128; NNNNTGTGGtTT / AAaCCACANNNN
Motif #6; total sequences 91; NNCAcTTCCTN / NAGGAAgTGNN
Motif #7; total sequences 88; NNNacTTCCTGt / aCAGGAAgtNNN
Motif #8; total sequences 69; NNaGATNNNNAGATAaNN / NNtTATCTNNNNATCtNN
Motif #9; total sequences 61; tNttttNtTTttTtTTNtTTt / aAAaNAAaAaaAAaNaaaaNa

Full posterior for run 9 is 8905.130739
