1	chr1:20897671-20898254	1	-227	262	NA	NA	NA	NA	
2	chr1:23487160-23488639	2	NA	NA	NA	NA	NA	NA	
3	chr1:24566603-24569405	1	768	1937	NA	1168	NA	NA	
4	chr1:36864939-36865549	3	NA	NA	NA	NA	33	-356	
5	chr1:40419842-40420980	1	-536	NA	NA	NA	NA	NA	
6	chr1:51393030-51393679	2	NA	NA	NA	NA	NA	NA	
7	chr1:51538255-51538850	2	NA	NA	NA	NA	NA	NA	
8	chr1:63599505-63600306	2	NA	NA	NA	NA	NA	NA	
9	chr1:80092639-80093456	1	449	NA	NA	302	-404	NA	
10	chr1:81169061-81169940	2	NA	NA	NA	NA	NA	NA	
11	chr1:90306610-90307201	1	464	-557	NA	NA	-228	NA	
12	chr1:120138586-120139086	1	398	382	NA	NA	NA	NA	
13	chr1:132907236-132907871	1	449	NA	NA	NA	NA	NA	
14	chr1:133031701-133032548	1	515	NA	NA	NA	498	NA	
15	chr1:134692915-134693672	3	NA	313	NA	NA	NA	NA	
16	chr1:138416585-138417422	1	-114	NA	NA	-3	NA	NA	
17	chr1:145768540-145769187	3	NA	-209	-601	NA	-6	NA	
18	chr1:155141987-155142749	1	597	NA	NA	NA	NA	NA	
19	chr1:163507438-163508304	1	226	NA	NA	799	NA	NA	
20	chr1:167681556-167682229	1	435	312	NA	NA	-272	NA	
21	chr1:175877427-175878443	3	NA	NA	214	-84	866	NA	
22	chr1:186554726-186555192	1	-205	373	NA	270	NA	NA	
23	chr1:192894188-192894901	1	438	636	NA	NA	NA	NA	
24	chr10:13688877-13689651	1	346	374	NA	127	NA	NA	
25	chr10:19628484-19629258	1	-351	-547	NA	NA	NA	NA	
26	chr10:26048076-26048757	2	NA	NA	NA	NA	NA	NA	
27	chr10:39680230-39680917	1	-428	-119	NA	NA	NA	NA	
28	chr10:79836617-79837582	1	341	-222	NA	NA	NA	NA	
29	chr10:80201629-80202126	2	NA	NA	NA	NA	NA	NA	
30	chr10:80509162-80509451	2	NA	NA	NA	NA	NA	NA	
31	chr10:80913080-80914050	1	489	NA	NA	NA	NA	NA	
32	chr10:92765660-92766028	1	223	NA	NA	NA	-274	NA	
33	chr10:95507165-95507559	2	NA	NA	NA	NA	NA	NA	
34	chr10:117575269-117576136	3	NA	NA	-294	NA	679	-424	
35	chr10:127907437-127908080	1	293	NA	NA	NA	NA	NA	
36	chr11:11463847-11464873	3	NA	NA	102	NA	665	-517	
37	chr11:20148735-20149275	2	NA	NA	NA	NA	NA	NA	
38	chr11:21002515-21003402	1	-731	NA	NA	NA	NA	NA	
39	chr11:22592459-22593403	3	NA	-81	NA	NA	NA	NA	
40	chr11:31570379-31571478	2	NA	NA	NA	NA	NA	NA	
41	chr11:33838628-33839502	2	NA	NA	NA	NA	NA	NA	
42	chr11:34011946-34012343	1	111	323	NA	NA	NA	NA	
43	chr11:46232528-46233371	1	-8	NA	133	NA	NA	NA	
44	chr11:52157518-52158138	1	440	NA	NA	NA	NA	NA	
45	chr11:54710065-54710643	2	NA	NA	NA	NA	NA	NA	
46	chr11:54975394-54975873	2	NA	NA	NA	NA	NA	NA	
47	chr11:65610863-65611587	2	NA	NA	NA	NA	NA	NA	
48	chr11:66907517-66907837	2	NA	NA	NA	NA	NA	NA	
49	chr11:69182625-69183167	2	NA	NA	NA	NA	NA	NA	
50	chr11:78352158-78353054	2	NA	NA	NA	NA	NA	NA	
51	chr11:82856905-82857744	1	-579	NA	NA	NA	NA	NA	
52	chr11:87567616-87568360	1	-466	NA	NA	221	328	NA	
53	chr11:87575311-87576385	1	-716	NA	NA	NA	NA	NA	
54	chr11:94407912-94408440	2	NA	NA	NA	NA	NA	NA	
55	chr11:98285951-98286753	2	NA	NA	NA	NA	NA	NA	
56	chr11:98303628-98304127	3	NA	448	NA	NA	-380	250	
57	chr11:99016186-99016820	1	-201	NA	NA	173	NA	NA	
58	chr11:108726757-108727516	2	NA	NA	NA	NA	NA	NA	
59	chr11:108827597-108828258	2	NA	NA	NA	NA	NA	NA	
60	chr11:110214719-110215313	1	-327	NA	NA	NA	NA	NA	
61	chr12:3109876-3110267	2	NA	NA	NA	NA	NA	NA	
62	chr12:21697626-21698281	1	377	-7	NA	-485	NA	NA	
63	chr12:74516842-74517755	1	830	-879	NA	392	NA	NA	
64	chr12:74611051-74611820	3	NA	-486	NA	NA	NA	NA	
65	chr12:85110891-85111217	2	NA	NA	NA	NA	NA	NA	
66	chr12:85662394-85663104	2	NA	NA	NA	NA	NA	NA	
67	chr12:87833977-87834760	1	-271	NA	NA	-672	NA	NA	
68	chr12:101395027-101395767	3	NA	297	30	NA	-341	-360	
69	chr12:103732184-103733079	3	NA	384	328	NA	NA	NA	
70	chr12:111185530-111186215	3	NA	208	-525	NA	NA	NA	
71	chr12:116670716-116671691	2	NA	NA	NA	NA	NA	NA	
72	chr12:116696429-116697160	2	NA	NA	NA	NA	NA	NA	
73	chr13:6452426-6453172	1	-434	NA	NA	NA	NA	NA	
74	chr13:34871906-34872409	3	NA	NA	NA	NA	NA	144	
75	chr13:36815339-36816442	2	NA	NA	NA	NA	NA	NA	
76	chr13:42311565-42312103	1	325	462	NA	-341	NA	NA	
77	chr13:51779697-51780541	2	NA	NA	NA	NA	NA	NA	
78	chr13:51982514-51983079	1	-348	451	NA	79	NA	NA	
79	chr13:63334054-63334722	3	NA	NA	-542	-461	NA	-523	
80	chr13:85599706-85600597	2	NA	NA	NA	NA	NA	NA	
81	chr13:98291101-98291428	2	NA	NA	NA	NA	NA	NA	
82	chr13:114700773-114701501	1	220	NA	NA	-106	-234	NA	
83	chr14:39187378-39187979	1	-92	NA	NA	NA	NA	NA	
84	chr14:53185159-53186012	3	NA	-312	NA	NA	-258	422	
85	chr14:54557679-54558308	2	NA	NA	NA	NA	NA	NA	
86	chr14:61072465-61073256	2	NA	NA	NA	NA	NA	NA	
87	chr14:61881997-61882684	1	309	-244	NA	424	NA	NA	
88	chr14:64284388-64285040	2	NA	NA	NA	NA	NA	NA	
89	chr14:85972789-85973327	2	NA	NA	NA	NA	NA	NA	
90	chr15:5393222-5393977	1	514	NA	NA	NA	NA	NA	
91	chr15:9605852-9606768	3	NA	NA	549	NA	NA	353	
92	chr15:62592966-62593637	2	NA	NA	NA	NA	NA	NA	
93	chr15:63993065-63993580	3	NA	331	NA	NA	NA	-291	
94	chr15:66337449-66338120	2	NA	NA	NA	NA	NA	NA	
95	chr15:74913207-74914442	3	NA	-453	-1095	NA	NA	NA	
96	chr15:77798192-77798626	1	-233	NA	NA	NA	NA	NA	
97	chr15:78321935-78322773	3	NA	219	-613	NA	NA	496	
98	chr15:85217626-85218190	1	312	196	NA	NA	NA	NA	
99	chr15:97200981-97201852	3	NA	NA	NA	NA	NA	-411	
100	chr15:98820398-98820814	1	231	376	NA	NA	NA	NA	
101	chr16:4498946-4499528	1	-278	319	NA	-300	NA	NA	
102	chr16:5308541-5309404	3	NA	718	-703	NA	NA	NA	
103	chr16:22346867-22347825	1	-6	NA	NA	NA	NA	NA	
104	chr16:36396194-36396562	2	NA	NA	NA	NA	NA	NA	
105	chr16:44611240-44611788	1	-169	NA	NA	NA	NA	NA	
106	chr16:48705868-48706443	2	NA	NA	NA	NA	NA	NA	
107	chr16:52000683-52001866	1	683	NA	-1163	NA	-1042	NA	
108	chr16:76237355-76237591	2	NA	NA	NA	NA	NA	NA	
109	chr16:76431954-76432667	2	NA	NA	NA	NA	NA	NA	
110	chr16:84595380-84596017	2	NA	NA	NA	NA	NA	NA	
111	chr16:89724342-89725127	1	350	-392	NA	113	-281	NA	
112	chr16:89861897-89862591	2	NA	NA	NA	NA	NA	NA	
113	chr17:7013440-7014049	2	NA	NA	NA	NA	NA	NA	
114	chr17:8089621-8090408	2	NA	NA	NA	NA	NA	NA	
115	chr17:24911700-24912500	1	327	-727	NA	NA	NA	NA	
116	chr17:28339999-28340883	1	-391	NA	NA	-224	NA	NA	
117	chr17:28463477-28463989	1	199	NA	NA	474	NA	NA	
118	chr17:35631650-35632237	2	NA	NA	NA	NA	NA	NA	
119	chr17:35839180-35839776	3	NA	-227	-561	526	NA	NA	
120	chr17:39450927-39457022	2	NA	NA	NA	NA	NA	NA	
121	chr17:50873139-50873988	1	439	609	NA	NA	NA	NA	
122	chr17:51627199-51628395	1	491	NA	NA	-233	1004	NA	
123	chr17:56745210-56746144	1	502	-844	NA	NA	NA	NA	
124	chr17:70877881-70878757	1	762	-384	NA	-12	511	NA	
125	chr17:83220692-83221326	1	289	-121	NA	NA	NA	NA	
126	chr17:84024265-84024986	3	NA	NA	402	NA	NA	457	
127	chr18:3005202-3006082	3	NA	-25	NA	NA	NA	NA	
128	chr18:39208843-39209539	1	-670	NA	NA	222	NA	NA	
129	chr18:40433910-40434388	2	NA	NA	NA	NA	NA	NA	
130	chr18:75447304-75448028	2	NA	NA	NA	NA	NA	NA	
131	chr18:75502743-75503477	3	NA	-472	-80	NA	-314	NA	
132	chr18:82355522-82355995	2	NA	NA	NA	NA	NA	NA	
133	chr18:89340229-89341162	3	NA	NA	383	NA	NA	452	
134	chr19:4119455-4120306	3	NA	NA	-597	NA	-437	379	
135	chr19:4878447-4879352	1	-471	NA	NA	-862	NA	NA	
136	chr19:33432275-33433175	1	-617	NA	NA	NA	NA	NA	
137	chr19:59455157-59455890	3	NA	NA	642	NA	NA	NA	
138	chr2:11534585-11535092	1	-90	NA	NA	NA	NA	NA	
139	chr2:26575280-26576001	1	205	NA	NA	NA	NA	NA	
140	chr2:30416593-30417348	1	-384	713	NA	25	NA	NA	
141	chr2:32317221-32317640	2	NA	NA	NA	NA	NA	NA	
142	chr2:32516115-32516586	1	-143	NA	NA	NA	NA	NA	
143	chr2:35803851-35804358	1	229	NA	NA	NA	NA	NA	
144	chr2:37593767-37594274	3	NA	NA	-221	NA	NA	NA	
145	chr2:38293709-38294207	3	NA	NA	-25	NA	-148	NA	
146	chr2:65845877-65846273	2	NA	NA	NA	NA	NA	NA	
147	chr2:70675780-70676704	1	-347	NA	NA	NA	-392	NA	
148	chr2:80262489-80263065	3	NA	NA	209	NA	NA	351	
149	chr2:84579863-84580784	2	NA	NA	NA	NA	NA	NA	
150	chr2:98462929-98463961	2	NA	NA	NA	NA	NA	NA	
151	chr2:98466950-98468313	2	NA	NA	NA	NA	NA	NA	
152	chr2:104326422-104326932	2	NA	NA	NA	NA	NA	NA	
153	chr2:117034052-117034623	3	NA	NA	514	NA	NA	-331	
154	chr2:118942201-118942891	1	-268	134	NA	NA	NA	NA	
155	chr2:118979737-118980443	1	-514	NA	NA	NA	NA	NA	
156	chr2:153217149-153217865	3	NA	628	NA	NA	327	-247	
157	chr2:157258762-157259369	2	NA	NA	NA	NA	NA	NA	
158	chr2:158100548-158101312	2	NA	NA	NA	NA	NA	NA	
159	chr2:167578972-167579448	3	NA	NA	-162	NA	NA	278	
160	chr2:170194522-170195043	1	-276	-228	NA	35	NA	NA	
161	chr2:181846625-181847434	2	NA	NA	NA	NA	NA	NA	
162	chr3:52966229-52966809	1	-238	-307	NA	NA	-167	NA	
163	chr3:56663271-56663681	2	NA	NA	NA	NA	NA	NA	
164	chr3:89958063-89958718	1	270	NA	NA	NA	466	NA	
165	chr3:96665260-96666201	1	-179	724	NA	NA	NA	NA	
166	chr3:107924572-107925196	1	-257	NA	NA	NA	NA	NA	
167	chr3:109324309-109324904	2	NA	NA	NA	NA	NA	NA	
168	chr3:126826614-126827447	1	-519	380	NA	682	NA	NA	
169	chr3:127755015-127755843	2	NA	NA	NA	NA	NA	NA	
170	chr3:136680046-136680862	3	NA	553	-57	168	NA	NA	
171	chr4:16090973-16091493	2	NA	NA	NA	NA	NA	NA	
172	chr4:32616412-32617225	1	338	NA	NA	-309	NA	NA	
173	chr4:63984012-63984382	2	NA	NA	NA	NA	NA	NA	
174	chr4:69864482-69864755	2	NA	NA	NA	NA	NA	NA	
175	chr4:87505686-87506215	3	NA	NA	175	NA	-143	NA	
176	chr4:100665417-100666293	2	NA	NA	NA	NA	NA	NA	
177	chr4:102209371-102210241	2	NA	NA	NA	NA	NA	NA	
178	chr4:116975974-116976664	3	NA	NA	598	NA	NA	NA	
179	chr4:120483941-120484702	1	-336	437	NA	NA	NA	NA	
180	chr4:125605762-125606487	3	NA	NA	58	NA	493	-386	
181	chr4:135332186-135332481	1	143	NA	NA	NA	NA	NA	
182	chr5:2999879-3002720	2	NA	NA	NA	NA	NA	NA	
183	chr5:20922938-20923479	1	-318	NA	NA	NA	NA	NA	
184	chr5:65614599-65614890	3	NA	84	159	NA	NA	NA	
185	chr5:72451736-72452199	2	NA	NA	NA	NA	NA	NA	
186	chr5:99739819-99740642	3	NA	-783	NA	NA	NA	NA	
187	chr5:105925213-105925733	3	NA	NA	180	NA	NA	213	
188	chr5:107535406-107536158	3	NA	-119	NA	NA	NA	NA	
189	chr5:111080072-111080554	1	-417	NA	NA	NA	NA	NA	
190	chr5:113931504-113932117	2	NA	NA	NA	NA	NA	NA	
191	chr5:114900498-114900854	1	126	-316	NA	NA	NA	NA	
192	chr5:138017044-138017774	1	360	401	NA	NA	NA	NA	
193	chr5:138887064-138887932	2	NA	NA	NA	NA	NA	NA	
194	chr5:139635703-139636371	3	NA	-480	-447	NA	NA	284	
195	chr5:146564914-146565732	2	NA	NA	NA	NA	NA	NA	
196	chr6:22299145-22300111	3	NA	NA	548	NA	NA	591	
197	chr6:41483560-41484175	3	NA	NA	304	NA	601	NA	
198	chr6:50346312-50347226	3	NA	NA	-632	NA	NA	NA	
199	chr6:82887059-82887868	3	NA	NA	605	NA	-268	NA	
200	chr6:87507541-87508280	2	NA	NA	NA	NA	NA	NA	
201	chr6:98957869-98958615	1	659	-682	NA	NA	NA	NA	
202	chr6:103614677-103615208	2	NA	NA	NA	NA	NA	NA	
203	chr6:124715721-124716488	1	510	NA	NA	NA	NA	NA	
204	chr6:140582661-140583333	2	NA	NA	NA	NA	NA	NA	
205	chr6:142874566-142875347	2	NA	NA	NA	NA	NA	NA	
206	chr6:143448247-143448538	2	NA	NA	NA	NA	NA	NA	
207	chr6:144627485-144628192	1	-275	NA	NA	-179	-262	NA	
208	chr7:15107437-15108187	1	-661	NA	NA	NA	NA	NA	
209	chr7:27642021-27642590	1	331	NA	NA	NA	NA	NA	
210	chr7:28091616-28092165	3	NA	NA	NA	NA	NA	-296	
211	chr7:28843157-28843775	2	NA	NA	NA	NA	NA	NA	
212	chr7:45378170-45378868	3	NA	538	453	NA	428	NA	
213	chr7:45459955-45460620	2	NA	NA	NA	NA	NA	NA	
214	chr7:67944245-67944875	2	NA	NA	NA	NA	NA	NA	
215	chr7:89882241-89882812	1	-318	NA	NA	NA	NA	NA	
216	chr7:110223126-110223883	1	41	NA	NA	NA	NA	NA	
217	chr7:114270709-114271789	3	NA	NA	628	NA	NA	479	
218	chr7:125263193-125263754	1	-389	-471	NA	316	NA	NA	
219	chr8:18863700-18864409	1	365	NA	NA	180	NA	NA	
220	chr8:24560844-24561472	2	NA	NA	NA	NA	NA	NA	
221	chr8:26739623-26740148	1	400	NA	86	NA	NA	NA	
222	chr8:27119284-27120036	2	NA	NA	NA	NA	NA	NA	
223	chr8:37662390-37663098	3	NA	NA	NA	NA	-387	-442	
224	chr8:73602383-73603191	1	-321	NA	NA	438	NA	NA	
225	chr8:108155588-108156379	2	NA	NA	NA	NA	NA	NA	
226	chr8:114482228-114482870	1	-433	-138	NA	NA	NA	NA	
227	chr8:118271658-118272375	1	349	NA	NA	NA	NA	NA	
228	chr8:125169965-125171088	3	NA	746	-727	NA	NA	NA	
229	chr8:127608056-127608718	1	361	NA	NA	NA	NA	NA	
230	chr8:130848661-130849522	1	821	NA	NA	738	NA	NA	
231	chr9:21199954-21200829	1	-557	-298	NA	-846	NA	NA	
232	chr9:24292320-24292667	2	NA	NA	NA	NA	NA	NA	
233	chr9:32810190-32811196	1	-525	43	NA	NA	NA	NA	
234	chr9:35054745-35055295	2	NA	NA	NA	NA	NA	NA	
235	chr9:44288655-44289439	1	-13	NA	NA	248	-219	NA	
236	chr9:57664560-57665271	2	NA	NA	NA	NA	NA	NA	
237	chr9:60796844-60797427	3	NA	NA	NA	NA	93	NA	
238	chr9:63518829-63519421	3	NA	NA	362	NA	NA	-191	
239	chr9:63536164-63536742	2	NA	NA	NA	NA	NA	NA	
240	chr9:66718328-66718862	1	333	484	NA	NA	29	NA	
241	chr9:68833530-68834353	1	252	NA	NA	NA	175	-447	
242	chr9:72264394-72264682	1	155	NA	NA	NA	NA	NA	
243	chr9:75195785-75196662	3	NA	401	704	NA	NA	443	
244	chr9:85210246-85211249	1	-843	29	NA	-231	NA	NA	
245	chr9:100331404-100331968	1	219	123	NA	510	NA	NA	
246	chr9:107136568-107137167	3	NA	-446	NA	NA	NA	298	
247	chr9:107147611-107148252	2	NA	NA	NA	NA	NA	NA	
248	chr9:110530301-110530814	3	NA	NA	-473	NA	NA	-229	
249	chr9:119592533-119593099	2	NA	NA	NA	NA	NA	NA	
250	chr9:119879098-119879479	2	NA	NA	NA	NA	NA	NA	
251	chr9:119923130-119923715	2	NA	NA	NA	NA	NA	NA	
252	chr9:119940332-119941120	2	NA	NA	NA	NA	NA	NA	
253	chr9:120006807-120007177	3	NA	NA	-227	NA	NA	NA	
254	chrX:38587943-38588780	1	-424	-156	NA	NA	NA	NA	
255	chrX:73676122-73676707	2	NA	NA	NA	NA	NA	NA	
256	chrX:98234436-98235044	2	NA	NA	NA	NA	NA	NA	
257	chrX:138729250-138729574	2	NA	NA	NA	NA	NA	NA	
