1	chr1:6444461-6445024	1	-87	NA	NA	
2	chr1:12629828-12630163	2	NA	NA	NA	
3	chr1:20897659-20898179	2	NA	NA	NA	
4	chr1:24565752-24570512	2	NA	NA	NA	
5	chr1:33827673-33828119	1	-166	NA	NA	
6	chr1:33935382-33935689	1	-43	NA	NA	
7	chr1:36705078-36705319	1	62	NA	NA	
8	chr1:36864999-36865484	1	157	NA	NA	
9	chr1:38828275-38828810	1	-86	NA	NA	
10	chr1:40419949-40420853	1	80	NA	NA	
11	chr1:51538036-51538916	1	-19	NA	NA	
12	chr1:53739433-53740194	2	NA	NA	NA	
13	chr1:53758976-53759337	2	NA	NA	NA	
14	chr1:53796690-53797314	1	-146	NA	NA	
15	chr1:53853708-53854162	1	-141	NA	NA	
16	chr1:54604848-54605573	1	129	NA	NA	
17	chr1:59420088-59420592	3	-180	112	NA	
18	chr1:60721432-60721997	1	102	NA	NA	
19	chr1:60855254-60855972	1	56	NA	NA	
20	chr1:60990896-60991515	2	NA	NA	NA	
21	chr1:62809849-62810188	3	NA	-155	NA	
22	chr1:63599662-63600195	1	14	NA	NA	
23	chr1:69276609-69277228	1	-81	NA	NA	
24	chr1:69394173-69395042	2	NA	NA	NA	
25	chr1:79438085-79438811	2	NA	NA	NA	
26	chr1:80092808-80093413	3	-79	33	NA	
27	chr1:80241401-80242155	2	NA	NA	NA	
28	chr1:82748238-82748850	2	NA	NA	NA	
29	chr1:87637808-87638250	1	-65	NA	NA	
30	chr1:87793279-87793905	3	78	-66	NA	
31	chr1:89730881-89731306	2	NA	NA	NA	
32	chr1:90306523-90307017	2	NA	NA	NA	
33	chr1:97485858-97486465	1	-57	NA	NA	
34	chr1:127329620-127330116	1	-167	NA	NA	
35	chr1:127331516-127331926	2	NA	NA	NA	
36	chr1:129069683-129070126	1	102	NA	NA	
37	chr1:130226487-130227084	2	NA	NA	NA	
38	chr1:130275178-130275560	1	71	NA	NA	
39	chr1:130305797-130306272	2	NA	NA	NA	
40	chr1:133031997-133032539	3	-49	-32	NA	
41	chr1:133518867-133519310	1	-122	NA	NA	
42	chr1:134692928-134693556	1	137	NA	NA	
43	chr1:138416907-138417286	1	-114	NA	NA	
44	chr1:140756062-140756590	1	-122	NA	NA	
45	chr1:140792079-140792817	3	-156	-174	NA	
46	chr1:145768515-145769503	1	-187	NA	NA	
47	chr1:145795582-145796177	3	-127	-156	NA	
48	chr1:145838680-145839430	1	112	NA	NA	
49	chr1:153735255-153735861	1	101	NA	NA	
50	chr1:153846989-153847363	3	-44	182	NA	
51	chr1:154847532-154847943	2	NA	NA	NA	
52	chr1:159084488-159085062	1	-114	NA	NA	
53	chr1:162208394-162208800	1	183	NA	NA	
54	chr1:163146007-163146613	3	54	-40	NA	
55	chr1:163507538-163508308	1	-9	NA	NA	
56	chr1:165909640-165910185	2	NA	NA	NA	
57	chr1:165919619-165920124	2	NA	NA	NA	
58	chr1:165971838-165972551	2	NA	NA	NA	
59	chr1:165973238-165973818	1	110	NA	NA	
60	chr1:167681672-167681941	1	NA	NA	-122	
61	chr1:173608825-173609402	2	NA	NA	NA	
62	chr1:173681951-173682472	2	NA	NA	NA	
63	chr1:173851833-173852411	3	-72	-102	NA	
64	chr1:175877439-175878340	2	NA	NA	NA	
65	chr1:181006332-181006870	1	52	NA	NA	
66	chr1:182753782-182754099	1	-95	NA	NA	
67	chr1:192803180-192803874	1	50	NA	NA	
68	chr1:192894319-192894853	1	-141	NA	NA	
69	chr1:194211326-194211746	1	153	NA	NA	
70	chr1:196942233-196942689	2	NA	NA	NA	
71	chr10:7229345-7229699	2	NA	NA	NA	
72	chr10:7529535-7529982	2	NA	NA	NA	
73	chr10:13688878-13689620	1	-75	NA	NA	
74	chr10:17550417-17550923	1	127	NA	NA	
75	chr10:17831540-17832140	3	185	90	NA	
76	chr10:18915909-18916466	1	-63	NA	NA	
77	chr10:19193755-19194378	1	91	NA	NA	
78	chr10:19255110-19255874	2	NA	NA	NA	
79	chr10:19628462-19629186	2	NA	NA	NA	
80	chr10:19871440-19872075	2	NA	NA	NA	
81	chr10:20790071-20790520	1	-13	NA	70	
82	chr10:23980779-23981432	1	-131	NA	NA	
83	chr10:30239147-30239674	2	NA	NA	NA	
84	chr10:39680386-39680887	1	166	NA	-147	
85	chr10:40401619-40401950	1	-84	NA	NA	
86	chr10:41399911-41400477	3	34	-49	NA	
87	chr10:44134467-44134765	2	NA	NA	NA	
88	chr10:44509751-44510606	1	-70	NA	NA	
89	chr10:53309862-53310469	1	-24	NA	NA	
90	chr10:66348650-66349270	2	NA	NA	NA	
91	chr10:70794477-70795127	1	117	NA	NA	
92	chr10:74878192-74878703	1	-114	NA	NA	
93	chr10:75986710-75987265	3	-41	22	NA	
94	chr10:79398712-79399163	1	-123	NA	NA	
95	chr10:79629990-79630314	1	127	NA	NA	
96	chr10:79836776-79837569	1	-56	NA	NA	
97	chr10:80913342-80913758	1	-120	NA	NA	
98	chr10:82434093-82434685	1	111	NA	NA	
99	chr10:89109097-89109596	1	-190	NA	NA	
100	chr10:92500432-92500890	1	51	NA	NA	
101	chr10:92553969-92554517	1	-138	NA	NA	
102	chr10:92592311-92592678	1	176	NA	NA	
103	chr10:92765669-92766215	1	45	NA	NA	
104	chr10:92773010-92773541	2	NA	NA	NA	
105	chr10:93451472-93452180	1	-2	NA	NA	
106	chr10:95427417-95428459	2	NA	NA	NA	
107	chr10:95507147-95507577	3	-121	141	NA	
108	chr10:96029562-96030014	2	NA	NA	NA	
109	chr10:98624079-98624674	3	-54	37	NA	
110	chr10:115891092-115891353	2	NA	NA	NA	
111	chr10:117246678-117247276	1	-155	NA	NA	
112	chr10:117263976-117264522	1	39	NA	NA	
113	chr10:117321241-117321960	3	-191	174	NA	
114	chr10:117575217-117576161	1	107	NA	NA	
115	chr10:117851751-117852302	1	-49	NA	NA	
116	chr10:117884546-117885023	1	79	NA	NA	
117	chr10:120667008-120667449	3	-14	61	NA	
118	chr10:122130298-122130745	2	NA	NA	NA	
119	chr10:127162527-127162848	1	69	NA	NA	
120	chr10:127907392-127908075	1	-98	NA	NA	
121	chr10:128066267-128066864	1	27	NA	NA	
122	chr10:129725538-129726077	1	-108	NA	NA	
123	chr11:3101716-3102276	1	162	NA	NA	
124	chr11:4103068-4103865	2	NA	NA	NA	
125	chr11:5197615-5198177	2	NA	NA	NA	
126	chr11:5409475-5409971	1	132	NA	NA	
127	chr11:11421844-11422340	2	NA	NA	NA	
128	chr11:11464080-11464717	1	69	NA	NA	
129	chr11:11621179-11621805	1	158	NA	NA	
130	chr11:11625499-11625971	2	NA	NA	NA	
131	chr11:11720257-11721067	2	NA	NA	NA	
132	chr11:20148669-20149124	1	-116	NA	NA	
133	chr11:21002522-21003357	2	NA	NA	NA	
134	chr11:21081558-21082028	1	-41	NA	NA	
135	chr11:21120536-21121244	1	-189	NA	NA	
136	chr11:22526058-22526680	1	174	NA	NA	
137	chr11:22592331-22593309	2	NA	NA	NA	
138	chr11:22745148-22745551	1	-71	NA	NA	
139	chr11:32623320-32623700	1	-47	NA	NA	
140	chr11:33838678-33839875	2	NA	NA	NA	
141	chr11:34011713-34012383	1	-110	NA	NA	
142	chr11:45638023-45638520	3	-168	-30	NA	
143	chr11:46204286-46204821	1	-188	NA	NA	
144	chr11:46232654-46233271	1	107	NA	NA	
145	chr11:46264518-46264888	1	-26	NA	NA	
146	chr11:49977393-49978088	2	NA	NA	NA	
147	chr11:52157563-52158086	2	NA	NA	NA	
148	chr11:53479622-53479900	2	NA	NA	NA	
149	chr11:53498458-53499182	1	-97	NA	NA	
150	chr11:53983311-53984274	2	NA	NA	NA	
151	chr11:54083290-54083609	1	-97	NA	NA	
152	chr11:54280725-54281151	1	-138	NA	NA	
153	chr11:54710078-54710640	1	48	NA	NA	
154	chr11:58645829-58646285	1	53	NA	NA	
155	chr11:61808922-61809409	2	NA	NA	NA	
156	chr11:65610846-65611761	1	-188	NA	NA	
157	chr11:67379405-67380052	1	-23	NA	NA	
158	chr11:68680522-68681009	1	-125	NA	NA	
159	chr11:69085855-69086325	1	-130	NA	NA	
160	chr11:69182702-69183246	2	NA	NA	NA	
161	chr11:70682226-70682759	2	NA	NA	NA	
162	chr11:71815900-71816360	1	159	NA	NA	
163	chr11:72952749-72953307	1	186	NA	NA	
164	chr11:75996035-75996581	1	191	NA	NA	
165	chr11:77218741-77219173	1	-81	NA	NA	
166	chr11:77941723-77942227	1	-97	NA	NA	
167	chr11:78352315-78352958	2	NA	NA	NA	
168	chr11:79070706-79071145	1	66	NA	NA	
169	chr11:80198610-80199140	2	NA	NA	NA	
170	chr11:82856891-82857662	2	NA	NA	NA	
171	chr11:83366151-83366747	3	135	-111	NA	
172	chr11:87567674-87568217	1	153	NA	NA	
173	chr11:87575373-87576453	2	NA	NA	NA	
174	chr11:94816695-94817027	1	64	NA	NA	
175	chr11:95505056-95505533	2	NA	NA	NA	
176	chr11:96975178-96975682	2	NA	NA	NA	
177	chr11:97625951-97626310	2	NA	NA	NA	
178	chr11:97842317-97842846	1	-36	NA	NA	
179	chr11:98286168-98286783	1	78	NA	NA	
180	chr11:98412084-98412498	1	12	NA	NA	
181	chr11:98498278-98498604	1	-124	NA	NA	
182	chr11:104366804-104367308	1	56	NA	NA	
183	chr11:108727029-108727525	1	12	NA	103	
184	chr11:109236657-109237283	1	-76	NA	NA	
185	chr11:115445732-115446216	2	NA	NA	NA	
186	chr11:115454688-115455268	2	NA	NA	NA	
187	chr11:115562665-115563122	1	71	NA	NA	
188	chr11:117415014-117415558	1	-158	NA	NA	
189	chr11:119291954-119292542	1	32	NA	NA	
190	chr12:3109868-3110227	2	NA	NA	NA	
191	chr12:3264424-3264896	1	126	NA	NA	
192	chr12:4749470-4750167	1	129	NA	NA	
193	chr12:12572303-12572792	1	131	NA	NA	
194	chr12:17058181-17058723	1	63	NA	NA	
195	chr12:21697824-21698354	1	-122	NA	NA	
196	chr12:26041839-26042258	3	-87	67	NA	
197	chr12:26575922-26576516	2	NA	NA	NA	
198	chr12:29431960-29432631	2	NA	NA	NA	
199	chr12:32884674-32885240	1	120	NA	NA	
200	chr12:33767122-33767529	1	60	NA	NA	
201	chr12:36665598-36666372	3	32	18	NA	
202	chr12:55109532-55109953	1	71	NA	NA	
203	chr12:55234981-55235580	3	112	-152	NA	
204	chr12:55968034-55968635	3	-2	23	NA	
205	chr12:56753885-56754315	1	-156	NA	NA	
206	chr12:65983836-65984468	2	NA	NA	NA	
207	chr12:70429330-70429952	1	-112	NA	NA	
208	chr12:70456263-70456831	2	NA	NA	NA	
209	chr12:70997260-70997814	3	-114	-97	NA	
210	chr12:74516924-74517901	2	NA	NA	NA	
211	chr12:74611021-74611826	1	-55	NA	NA	
212	chr12:74698106-74698478	2	NA	NA	NA	
213	chr12:74736190-74736581	1	150	NA	NA	
214	chr12:74761170-74761719	1	82	NA	NA	
215	chr12:78032201-78032935	3	35	-99	NA	
216	chr12:80348600-80348982	1	-93	NA	NA	
217	chr12:81713521-81714234	2	NA	NA	NA	
218	chr12:85766667-85767018	1	149	NA	NA	
219	chr12:86595252-86595678	1	118	NA	NA	
220	chr12:87834002-87834709	1	126	NA	NA	
221	chr12:88067790-88068189	1	-57	NA	NA	
222	chr12:97457140-97457708	1	36	NA	NA	
223	chr12:98647777-98648434	1	-122	NA	NA	
224	chr12:99910893-99911441	2	NA	NA	NA	
225	chr12:100034751-100035195	2	NA	NA	NA	
226	chr12:101395162-101395694	3	62	40	NA	
227	chr12:103126081-103126523	1	104	NA	NA	
228	chr12:103732333-103733029	2	NA	NA	NA	
229	chr12:103747895-103748314	2	NA	NA	NA	
230	chr12:110945195-110945717	1	102	NA	NA	
231	chr12:113615862-113616273	3	-81	38	NA	
232	chr12:116670966-116671453	2	NA	NA	NA	
233	chr12:116696306-116697249	2	NA	NA	NA	
234	chr12:118834732-118835337	1	181	NA	NA	
235	chr13:3372054-3372550	2	NA	NA	NA	
236	chr13:4255992-4256479	1	-142	NA	NA	
237	chr13:5714070-5714672	1	-55	NA	NA	
238	chr13:5766903-5767537	1	89	NA	NA	
239	chr13:5778531-5779132	1	12	NA	NA	
240	chr13:5843978-5844844	1	-15	NA	NA	
241	chr13:6108255-6109443	2	NA	NA	NA	
242	chr13:6251262-6251724	2	NA	NA	NA	
243	chr13:8456032-8456573	3	76	-168	NA	
244	chr13:9010875-9011207	2	NA	NA	NA	
245	chr13:9011274-9011513	2	NA	NA	NA	
246	chr13:13406279-13406833	1	158	NA	NA	
247	chr13:20099562-20100005	3	-182	-90	NA	
248	chr13:22864970-22865378	1	-51	NA	NA	
249	chr13:24218815-24219224	3	-54	-16	NA	
250	chr13:30266701-30267285	2	NA	NA	NA	
251	chr13:30268101-30268591	2	NA	NA	NA	
252	chr13:30754969-30755616	1	97	NA	NA	
253	chr13:30803541-30804062	1	-22	NA	NA	
254	chr13:34871695-34872443	1	-82	NA	NA	
255	chr13:36815327-36816508	2	NA	NA	NA	
256	chr13:36973064-36973560	1	44	NA	NA	
257	chr13:40934810-40935398	2	NA	NA	NA	
258	chr13:43909885-43910321	2	NA	NA	NA	
259	chr13:45052172-45052609	2	NA	NA	NA	
260	chr13:51779843-51780531	3	-71	-91	NA	
261	chr13:51982631-51983127	1	86	NA	NA	
262	chr13:52733856-52734391	2	NA	NA	NA	
263	chr13:52819807-52820545	2	NA	NA	NA	
264	chr13:52995178-52995654	3	16	37	NA	
265	chr13:62889739-62890275	1	-80	NA	NA	
266	chr13:63334069-63334626	1	-68	NA	NA	
267	chr13:67426171-67426946	3	-140	-93	NA	
268	chr13:69048585-69049059	1	-191	NA	NA	
269	chr13:77902350-77902733	2	NA	NA	NA	
270	chr13:85599687-85600632	1	-129	NA	183	
271	chr13:94871809-94872342	2	NA	NA	NA	
272	chr13:95895298-95896054	2	NA	NA	NA	
273	chr13:97087763-97088500	1	-70	NA	NA	
274	chr13:97969381-97970129	2	NA	NA	NA	
275	chr13:98291147-98291430	2	NA	NA	NA	
276	chr13:100510709-100511158	1	-138	NA	NA	
277	chr13:100890858-100891411	2	NA	NA	NA	
278	chr13:102648170-102648424	1	93	NA	NA	
279	chr13:114191712-114192620	1	74	NA	50	
280	chr13:114700667-114701363	3	-79	92	NA	
281	chr13:115309474-115310260	1	109	NA	NA	
282	chr13:116016720-116017180	3	-112	66	NA	
283	chr14:13466562-13467015	1	-76	NA	NA	
284	chr14:17613817-17614360	2	NA	NA	NA	
285	chr14:18753119-18753831	2	NA	NA	NA	
286	chr14:19574031-19574527	1	120	NA	NA	
287	chr14:19755803-19756316	2	NA	NA	NA	
288	chr14:19962870-19963441	3	89	54	NA	
289	chr14:20328239-20328716	2	NA	NA	NA	
290	chr14:29918761-29919301	1	-44	NA	NA	
291	chr14:30196360-30196999	2	NA	NA	NA	
292	chr14:30262278-30262878	1	45	NA	NA	
293	chr14:35145741-35146712	2	NA	NA	NA	
294	chr14:47344180-47344613	1	-17	NA	-41	
295	chr14:53185280-53185958	1	-63	NA	NA	
296	chr14:54557847-54558287	1	-81	NA	NA	
297	chr14:55047311-55047810	1	-126	NA	NA	
298	chr14:58568328-58568564	1	-138	NA	NA	
299	chr14:60615750-60616101	1	55	NA	NA	
300	chr14:61072715-61073225	1	2	NA	NA	
301	chr14:61752807-61753503	1	105	NA	NA	
302	chr14:61803749-61804276	1	98	NA	NA	
303	chr14:61881996-61882663	3	-78	-15	NA	
304	chr14:63838836-63839375	1	102	NA	NA	
305	chr14:64284377-64285012	2	NA	NA	NA	
306	chr14:66988598-66989166	1	-103	NA	NA	
307	chr14:74054320-74054962	1	85	NA	NA	
308	chr14:77170109-77170538	2	NA	NA	NA	
309	chr14:85972776-85973262	1	44	NA	NA	
310	chr14:121122735-121123205	1	65	NA	NA	
311	chr15:5393326-5394077	1	-136	NA	NA	
312	chr15:9500557-9501005	3	-86	69	NA	
313	chr15:9525275-9526102	2	NA	NA	NA	
314	chr15:9605942-9606702	2	NA	NA	NA	
315	chr15:12036731-12037218	2	NA	NA	NA	
316	chr15:25246446-25247088	2	NA	NA	NA	
317	chr15:38481924-38482327	2	NA	NA	NA	
318	chr15:39184779-39185288	1	-156	NA	NA	
319	chr15:51653070-51653670	2	NA	NA	NA	
320	chr15:61987516-61988073	2	NA	NA	NA	
321	chr15:62219750-62220264	2	NA	NA	NA	
322	chr15:62592968-62593384	1	173	NA	NA	
323	chr15:62636563-62636968	2	NA	NA	NA	
324	chr15:62666636-62667077	2	NA	NA	NA	
325	chr15:64065220-64065608	2	NA	NA	NA	
326	chr15:66299216-66299628	1	121	NA	NA	
327	chr15:66532386-66532988	1	107	NA	NA	
328	chr15:66629519-66630053	1	-107	NA	NA	
329	chr15:66824144-66824656	2	NA	NA	NA	
330	chr15:66958606-66958838	1	-110	NA	NA	
331	chr15:72989121-72989655	3	NA	9	NA	
332	chr15:74820460-74820800	1	-175	NA	NA	
333	chr15:74913130-74914403	2	NA	NA	NA	
334	chr15:77798181-77798557	1	159	NA	NA	
335	chr15:78322153-78322772	1	-70	NA	NA	
336	chr15:78750740-78751382	3	NA	187	NA	
337	chr15:79173452-79173908	1	-84	NA	NA	
338	chr15:79907738-79908115	1	-181	NA	NA	
339	chr15:80408483-80408899	1	-150	NA	NA	
340	chr15:80645782-80646143	2	NA	NA	NA	
341	chr15:80762174-80762558	3	-34	-72	NA	
342	chr15:81026527-81027108	1	-136	NA	NA	
343	chr15:81983457-81983952	2	NA	NA	NA	
344	chr15:85217666-85218163	2	NA	NA	NA	
345	chr15:97200982-97201761	1	124	NA	NA	
346	chr15:98820356-98820973	1	-66	NA	NA	
347	chr15:99631414-99631860	1	-105	NA	NA	
348	chr15:100495731-100496137	1	-105	NA	NA	
349	chr15:101026147-101026405	3	-50	-180	NA	
350	chr16:4498998-4499392	1	132	NA	-151	
351	chr16:4697818-4698212	3	-65	-24	NA	
352	chr16:10586021-10586506	1	85	NA	NA	
353	chr16:10882930-10883244	1	-125	NA	NA	
354	chr16:11198540-11198943	3	-57	-42	NA	
355	chr16:17862907-17863379	1	-64	NA	NA	
356	chr16:20104916-20105367	3	154	-180	NA	
357	chr16:21585820-21586210	2	NA	NA	NA	
358	chr16:22346889-22347403	3	163	138	NA	
359	chr16:24066237-24066766	1	-97	NA	NA	
360	chr16:24518434-24518822	1	-51	NA	NA	
361	chr16:32083066-32083342	1	99	NA	NA	
362	chr16:33607726-33608243	2	NA	NA	NA	
363	chr16:34585194-34585738	1	15	NA	NA	
364	chr16:43609399-43610082	1	103	NA	NA	
365	chr16:44611213-44611533	1	164	NA	NA	
366	chr16:44944508-44945134	3	189	-120	NA	
367	chr16:45861379-45862038	3	-109	124	NA	
368	chr16:48705961-48706451	1	48	NA	NA	
369	chr16:48729007-48729519	3	-86	27	NA	
370	chr16:49710486-49710973	1	-93	NA	NA	
371	chr16:49718392-49718848	1	-86	NA	NA	
372	chr16:50124280-50124766	1	-27	NA	NA	
373	chr16:50217969-50218490	2	NA	NA	NA	
374	chr16:51231866-51232593	1	-76	NA	NA	
375	chr16:52000897-52001739	3	-149	-134	NA	
376	chr16:59412117-59412640	1	-60	NA	NA	
377	chr16:64700693-64701187	1	-129	NA	NA	
378	chr16:76432100-76432511	3	120	-158	NA	
379	chr16:76442299-76442790	1	178	NA	NA	
380	chr16:76561128-76561943	2	NA	NA	NA	
381	chr16:78119425-78120075	1	10	NA	41	
382	chr16:84595553-84596031	1	98	NA	NA	
383	chr16:89737738-89738664	1	166	NA	NA	
384	chr16:89861899-89862453	3	-58	117	NA	
385	chr16:89874675-89875171	1	-155	NA	NA	
386	chr16:91359299-91359700	2	NA	NA	NA	
387	chr16:91379600-91380167	1	-85	NA	NA	
388	chr16:91423200-91423661	1	-37	NA	NA	
389	chr16:92542651-92543177	1	-129	NA	NA	
390	chr16:95858988-95859639	2	NA	NA	NA	
391	chr17:5758205-5758850	1	131	NA	NA	
392	chr17:7013441-7014103	1	5	NA	71	
393	chr17:8089858-8090291	3	-25	-47	NA	
394	chr17:12623812-12624252	2	NA	NA	NA	
395	chr17:16042821-16043306	1	-43	NA	NA	
396	chr17:17101655-17102421	1	-143	NA	NA	
397	chr17:23290916-23291575	1	166	NA	NA	
398	chr17:24190802-24191357	2	NA	NA	NA	
399	chr17:24911737-24912203	2	NA	NA	NA	
400	chr17:28340039-28340854	1	47	NA	NA	
401	chr17:28838725-28839059	1	-126	NA	NA	
402	chr17:29706873-29707433	1	-116	NA	NA	
403	chr17:30948795-30949373	2	NA	NA	NA	
404	chr17:30952590-30953179	1	-119	NA	NA	
405	chr17:33236199-33236495	1	81	NA	NA	
406	chr17:34676208-34676729	1	166	NA	NA	
407	chr17:34782657-34782965	1	55	NA	NA	
408	chr17:35631659-35632200	2	NA	NA	NA	
409	chr17:35839211-35839923	1	-102	NA	-8	
410	chr17:36617133-36617825	2	NA	NA	NA	
411	chr17:36793695-36794109	2	NA	NA	NA	
412	chr17:39450950-39454978	2	NA	NA	NA	
413	chr17:43923118-43923758	2	NA	NA	NA	
414	chr17:44020112-44020782	1	34	NA	NA	
415	chr17:46567287-46567707	2	NA	NA	NA	
416	chr17:46756377-46756794	3	76	-89	NA	
417	chr17:47754824-47755233	3	-145	-1	NA	
418	chr17:50873297-50873877	1	-92	NA	NA	
419	chr17:51501139-51501612	3	175	-81	NA	
420	chr17:51627118-51628238	1	-113	NA	NA	
421	chr17:56745319-56746005	1	-151	NA	NA	
422	chr17:64647440-64647948	1	-147	NA	NA	
423	chr17:65640930-65641545	2	NA	NA	NA	
424	chr17:70878479-70878919	1	-45	NA	NA	
425	chr17:74584075-74584690	1	29	NA	NA	
426	chr17:80409372-80409773	2	NA	NA	NA	
427	chr17:83220674-83221201	3	-145	-184	NA	
428	chr17:83871546-83871945	2	NA	NA	NA	
429	chr17:84024389-84025015	1	-121	NA	NA	
430	chr17:84241129-84241697	2	NA	NA	NA	
431	chr17:86788643-86789157	3	69	-114	NA	
432	chr17:88387268-88387853	1	-93	NA	NA	
433	chr18:3005061-3006100	1	-173	NA	NA	
434	chr18:4366551-4367091	3	-154	175	NA	
435	chr18:4546637-4547238	2	NA	NA	NA	
436	chr18:24055895-24056478	1	-91	NA	NA	
437	chr18:24236095-24236588	3	-93	-128	NA	
438	chr18:39208756-39209593	2	NA	NA	NA	
439	chr18:40433950-40434379	2	NA	NA	NA	
440	chr18:50134170-50134726	2	NA	NA	NA	
441	chr18:50149368-50150031	3	130	-15	NA	
442	chr18:55096222-55096822	3	-174	-0	NA	
443	chr18:56064744-56064995	1	-60	NA	NA	
444	chr18:57182144-57182590	2	NA	NA	NA	
445	chr18:65530725-65531064	1	NA	NA	75	
446	chr18:67405791-67406246	3	-153	18	NA	
447	chr18:67850177-67850765	2	NA	NA	NA	
448	chr18:74393771-74394454	1	68	NA	NA	
449	chr18:75502778-75503185	3	-148	176	NA	
450	chr18:80900381-80900740	3	113	185	NA	
451	chr18:82024763-82025180	2	NA	NA	NA	
452	chr18:82355496-82355947	1	88	NA	NA	
453	chr18:82638116-82638574	2	NA	NA	NA	
454	chr18:85832100-85832511	2	NA	NA	NA	
455	chr18:89339994-89340990	2	NA	NA	NA	
456	chr19:4119495-4120147	1	-114	NA	NA	
457	chr19:4878580-4879296	1	83	NA	NA	
458	chr19:5724298-5724703	1	-168	NA	NA	
459	chr19:9122678-9123149	3	-33	43	NA	
460	chr19:11160657-11161277	2	NA	NA	NA	
461	chr19:11583700-11584485	1	118	NA	NA	
462	chr19:12093511-12094300	1	-77	NA	34	
463	chr19:12608777-12609291	1	43	NA	NA	
464	chr19:16196864-16197267	3	-170	-180	NA	
465	chr19:17331663-17332270	1	79	NA	NA	
466	chr19:18837875-18838914	2	NA	NA	NA	
467	chr19:21932789-21933273	1	-122	NA	NA	
468	chr19:23390205-23390842	2	NA	NA	NA	
469	chr19:23424426-23424785	2	NA	NA	NA	
470	chr19:25051069-25051433	3	-51	180	NA	
471	chr19:25089804-25090296	1	-129	NA	NA	
472	chr19:29251661-29252062	1	-90	NA	NA	
473	chr19:29519718-29520432	1	49	NA	NA	
474	chr19:31276505-31276885	3	84	115	NA	
475	chr19:32339947-32340500	1	62	NA	NA	
476	chr19:33432697-33433256	2	NA	NA	NA	
477	chr19:34185771-34186563	2	NA	NA	NA	
478	chr19:34365219-34365654	1	-33	NA	NA	
479	chr19:38118734-38119406	2	NA	NA	NA	
480	chr19:38466398-38466860	1	17	NA	NA	
481	chr19:45703205-45703495	2	NA	NA	NA	
482	chr19:45843761-45844124	1	-36	NA	NA	
483	chr19:59455207-59455688	2	NA	NA	NA	
484	chr19:61138717-61139215	1	44	NA	NA	
485	chr19:61254182-61254572	2	NA	NA	NA	
486	chr2:3251017-3251363	3	-126	92	NA	
487	chr2:3566307-3566905	1	-167	NA	NA	
488	chr2:5532332-5532807	1	-100	NA	NA	
489	chr2:6226633-6227161	2	NA	NA	NA	
490	chr2:6637613-6638424	1	-122	NA	NA	
491	chr2:8787826-8788266	1	91	NA	NA	
492	chr2:9482230-9482693	2	NA	NA	NA	
493	chr2:11534602-11535143	3	NA	136	NA	
494	chr2:13372185-13372557	2	NA	NA	NA	
495	chr2:16282414-16283018	1	-89	NA	NA	
496	chr2:17807213-17807701	1	-51	NA	NA	
497	chr2:22440058-22441462	1	-40	NA	NA	
498	chr2:22512701-22513164	2	NA	NA	NA	
499	chr2:26575177-26575900	3	-108	-188	NA	
500	chr2:26850493-26850957	1	68	NA	NA	
501	chr2:30416746-30417207	2	NA	NA	NA	
502	chr2:30936937-30937373	1	-120	NA	NA	
503	chr2:32317112-32317613	1	-147	NA	NA	
504	chr2:35151055-35151484	1	-53	NA	NA	
505	chr2:35244324-35244853	1	-77	NA	NA	
506	chr2:35803799-35804317	2	NA	NA	NA	
507	chr2:37593739-37594212	1	107	NA	NA	
508	chr2:38293772-38294304	1	39	NA	NA	
509	chr2:38827699-38827947	2	NA	NA	NA	
510	chr2:43988575-43989084	1	-31	NA	NA	
511	chr2:44994619-44994941	1	53	NA	NA	
512	chr2:46129699-46130052	1	-56	NA	NA	
513	chr2:48294985-48295382	1	-100	NA	NA	
514	chr2:52774331-52774892	2	NA	NA	NA	
515	chr2:57940090-57940693	2	NA	NA	NA	
516	chr2:57994218-57994797	1	-126	NA	NA	
517	chr2:60646149-60646677	2	NA	NA	NA	
518	chr2:61130211-61130614	1	-165	NA	NA	
519	chr2:65949458-65950141	1	76	NA	NA	
520	chr2:65985475-65986331	1	-42	NA	NA	
521	chr2:68231303-68231685	2	NA	NA	NA	
522	chr2:70675833-70676459	3	180	126	NA	
523	chr2:72083347-72084129	1	-109	NA	NA	
524	chr2:72658392-72659083	1	-116	NA	NA	
525	chr2:80262528-80263247	3	44	119	NA	
526	chr2:83523612-83524314	1	-54	NA	NA	
527	chr2:83546142-83546501	2	NA	NA	NA	
528	chr2:84580010-84580640	1	-116	NA	NA	
529	chr2:90244551-90245022	3	-90	-175	NA	
530	chr2:90365476-90365887	3	68	-46	NA	
531	chr2:102592240-102592685	1	21	NA	NA	
532	chr2:102632419-102632972	3	165	103	NA	
533	chr2:102782390-102782966	1	122	NA	NA	
534	chr2:103436307-103437047	1	90	NA	NA	
535	chr2:104326409-104326935	1	-33	NA	NA	
536	chr2:104618308-104619089	1	43	NA	NA	
537	chr2:117034077-117034601	1	147	NA	NA	
538	chr2:118554484-118554876	1	-94	NA	NA	
539	chr2:118941999-118942768	1	189	NA	NA	
540	chr2:124423848-124424400	3	-178	188	NA	
541	chr2:125427166-125427731	1	105	NA	NA	
542	chr2:127808972-127809402	2	NA	NA	NA	
543	chr2:127895253-127896053	3	NA	165	NA	
544	chr2:128069002-128069597	2	NA	NA	NA	
545	chr2:128191168-128191853	1	-41	NA	NA	
546	chr2:131114106-131114548	3	-127	21	NA	
547	chr2:139362484-139363045	2	NA	NA	NA	
548	chr2:153217161-153217521	1	-112	NA	NA	
549	chr2:156838752-156839592	3	28	-117	NA	
550	chr2:157258610-157259051	2	NA	NA	NA	
551	chr2:158100480-158101074	1	137	NA	NA	
552	chr2:162920376-162920930	1	-188	NA	NA	
553	chr2:165012746-165013328	1	NA	NA	29	
554	chr2:166347683-166348370	2	NA	NA	NA	
555	chr2:166445935-166446474	1	73	NA	NA	
556	chr2:167508438-167508751	1	-75	NA	NA	
557	chr2:167578979-167579460	1	-132	NA	NA	
558	chr2:170076087-170076489	2	NA	NA	NA	
559	chr2:180178310-180178910	1	-169	NA	NA	
560	chr2:181846661-181847553	1	NA	NA	102	
561	chr3:8229253-8229749	1	-156	NA	NA	
562	chr3:20414827-20415438	1	-133	NA	NA	
563	chr3:22130605-22131213	2	NA	NA	NA	
564	chr3:31289388-31289962	1	63	NA	NA	
565	chr3:37053475-37053998	2	NA	NA	NA	
566	chr3:37364755-37365258	1	-190	NA	124	
567	chr3:38299890-38300224	3	-97	74	NA	
568	chr3:52285976-52286434	1	-148	NA	NA	
569	chr3:52928163-52928666	1	42	NA	NA	
570	chr3:52966256-52966851	3	17	52	NA	
571	chr3:55167863-55168405	2	NA	NA	NA	
572	chr3:60560151-60560619	2	NA	NA	NA	
573	chr3:60689251-60690194	1	143	NA	NA	
574	chr3:60704026-60704492	1	-143	NA	NA	
575	chr3:61497509-61497953	2	NA	NA	NA	
576	chr3:69270015-69270644	2	NA	NA	NA	
577	chr3:69293208-69293670	3	-5	-125	NA	
578	chr3:69293775-69294333	1	-116	NA	NA	
579	chr3:79213794-79214151	1	-120	NA	NA	
580	chr3:84894692-84895293	1	104	NA	NA	
581	chr3:84934817-84935294	1	-30	NA	NA	
582	chr3:86575759-86576241	2	NA	NA	NA	
583	chr3:86923150-86923564	1	38	NA	NA	
584	chr3:87609482-87610314	1	19	NA	NA	
585	chr3:89958090-89958790	2	NA	NA	NA	
586	chr3:93633861-93634250	2	NA	NA	NA	
587	chr3:96665167-96665955	1	64	NA	NA	
588	chr3:96966888-96967489	1	153	NA	NA	
589	chr3:97296514-97297156	1	183	NA	NA	
590	chr3:101374296-101374676	1	-145	NA	NA	
591	chr3:101409419-101409728	2	NA	NA	NA	
592	chr3:105756073-105756731	1	-190	NA	NA	
593	chr3:106916450-106917162	1	-49	NA	-98	
594	chr3:107208682-107209245	1	121	NA	NA	
595	chr3:107924544-107925042	1	139	NA	NA	
596	chr3:107974854-107975376	1	161	NA	NA	
597	chr3:109294522-109295143	1	-59	NA	NA	
598	chr3:109324336-109324928	1	-50	NA	NA	
599	chr3:109480252-109480758	2	NA	NA	NA	
600	chr3:121539821-121540193	2	NA	NA	NA	
601	chr3:126653880-126654426	3	-63	40	NA	
602	chr3:126682940-126683466	1	-64	NA	NA	
603	chr3:126821636-126822232	1	-128	NA	NA	
604	chr3:126826713-126827296	3	9	88	NA	
605	chr3:135626144-135626695	1	-97	NA	NA	
606	chr3:135656352-135657091	1	108	NA	NA	
607	chr3:136493953-136494314	2	NA	NA	NA	
608	chr3:136680048-136680726	1	58	NA	NA	
609	chr3:144542352-144542705	1	96	NA	NA	
610	chr3:157873885-157874487	2	NA	NA	NA	
611	chr4:6828958-6829624	1	-153	NA	NA	
612	chr4:7839842-7840450	2	NA	NA	NA	
613	chr4:8590370-8590814	2	NA	NA	NA	
614	chr4:8993510-8994064	1	-15	NA	NA	
615	chr4:11648189-11648866	2	NA	NA	NA	
616	chr4:15913281-15913942	1	113	NA	NA	
617	chr4:32300419-32300941	1	93	NA	NA	
618	chr4:32616450-32617103	1	-75	NA	NA	
619	chr4:32619939-32620627	1	-176	NA	NA	
620	chr4:41027890-41028369	1	89	NA	NA	
621	chr4:41065224-41065724	1	63	NA	NA	
622	chr4:43918178-43918796	1	-65	NA	NA	
623	chr4:46409634-46410173	3	63	-43	NA	
624	chr4:46463591-46463988	2	NA	NA	NA	
625	chr4:46662278-46662620	3	164	123	NA	
626	chr4:63125955-63126583	1	-19	NA	NA	
627	chr4:69864401-69864718	2	NA	NA	NA	
628	chr4:79474295-79476534	2	NA	NA	NA	
629	chr4:82798804-82799419	1	146	NA	NA	
630	chr4:82825852-82826569	1	51	NA	NA	
631	chr4:86905120-86905991	3	183	-155	NA	
632	chr4:102180027-102180536	3	153	-170	NA	
633	chr4:102209217-102210299	1	65	NA	NA	
634	chr4:107847858-107848483	1	NA	NA	-25	
635	chr4:108485318-108485585	1	97	NA	NA	
636	chr4:115230950-115231382	2	NA	NA	NA	
637	chr4:115658060-115658528	1	-38	NA	NA	
638	chr4:116680049-116680374	1	-185	NA	NA	
639	chr4:116976009-116976616	3	-44	20	NA	
640	chr4:120483863-120484756	1	71	NA	NA	
641	chr4:120493378-120493753	1	54	NA	NA	
642	chr4:125605812-125606434	1	128	NA	NA	
643	chr4:128551909-128552334	2	NA	NA	NA	
644	chr4:128643027-128643631	1	-85	NA	NA	
645	chr4:129296346-129296637	2	NA	NA	NA	
646	chr4:133000180-133000781	1	NA	NA	-84	
647	chr4:133319585-133320083	1	118	NA	NA	
648	chr4:133378030-133378641	1	91	NA	NA	
649	chr4:134291181-134291726	1	-32	NA	NA	
650	chr4:135300642-135301182	1	-153	NA	NA	
651	chr4:135332087-135332462	1	148	NA	NA	
652	chr4:140219649-140220152	1	138	NA	NA	
653	chr4:141399464-141400021	1	39	NA	NA	
654	chr4:149401732-149402170	1	115	NA	NA	
655	chr4:149768061-149768456	1	-111	NA	NA	
656	chr4:153993983-153994483	1	-151	NA	NA	
657	chr5:7282641-7283012	2	NA	NA	NA	
658	chr5:8845567-8846129	2	NA	NA	NA	
659	chr5:20765385-20765885	1	-135	NA	NA	
660	chr5:20896897-20897153	1	-120	NA	NA	
661	chr5:20923095-20923541	3	-100	-188	NA	
662	chr5:24286913-24287428	1	-42	NA	NA	
663	chr5:32008858-32010216	2	NA	NA	NA	
664	chr5:44129492-44130028	1	-4	NA	NA	
665	chr5:53198162-53198688	1	84	NA	NA	
666	chr5:53681758-53682321	2	NA	NA	NA	
667	chr5:53777817-53778532	1	189	NA	NA	
668	chr5:53795465-53795970	2	NA	NA	NA	
669	chr5:53834585-53835097	2	NA	NA	NA	
670	chr5:53854435-53855663	1	24	NA	-122	
671	chr5:53882452-53882963	1	15	NA	NA	
672	chr5:62998857-62999476	2	NA	NA	NA	
673	chr5:63079045-63079652	1	-64	NA	NA	
674	chr5:65271620-65271951	1	116	NA	NA	
675	chr5:65407477-65408164	1	-115	NA	NA	
676	chr5:66152517-66152821	1	55	NA	NA	
677	chr5:66228601-66228944	2	NA	NA	NA	
678	chr5:66472466-66472858	2	NA	NA	NA	
679	chr5:93402528-93402950	1	110	NA	NA	
680	chr5:94208400-94208955	2	NA	NA	NA	
681	chr5:99739822-99740650	2	NA	NA	NA	
682	chr5:100741413-100742037	1	141	NA	NA	
683	chr5:105758479-105759018	1	69	NA	NA	
684	chr5:105925134-105925782	3	-69	43	NA	
685	chr5:107505145-107505887	1	48	NA	NA	
686	chr5:107535430-107536058	2	NA	NA	NA	
687	chr5:110334637-110335211	2	NA	NA	NA	
688	chr5:111080018-111080367	2	NA	NA	NA	
689	chr5:112504152-112504820	1	-127	NA	NA	
690	chr5:112511641-112512186	1	-47	NA	NA	
691	chr5:113801424-113801735	2	NA	NA	NA	
692	chr5:115183118-115183677	2	NA	NA	NA	
693	chr5:124335579-124336115	2	NA	NA	NA	
694	chr5:138887395-138887763	2	NA	NA	NA	
695	chr5:139635658-139636360	2	NA	NA	NA	
696	chr5:141314669-141315324	1	40	NA	NA	
697	chr5:143398125-143398387	3	86	-66	NA	
698	chr5:144146944-144147391	1	-77	NA	NA	
699	chr5:148708793-148709313	1	-140	NA	41	
700	chr6:15743156-15743787	3	158	-145	NA	
701	chr6:15748354-15749003	1	-43	NA	NA	
702	chr6:17551508-17552065	1	93	NA	NA	
703	chr6:22299494-22300024	1	-78	NA	NA	
704	chr6:28940109-28940709	3	-131	45	25	
705	chr6:34086335-34086700	1	39	NA	NA	
706	chr6:34908747-34909142	1	63	NA	NA	
707	chr6:38739798-38740173	3	82	163	NA	
708	chr6:42150614-42151253	2	NA	NA	NA	
709	chr6:48013088-48013514	3	157	-188	NA	
710	chr6:48609295-48609929	2	NA	NA	NA	
711	chr6:48662365-48662878	2	NA	NA	NA	
712	chr6:50346370-50347212	1	-0	NA	NA	
713	chr6:52045285-52045634	2	NA	NA	NA	
714	chr6:52401142-52401618	3	-73	-112	NA	
715	chr6:57464783-57465082	1	-92	NA	NA	
716	chr6:59114659-59115284	1	105	NA	NA	
717	chr6:59245572-59246198	2	NA	NA	NA	
718	chr6:67267454-67268012	1	-110	NA	NA	
719	chr6:71892201-71892688	2	NA	NA	NA	
720	chr6:72441902-72442275	1	79	NA	NA	
721	chr6:79747551-79747960	2	NA	NA	NA	
722	chr6:82837697-82838129	2	NA	NA	NA	
723	chr6:83414585-83415093	3	-111	-65	NA	
724	chr6:84622158-84622734	3	-111	-182	NA	
725	chr6:87006547-87007121	3	-104	-177	NA	
726	chr6:87507513-87508202	1	-78	NA	NA	
727	chr6:87534928-87535315	1	-25	NA	NA	
728	chr6:91020092-91020579	2	NA	NA	NA	
729	chr6:91090461-91090848	2	NA	NA	NA	
730	chr6:97172547-97173206	1	-2	NA	NA	
731	chr6:98958011-98958445	2	NA	NA	NA	
732	chr6:103614717-103615068	2	NA	NA	NA	
733	chr6:108304187-108304786	2	NA	NA	NA	
734	chr6:108572480-108573125	3	91	-77	NA	
735	chr6:108798751-108799371	1	34	NA	NA	
736	chr6:112914250-112914612	3	-165	45	NA	
737	chr6:113614899-113615209	1	-87	NA	NA	
738	chr6:113645201-113645756	3	136	-147	NA	
739	chr6:115494025-115494461	2	NA	NA	NA	
740	chr6:122235774-122236214	1	30	NA	NA	
741	chr6:124649304-124649808	1	-117	NA	NA	
742	chr6:124715930-124716593	1	-71	NA	NA	
743	chr6:125318792-125319325	1	92	NA	NA	
744	chr6:126961145-126961652	1	66	NA	NA	
745	chr6:129176044-129176538	3	-110	-89	NA	
746	chr6:129573803-129574609	2	NA	NA	NA	
747	chr6:134053262-134053976	1	-146	NA	NA	
748	chr6:140560934-140561417	3	70	48	NA	
749	chr6:140582678-140583357	1	132	NA	NA	
750	chr6:142346226-142346725	1	-73	NA	NA	
751	chr6:142767381-142768060	1	124	NA	NA	
752	chr6:144627558-144628237	2	NA	NA	NA	
753	chr6:144761645-144762128	3	NA	189	NA	
754	chr6:146034271-146034630	3	-93	-31	NA	
755	chr6:146162162-146162798	1	60	NA	NA	
756	chr6:146391206-146391775	1	-79	NA	NA	
757	chr6:146472923-146473642	1	122	NA	NA	
758	chr7:12209456-12209913	1	-17	NA	NA	
759	chr7:15107589-15108278	2	NA	NA	NA	
760	chr7:27642131-27642598	3	-89	66	NA	
761	chr7:27877489-27877960	1	45	NA	NA	
762	chr7:28091694-28092293	1	22	NA	NA	
763	chr7:28843383-28843683	1	-124	NA	-154	
764	chr7:29207799-29208335	1	-78	NA	NA	
765	chr7:43788028-43788441	1	20	NA	NA	
766	chr7:45378311-45378911	3	33	-88	NA	
767	chr7:45459798-45460599	2	NA	NA	NA	
768	chr7:51618071-51618777	1	-84	NA	NA	
769	chr7:58319797-58320439	2	NA	NA	NA	
770	chr7:66112017-66112685	1	-38	NA	NA	
771	chr7:68145183-68145739	1	-174	NA	NA	
772	chr7:72148882-72149427	3	167	-12	NA	
773	chr7:73486211-73486616	1	-14	NA	NA	
774	chr7:74571344-74571827	2	NA	NA	NA	
775	chr7:75800555-75801014	1	127	NA	NA	
776	chr7:84291428-84291966	2	NA	NA	NA	
777	chr7:89882158-89882889	1	-18	NA	NA	
778	chr7:90220186-90220633	1	87	NA	NA	
779	chr7:92009334-92009944	1	-71	NA	NA	
780	chr7:98549559-98549946	2	NA	NA	NA	
781	chr7:110223071-110224124	2	NA	NA	NA	
782	chr7:113210493-113210950	1	-67	NA	NA	
783	chr7:113952207-113952833	3	58	-29	NA	
784	chr7:114004583-114005266	3	-2	-21	NA	
785	chr7:114270850-114271761	1	39	NA	NA	
786	chr7:116275216-116275857	2	NA	NA	NA	
787	chr7:119971779-119972221	2	NA	NA	NA	
788	chr7:121922848-121923511	1	87	NA	NA	
789	chr7:125263191-125263797	1	191	NA	NA	
790	chr7:125303120-125303460	1	-45	NA	NA	
791	chr7:132240972-132241348	2	NA	NA	NA	
792	chr7:138981822-138982222	1	-171	NA	NA	
793	chr7:138997275-138997720	1	52	NA	NA	
794	chr7:140039645-140040119	1	-55	NA	NA	
795	chr7:140058200-140058665	2	NA	NA	NA	
796	chr7:140832977-140833489	2	NA	NA	NA	
797	chr7:143437899-143438507	2	NA	NA	NA	
798	chr8:15014098-15014867	2	NA	NA	NA	
799	chr8:15018915-15019561	2	NA	NA	NA	
800	chr8:18863679-18864321	1	-166	NA	NA	
801	chr8:24274719-24274989	2	NA	NA	NA	
802	chr8:26739444-26740084	1	-49	NA	NA	
803	chr8:27079798-27080453	1	151	NA	NA	
804	chr8:27089897-27090477	1	71	NA	NA	
805	chr8:27090711-27091383	1	151	NA	NA	
806	chr8:27119386-27120018	2	NA	NA	NA	
807	chr8:36204579-36205309	2	NA	NA	NA	
808	chr8:36950587-36951076	2	NA	NA	NA	
809	chr8:37055398-37055750	1	-85	NA	NA	
810	chr8:37662498-37663180	3	96	38	NA	
811	chr8:73478752-73479089	1	NA	NA	52	
812	chr8:73602386-73603098	1	65	NA	NA	
813	chr8:77978381-77978945	2	NA	NA	NA	
814	chr8:82574907-82575495	2	NA	NA	NA	
815	chr8:84398773-84399365	1	-174	NA	NA	
816	chr8:86996683-86997080	2	NA	NA	NA	
817	chr8:88514388-88514910	3	-115	-21	NA	
818	chr8:108155628-108156291	2	NA	NA	NA	
819	chr8:109512259-109512757	1	-40	NA	117	
820	chr8:113825912-113826422	1	-61	NA	102	
821	chr8:114482490-114482980	1	29	NA	NA	
822	chr8:114863077-114863472	1	-2	NA	-112	
823	chr8:119438066-119438659	3	-96	182	NA	
824	chr8:119562154-119562576	2	NA	NA	NA	
825	chr8:124734428-124734798	1	149	NA	NA	
826	chr8:125170364-125171227	3	-164	-136	NA	
827	chr8:127156924-127157355	1	-30	NA	NA	
828	chr8:127608004-127608696	1	-168	NA	NA	
829	chr8:127953622-127954173	1	63	NA	NA	
830	chr8:130848690-130849617	2	NA	NA	NA	
831	chr9:14745763-14746454	1	-152	NA	NA	
832	chr9:15300591-15301133	1	58	NA	NA	
833	chr9:22396689-22397382	3	-69	-80	NA	
834	chr9:24292335-24292689	2	NA	NA	NA	
835	chr9:32250936-32251481	1	-63	NA	NA	
836	chr9:32271525-32272253	2	NA	NA	NA	
837	chr9:32287202-32288134	2	NA	NA	NA	
838	chr9:32660403-32660862	1	-15	NA	NA	
839	chr9:32760683-32761333	1	51	NA	NA	
840	chr9:32810227-32811145	1	132	NA	NA	
841	chr9:36477077-36477640	1	42	NA	NA	
842	chr9:39956793-39957379	2	NA	NA	NA	
843	chr9:44288701-44289371	2	NA	NA	NA	
844	chr9:44774608-44774988	1	16	NA	NA	
845	chr9:45900422-45901179	2	NA	NA	NA	
846	chr9:50674419-50675023	1	-110	NA	NA	
847	chr9:55590921-55591728	1	-176	NA	NA	
848	chr9:56064488-56065079	1	-121	NA	NA	
849	chr9:56220406-56220844	1	103	NA	NA	
850	chr9:57138494-57138897	2	NA	NA	NA	
851	chr9:57664734-57665268	1	50	NA	NA	
852	chr9:58381493-58382117	1	-75	NA	NA	
853	chr9:60796896-60797491	2	NA	NA	NA	
854	chr9:61175762-61176149	1	91	NA	NA	
855	chr9:61467764-61468239	2	NA	NA	NA	
856	chr9:63518868-63519329	1	25	NA	NA	
857	chr9:63536371-63536708	1	-170	NA	NA	
858	chr9:64590587-64591213	2	NA	NA	NA	
859	chr9:68833600-68834313	1	124	NA	NA	
860	chr9:70890665-70891148	1	-6	NA	NA	
861	chr9:71896273-71897174	1	137	NA	NA	
862	chr9:75195883-75196541	3	-117	72	NA	
863	chr9:78172755-78173255	2	NA	NA	NA	
864	chr9:78233450-78233974	1	-5	NA	NA	
865	chr9:85210476-85211089	1	108	NA	NA	
866	chr9:88328096-88328584	1	161	NA	NA	
867	chr9:95098228-95098844	1	-108	NA	NA	
868	chr9:102630245-102630690	2	NA	NA	NA	
869	chr9:107153671-107154338	1	55	NA	NA	
870	chr9:107852516-107852849	1	132	NA	NA	
871	chr9:110530413-110530831	1	11	NA	NA	
872	chr9:114270168-114271009	2	NA	NA	NA	
873	chr9:114300267-114300881	1	-96	NA	NA	
874	chr9:114335306-114335758	1	30	NA	NA	
875	chr9:119878953-119879463	2	NA	NA	NA	
876	chr9:119923188-119923664	1	30	NA	NA	
877	chr9:120006738-120007297	1	81	NA	NA	
878	chr9:122037368-122037858	2	NA	NA	NA	
879	chr9:123656244-123657013	2	NA	NA	NA	
880	chr9:123684600-123685044	3	111	30	NA	
881	chr9:123816865-123817425	1	-167	NA	144	
882	chrX:22851397-22852066	1	-52	NA	NA	
883	chrX:32791071-32791710	1	-72	NA	NA	
884	chrX:38588210-38588632	1	49	NA	NA	
885	chrX:67739895-67740178	1	-55	NA	NA	
886	chrX:71896152-71897130	2	NA	NA	NA	
887	chrX:83490969-83491233	2	NA	NA	NA	
888	chrX:97932545-97933057	1	-77	NA	NA	
889	chrX:98234497-98234998	2	NA	NA	NA	
890	chrX:98262002-98262510	2	NA	NA	NA	
891	chrX:102824937-102825452	2	NA	NA	NA	
892	chrX:102907200-102907832	1	-172	NA	NA	
893	chrX:108487708-108488242	2	NA	NA	NA	
894	chrX:109198561-109198908	1	-164	NA	NA	
895	chrX:137635751-137636307	3	-141	84	NA	
896	chrX:137644918-137645393	2	NA	NA	NA	
897	chrX:138729267-138729548	2	NA	NA	NA	
898	chrX:161573627-161574280	1	144	NA	NA	
899	chrX:162620818-162621301	1	-37	NA	NA	
