Number of sequences: 1644
Number of programs: 5
Number of motifs: 15
Motif widths: 12 19 12 22 12 12 12 12 12 12 13 13 12 12 12 
Program 1: total 1139
 motif #1: 1121 of 1139 (0.984112 posterior)
 motif #2: 273 of 1139 (0.239730 posterior)
 motif #3: 206 of 1139 (0.180916 posterior)
 motif #4: 149 of 1139 (0.130881 posterior)
 motif #5: 89 of 1139 (0.078213 posterior)
 motif #6: 87 of 1139 (0.076457 posterior)
 motif #7: 77 of 1139 (0.067679 posterior)
 motif #8: 69 of 1139 (0.060657 posterior)
 motif #9: 75 of 1139 (0.065923 posterior)
 motif #10: 59 of 1139 (0.051879 posterior)
 motif #11: 37 of 1139 (0.032567 posterior)
 motif #12: 23 of 1139 (0.020277 posterior)
 motif #13: 47 of 1139 (0.041345 posterior)
 motif #14: 6 of 1139 (0.005355 posterior)
 motif #15: 19 of 1139 (0.016766 posterior)

Program 2: total 317

Program 3: total 118
 motif #1: 1 of 118 (0.009306 posterior)
 motif #2: 118 of 118 (0.999154 posterior)
 motif #6: 18 of 118 (0.153130 posterior)
 motif #7: 3 of 118 (0.026227 posterior)
 motif #9: 2 of 118 (0.017766 posterior)
 motif #10: 15 of 118 (0.127750 posterior)
 motif #12: 16 of 118 (0.136210 posterior)
 motif #14: 14 of 118 (0.119289 posterior)
 motif #15: 1 of 118 (0.009306 posterior)

Program 4: total 36
 motif #5: 11 of 36 (0.306630 posterior)
 motif #8: 10 of 36 (0.279006 posterior)
 motif #9: 1 of 36 (0.030387 posterior)
 motif #11: 20 of 36 (0.555249 posterior)
 motif #12: 1 of 36 (0.030387 posterior)
 motif #15: 1 of 36 (0.030387 posterior)

Program 5: total 34
 motif #4: 25 of 34 (0.733918 posterior)
 motif #5: 13 of 34 (0.383041 posterior)
 motif #12: 14 of 34 (0.412281 posterior)
 motif #13: 1 of 34 (0.032164 posterior)
 motif #14: 8 of 34 (0.236842 posterior)
 motif #15: 4 of 34 (0.119883 posterior)

Motif #1
total sequences 1122
A	[ 424.0	226.0	868.0	0.0	1117.0	1.0	920.0	865.0	236.0	558.0	579.0	244.0	]
C	[ 144.0	353.0	21.0	0.0	-0.0	0.0	-0.0	21.0	257.0	201.0	145.0	308.0	]
G	[ 306.0	410.0	0.0	1122.0	5.0	0.0	95.0	192.0	551.0	314.0	165.0	184.0	]
T	[ 248.0	133.0	233.0	-0.0	0.0	1121.0	107.0	44.0	78.0	49.0	233.0	386.0	]
Motif #2
total sequences 391
A	[ 84.0	127.0	104.0	126.0	135.0	84.0	57.0	45.0	273.0	0.0	40.0	-0.0	-0.0	-0.0	-0.0	9.0	0.0	31.0	44.0	]
C	[ 135.0	106.0	123.0	114.0	92.0	132.0	197.0	243.0	14.0	291.0	4.0	-0.0	384.0	391.0	-0.0	96.0	153.0	144.0	118.0	]
G	[ 91.0	39.0	66.0	57.0	41.0	104.0	31.0	59.0	56.0	-0.0	-0.0	5.0	7.0	-0.0	39.0	195.0	20.0	46.0	68.0	]
T	[ 81.0	119.0	98.0	94.0	123.0	71.0	106.0	44.0	48.0	100.0	347.0	386.0	-0.0	-0.0	352.0	91.0	218.0	170.0	161.0	]
Motif #3
total sequences 206
A	[ 39.0	104.0	2.0	206.0	-0.0	0.0	205.0	206.0	104.0	13.0	66.0	74.0	]
C	[ 99.0	50.0	170.0	-0.0	-0.0	10.0	1.0	-0.0	-0.0	89.0	62.0	76.0	]
G	[ 46.0	23.0	34.0	-0.0	206.0	196.0	-0.0	0.0	102.0	39.0	54.0	45.0	]
T	[ 22.0	29.0	-0.0	0.0	0.0	0.0	-0.0	-0.0	-0.0	65.0	24.0	11.0	]
Motif #4
total sequences 174
A	[ 21.0	50.0	28.0	18.0	12.0	31.0	3.0	14.0	13.0	12.0	16.0	1.0	26.0	62.0	21.0	10.0	37.0	47.0	28.0	46.0	45.0	39.0	]
C	[ 57.0	19.0	15.0	5.0	-0.0	5.0	10.0	14.0	8.0	-0.0	-0.0	-0.0	6.0	18.0	2.0	3.0	17.0	0.0	13.0	26.0	29.0	46.0	]
G	[ 67.0	64.0	108.0	132.0	151.0	138.0	139.0	18.0	153.0	161.0	152.0	173.0	118.0	44.0	130.0	159.0	112.0	101.0	106.0	80.0	61.0	72.0	]
T	[ 29.0	41.0	23.0	19.0	11.0	0.0	22.0	128.0	0.0	1.0	6.0	-0.0	24.0	50.0	21.0	2.0	8.0	26.0	27.0	22.0	39.0	17.0	]
Motif #5
total sequences 113
A	[ 98.0	51.0	40.0	52.0	113.0	112.0	63.0	8.0	19.0	81.0	44.0	108.0	]
C	[ 3.0	-0.0	-0.0	13.0	-0.0	1.0	40.0	105.0	72.0	7.0	46.0	2.0	]
G	[ 2.0	41.0	73.0	48.0	-0.0	-0.0	10.0	-0.0	16.0	13.0	16.0	1.0	]
T	[ 10.0	21.0	-0.0	-0.0	-0.0	-0.0	-0.0	-0.0	6.0	12.0	7.0	2.0	]
Motif #6
total sequences 105
A	[ 1.0	-0.0	0.0	10.0	7.0	4.0	14.0	-0.0	0.0	-0.0	3.0	0.0	]
C	[ 2.0	0.0	-0.0	0.0	-0.0	-0.0	1.0	0.0	-0.0	1.0	11.0	0.0	]
G	[ 59.0	13.0	17.0	0.0	44.0	61.0	18.0	17.0	4.0	17.0	68.0	15.0	]
T	[ 43.0	92.0	88.0	95.0	54.0	40.0	72.0	88.0	101.0	87.0	23.0	90.0	]
Motif #7
total sequences 80
A	[ 0.0	0.0	0.0	2.0	1.0	-0.0	0.0	-0.0	-0.0	0.0	-0.0	14.0	]
C	[ 39.0	36.0	12.0	18.0	70.0	70.0	22.0	0.0	80.0	80.0	12.0	49.0	]
G	[ 26.0	1.0	-0.0	8.0	9.0	-0.0	-0.0	19.0	-0.0	-0.0	-0.0	15.0	]
T	[ 15.0	43.0	68.0	52.0	0.0	10.0	58.0	61.0	0.0	0.0	68.0	2.0	]
Motif #8
total sequences 79
A	[ 2.0	-0.0	-0.0	-0.0	-0.0	6.0	-0.0	1.0	18.0	0.0	11.0	-0.0	]
C	[ -0.0	-0.0	-0.0	25.0	22.0	0.0	-0.0	21.0	9.0	12.0	2.0	1.0	]
G	[ -0.0	-0.0	26.0	51.0	-0.0	-0.0	2.0	-0.0	47.0	9.0	-0.0	7.0	]
T	[ 77.0	79.0	53.0	3.0	57.0	73.0	77.0	57.0	5.0	58.0	66.0	71.0	]
Motif #9
total sequences 78
A	[ 0.0	13.0	2.0	0.0	29.0	49.0	-0.0	5.0	50.0	46.0	0.0	0.0	]
C	[ 7.0	2.0	-0.0	-0.0	22.0	-0.0	-0.0	1.0	28.0	-0.0	-0.0	5.0	]
G	[ 51.0	42.0	76.0	73.0	27.0	29.0	78.0	72.0	-0.0	32.0	78.0	38.0	]
T	[ 20.0	21.0	-0.0	5.0	0.0	-0.0	-0.0	-0.0	-0.0	-0.0	-0.0	35.0	]
Motif #10
total sequences 74
A	[ 8.0	71.0	26.0	71.0	-0.0	73.0	21.0	74.0	9.0	73.0	12.0	70.0	]
C	[ 52.0	3.0	46.0	0.0	62.0	-0.0	35.0	-0.0	52.0	-0.0	62.0	-0.0	]
G	[ -0.0	-0.0	2.0	3.0	-0.0	1.0	1.0	-0.0	10.0	-0.0	-0.0	-0.0	]
T	[ 14.0	-0.0	-0.0	-0.0	12.0	-0.0	17.0	-0.0	3.0	1.0	-0.0	4.0	]
Motif #11
total sequences 57
A	[ 5.0	6.0	57.0	0.0	22.0	3.0	0.0	0.0	12.0	14.0	17.0	7.0	29.0	]
C	[ 30.0	39.0	0.0	1.0	0.0	0.0	1.0	0.0	38.0	0.0	30.0	18.0	11.0	]
G	[ 21.0	0.0	0.0	56.0	35.0	41.0	56.0	57.0	0.0	42.0	10.0	15.0	17.0	]
T	[ 1.0	12.0	0.0	0.0	0.0	13.0	0.0	0.0	7.0	1.0	0.0	17.0	0.0	]
Motif #12
total sequences 54
A	[ 18.0	22.0	1.0	54.0	1.0	48.0	34.0	3.0	54.0	0.0	0.0	22.0	9.0	]
C	[ 28.0	0.0	0.0	0.0	0.0	1.0	5.0	31.0	0.0	0.0	54.0	0.0	21.0	]
G	[ 0.0	0.0	53.0	0.0	0.0	0.0	14.0	13.0	0.0	0.0	0.0	11.0	12.0	]
T	[ 8.0	32.0	0.0	0.0	53.0	5.0	1.0	7.0	0.0	54.0	0.0	21.0	12.0	]
Motif #13
total sequences 48
A	[ 6.0	16.0	-0.0	-0.0	39.0	-0.0	-0.0	-0.0	-0.0	3.0	-0.0	-0.0	]
C	[ 32.0	3.0	1.0	11.0	-0.0	-0.0	2.0	-0.0	-0.0	-0.0	26.0	-0.0	]
G	[ 1.0	2.0	47.0	24.0	-0.0	10.0	46.0	0.0	48.0	45.0	14.0	5.0	]
T	[ 9.0	27.0	-0.0	13.0	9.0	38.0	-0.0	48.0	-0.0	-0.0	8.0	43.0	]
Motif #14
total sequences 28
A	[ 0.0	0.0	2.0	0.0	14.0	1.0	0.0	-0.0	9.0	0.0	0.0	0.0	]
C	[ 0.0	1.0	-0.0	4.0	0.0	0.0	11.0	-0.0	-0.0	3.0	2.0	0.0	]
G	[ 16.0	0.0	0.0	4.0	14.0	0.0	0.0	4.0	15.0	6.0	0.0	2.0	]
T	[ 12.0	27.0	26.0	20.0	0.0	27.0	17.0	24.0	4.0	19.0	26.0	26.0	]
Motif #15
total sequences 25
A	[ 1.0	-0.0	20.0	16.0	14.0	5.0	25.0	-0.0	-0.0	20.0	25.0	25.0	]
C	[ 23.0	25.0	5.0	9.0	-0.0	20.0	-0.0	2.0	-0.0	0.0	-0.0	-0.0	]
G	[ -0.0	-0.0	-0.0	-0.0	11.0	0.0	-0.0	16.0	23.0	-0.0	0.0	-0.0	]
T	[ 1.0	-0.0	-0.0	0.0	-0.0	0.0	-0.0	7.0	2.0	5.0	-0.0	-0.0	]
Motif #1; total sequences 1122; NNaGATAaNNaN / NtNNtTATCtNN
Motif #2; total sequences 391; NNNNNNccacTTCCTNtNN / NNaNAGGAAgtggNNNNNN
Motif #3; total sequences 206; NaCAGGAAaNNN / NNNtTTCCTGtN
Motif #4; total sequences 174; NNggGggtGGGGgNgGgggNNN / NNNcccCcNcCCCCaccCccNN
Motif #5; total sequences 113; ANgNAAaCcaNA / TNtgGtTTNcNT
Motif #6; total sequences 105; gTTTtgtTTTgT / AcAAAacaAAAc
Motif #7; total sequences 80; NtTtCCttCCTc / gAGGaaGGaAaN
Motif #8; total sequences 79; TTtgtTTtgtTT / AAacaAAacaAA
Motif #9; total sequences 78; ggGGNaGGaaGK / MCttCCtNCCcc
Motif #10; total sequences 74; cAcACANAcACA / TGTgTNTGTgTg
Motif #11; total sequences 57; ccAGggGGcgcNa / tNgcgCCccCTgg
Motif #12; total sequences 54; ctGATAacATCNN / NNGATgtTATCag
Motif #13; total sequences 48; ctGNAtGTGGcT / AgCCACaTNCag
Motif #14; total sequences 28; gTTtRTtTgtTT / AAacAaAYaAAc
Motif #15; total sequences 25; CCaaacAgGaAA / TTtCcTgtttGG

Full posterior for run 8 is 15705.534579
