Number of sequences: 6192
Number of programs: 4
Number of motifs: 5
Motif widths: 9 10 13 13 31 
Program 1: total 3258
 motif #1: 3258 of 3258 (0.999969 posterior)
 motif #2: 203 of 3258 (0.062335 posterior)
 motif #3: 129 of 3258 (0.039623 posterior)
 motif #5: 47 of 3258 (0.014456 posterior)

Program 2: total 1553
 motif #2: 1553 of 1553 (0.999936 posterior)
 motif #3: 3 of 1553 (0.001996 posterior)
 motif #4: 5 of 1553 (0.003284 posterior)
 motif #5: 25 of 1553 (0.016160 posterior)

Program 3: total 1312

Program 4: total 69
 motif #1: 66 of 69 (0.955202 posterior)
 motif #4: 69 of 69 (0.998555 posterior)

Motif #1
total sequences 3324
A	[ 366.0	488.0	1536.0	2.0	377.0	10.0	0.0	9.0	274.0	]
C	[ 1326.0	1482.0	703.0	2103.0	509.0	0.0	2976.0	3306.0	645.0	]
G	[ 458.0	576.0	671.0	0.0	-0.0	371.0	115.0	4.0	126.0	]
T	[ 1174.0	778.0	414.0	1219.0	2438.0	2943.0	233.0	5.0	2279.0	]
Motif #2
total sequences 1756
A	[ 422.0	1259.0	0.0	1756.0	-0.0	1465.0	1492.0	414.0	868.0	768.0	]
C	[ 596.0	32.0	-0.0	0.0	0.0	-0.0	65.0	396.0	345.0	218.0	]
G	[ 513.0	-0.0	1756.0	-0.0	0.0	123.0	199.0	831.0	455.0	303.0	]
T	[ 225.0	465.0	-0.0	-0.0	1756.0	168.0	-0.0	115.0	88.0	467.0	]
Motif #3
total sequences 132
A	[ 28.0	15.0	87.0	4.0	126.0	5.0	24.0	4.0	18.0	132.0	0.0	0.0	54.0	]
C	[ 15.0	50.0	2.0	0.0	6.0	0.0	0.0	45.0	0.0	0.0	0.0	132.0	0.0	]
G	[ 46.0	45.0	0.0	128.0	0.0	0.0	82.0	36.0	0.0	0.0	0.0	0.0	0.0	]
T	[ 43.0	22.0	43.0	0.0	0.0	127.0	26.0	47.0	114.0	0.0	132.0	0.0	78.0	]
Motif #4
total sequences 74
A	[ 40.0	0.0	74.0	0.0	48.0	40.0	0.0	17.0	72.0	-0.0	0.0	26.0	20.0	]
C	[ 3.0	-0.0	0.0	0.0	-0.0	-0.0	15.0	31.0	-0.0	0.0	74.0	0.0	15.0	]
G	[ 0.0	74.0	0.0	0.0	-0.0	31.0	45.0	11.0	2.0	0.0	0.0	0.0	35.0	]
T	[ 31.0	0.0	0.0	74.0	26.0	3.0	14.0	15.0	0.0	74.0	0.0	48.0	4.0	]
Motif #5
total sequences 72
A	[ 12.0	19.0	27.0	23.0	6.0	11.0	10.0	15.0	40.0	3.0	43.0	0.0	0.0	8.0	1.0	2.0	34.0	0.0	0.0	0.0	24.0	0.0	1.0	0.0	4.0	8.0	17.0	49.0	13.0	36.0	13.0	]
C	[ 12.0	21.0	7.0	7.0	10.0	24.0	33.0	18.0	10.0	24.0	0.0	22.0	41.0	0.0	71.0	70.0	36.0	50.0	72.0	3.0	-0.0	21.0	4.0	0.0	2.0	37.0	35.0	3.0	32.0	10.0	8.0	]
G	[ 33.0	7.0	17.0	33.0	28.0	24.0	12.0	13.0	14.0	14.0	20.0	44.0	0.0	58.0	0.0	0.0	2.0	0.0	0.0	0.0	37.0	51.0	0.0	72.0	57.0	0.0	13.0	15.0	16.0	6.0	21.0	]
T	[ 15.0	25.0	21.0	9.0	28.0	13.0	17.0	26.0	8.0	31.0	9.0	6.0	31.0	6.0	0.0	0.0	0.0	22.0	0.0	69.0	11.0	0.0	67.0	0.0	9.0	27.0	7.0	5.0	11.0	20.0	30.0	]
Motif #1; total sequences 3324; NNNctTCCt / aGGAagNNN
Motif #2; total sequences 1756; NaGATAANNN / NNNTTATCtN
Motif #3; total sequences 132; NNaGATgNTATCt / aGATANcATCtNN
Motif #4; total sequences 74; aGATaagNATCtN / NaGATNcttATCt
Motif #5; total sequences 72; NNNNNNNNaNagcGCCMcCTggTGgcNaNNN / NNNtNgcCAccAGgKGGCgctNtNNNNNNNN

Full posterior for run 0 is 23393.808118
