Number of sequences: 6497
Number of programs: 4
Number of motifs: 24
Motif widths: 15 14 16 12 15 12 12 17 15 17 12 14 17 12 12 19 17 13 15 16 12 11 20 12 
Program 1: total 5096
 motif #1: 3877 of 5096 (0.760783 posterior)
 motif #2: 2869 of 5096 (0.562988 posterior)
 motif #3: 1878 of 5096 (0.368529 posterior)
 motif #4: 980 of 5096 (0.192320 posterior)
 motif #5: 846 of 5096 (0.166026 posterior)
 motif #6: 591 of 5096 (0.115988 posterior)
 motif #7: 543 of 5096 (0.106570 posterior)
 motif #8: 440 of 5096 (0.086358 posterior)
 motif #9: 377 of 5096 (0.073996 posterior)
 motif #10: 287 of 5096 (0.056336 posterior)
 motif #11: 215 of 5096 (0.042208 posterior)
 motif #12: 202 of 5096 (0.039657 posterior)
 motif #13: 226 of 5096 (0.044366 posterior)
 motif #14: 218 of 5096 (0.042797 posterior)
 motif #15: 185 of 5096 (0.036321 posterior)
 motif #16: 195 of 5096 (0.038283 posterior)
 motif #17: 166 of 5096 (0.032593 posterior)
 motif #18: 149 of 5096 (0.029257 posterior)
 motif #19: 115 of 5096 (0.022585 posterior)
 motif #20: 95 of 5096 (0.018661 posterior)
 motif #21: 97 of 5096 (0.019053 posterior)
 motif #22: 109 of 5096 (0.021408 posterior)
 motif #23: 74 of 5096 (0.014540 posterior)
 motif #24: 52 of 5096 (0.010223 posterior)

Program 2: total 1056

Program 3: total 344
 motif #1: 1 of 344 (0.003196 posterior)
 motif #2: 1 of 344 (0.003196 posterior)
 motif #3: 2 of 344 (0.006101 posterior)
 motif #4: 27 of 344 (0.078733 posterior)
 motif #5: 1 of 344 (0.003196 posterior)
 motif #6: 139 of 344 (0.404126 posterior)
 motif #7: 2 of 344 (0.006101 posterior)
 motif #8: 1 of 344 (0.003196 posterior)
 motif #9: 1 of 344 (0.003196 posterior)
 motif #10: 57 of 344 (0.165892 posterior)
 motif #11: 81 of 344 (0.235619 posterior)
 motif #12: 82 of 344 (0.238524 posterior)
 motif #15: 29 of 344 (0.084544 posterior)
 motif #19: 4 of 344 (0.011912 posterior)
 motif #20: 23 of 344 (0.067112 posterior)
 motif #21: 15 of 344 (0.043870 posterior)
 motif #24: 2 of 344 (0.006101 posterior)

Program 4: total 1
 motif #2: 1 of 1 (0.916667 posterior)
 motif #6: 1 of 1 (0.916667 posterior)
 motif #12: 1 of 1 (0.916667 posterior)
 motif #14: 1 of 1 (0.916667 posterior)
 motif #18: 1 of 1 (0.916667 posterior)
 motif #21: 1 of 1 (0.916667 posterior)

Motif #1
total sequences 3878
A	[ 163.0	161.0	345.0	427.0	680.0	509.0	152.0	329.0	259.0	609.0	766.0	697.0	292.0	330.0	506.0	]
C	[ 350.0	269.0	88.0	385.0	981.0	557.0	89.0	45.0	1065.0	949.0	259.0	295.0	706.0	738.0	338.0	]
G	[ 133.0	630.0	437.0	1671.0	1146.0	68.0	0.0	691.0	677.0	263.0	328.0	792.0	331.0	142.0	122.0	]
T	[ 3232.0	2818.0	3008.0	1395.0	1071.0	2744.0	3637.0	2813.0	1877.0	2057.0	2525.0	2094.0	2549.0	2668.0	2912.0	]
Motif #2
total sequences 2871
A	[ 108.0	188.0	194.0	222.0	1119.0	62.0	46.0	144.0	360.0	309.0	1076.0	345.0	191.0	226.0	]
C	[ 2382.0	2238.0	2535.0	2264.0	276.0	2496.0	2656.0	2151.0	2150.0	2164.0	781.0	1665.0	2183.0	2009.0	]
G	[ 74.0	64.0	-0.0	-0.0	632.0	78.0	-0.0	-0.0	53.0	101.0	240.0	286.0	116.0	88.0	]
T	[ 307.0	381.0	142.0	385.0	844.0	235.0	169.0	576.0	308.0	297.0	774.0	575.0	381.0	548.0	]
Motif #3
total sequences 1880
A	[ 106.0	260.0	1046.0	-0.0	187.0	0.0	0.0	16.0	0.0	23.0	80.0	152.0	263.0	265.0	344.0	287.0	]
C	[ 1081.0	979.0	245.0	1424.0	25.0	0.0	1868.0	1864.0	33.0	472.0	680.0	739.0	536.0	721.0	594.0	599.0	]
G	[ 180.0	196.0	328.0	-0.0	-0.0	63.0	-0.0	-0.0	82.0	1020.0	135.0	260.0	224.0	318.0	296.0	358.0	]
T	[ 513.0	445.0	261.0	456.0	1668.0	1817.0	12.0	0.0	1765.0	365.0	985.0	729.0	857.0	576.0	646.0	636.0	]
Motif #4
total sequences 1007
A	[ 38.0	785.0	12.0	42.0	172.0	2.0	166.0	995.0	0.0	0.0	301.0	197.0	]
C	[ 125.0	59.0	37.0	322.0	420.0	222.0	1.0	-0.0	-0.0	1007.0	1.0	281.0	]
G	[ 840.0	31.0	3.0	256.0	222.0	57.0	0.0	12.0	0.0	-0.0	19.0	325.0	]
T	[ 4.0	132.0	955.0	387.0	193.0	726.0	840.0	-0.0	1007.0	0.0	686.0	204.0	]
Motif #5
total sequences 847
A	[ 232.0	231.0	201.0	111.0	439.0	59.0	750.0	-0.0	92.0	35.0	96.0	833.0	2.0	-0.0	319.0	]
C	[ 170.0	212.0	133.0	332.0	46.0	0.0	29.0	69.0	225.0	174.0	61.0	-0.0	-0.0	836.0	4.0	]
G	[ 206.0	185.0	249.0	248.0	23.0	788.0	18.0	4.0	358.0	95.0	10.0	14.0	-0.0	-0.0	25.0	]
T	[ 239.0	219.0	264.0	156.0	339.0	0.0	50.0	774.0	172.0	543.0	680.0	0.0	845.0	11.0	499.0	]
Motif #6
total sequences 731
A	[ 216.0	195.0	74.0	108.0	-0.0	661.0	0.0	-0.0	0.0	17.0	0.0	47.0	]
C	[ 193.0	191.0	336.0	261.0	588.0	48.0	254.0	158.0	-0.0	667.0	731.0	206.0	]
G	[ 86.0	13.0	145.0	28.0	32.0	22.0	93.0	0.0	0.0	-0.0	-0.0	-0.0	]
T	[ 236.0	332.0	176.0	334.0	111.0	-0.0	384.0	573.0	731.0	47.0	-0.0	478.0	]
Motif #7
total sequences 545
A	[ 170.0	401.0	-0.0	68.0	407.0	429.0	2.0	125.0	359.0	388.0	280.0	53.0	]
C	[ 117.0	0.0	1.0	-0.0	136.0	-0.0	0.0	145.0	136.0	0.0	0.0	123.0	]
G	[ 187.0	144.0	544.0	477.0	0.0	82.0	540.0	275.0	16.0	156.0	264.0	303.0	]
T	[ 71.0	-0.0	0.0	0.0	2.0	34.0	3.0	0.0	34.0	1.0	1.0	66.0	]
Motif #8
total sequences 441
A	[ 21.0	44.0	59.0	440.0	20.0	1.0	78.0	74.0	83.0	107.0	86.0	440.0	0.0	-0.0	96.0	87.0	95.0	]
C	[ 228.0	98.0	40.0	1.0	11.0	420.0	-0.0	139.0	137.0	116.0	205.0	-0.0	16.0	428.0	12.0	122.0	153.0	]
G	[ 95.0	18.0	0.0	-0.0	0.0	-0.0	20.0	96.0	68.0	59.0	84.0	0.0	14.0	0.0	0.0	134.0	62.0	]
T	[ 97.0	281.0	342.0	-0.0	410.0	20.0	343.0	132.0	153.0	159.0	66.0	1.0	411.0	13.0	333.0	98.0	131.0	]
Motif #9
total sequences 378
A	[ 142.0	75.0	236.0	94.0	77.0	114.0	168.0	-0.0	188.0	204.0	25.0	119.0	70.0	70.0	93.0	]
C	[ -0.0	31.0	2.0	1.0	0.0	249.0	0.0	-0.0	79.0	14.0	0.0	134.0	14.0	0.0	119.0	]
G	[ 236.0	270.0	20.0	283.0	301.0	15.0	47.0	378.0	81.0	112.0	353.0	52.0	124.0	308.0	144.0	]
T	[ -0.0	2.0	120.0	-0.0	0.0	0.0	163.0	0.0	30.0	48.0	-0.0	73.0	170.0	-0.0	22.0	]
Motif #10
total sequences 344
A	[ 39.0	72.0	18.0	62.0	344.0	0.0	-0.0	70.0	34.0	31.0	83.0	81.0	80.0	343.0	4.0	0.0	104.0	]
C	[ 123.0	117.0	61.0	23.0	-0.0	-0.0	340.0	4.0	145.0	123.0	70.0	109.0	149.0	0.0	4.0	337.0	-0.0	]
G	[ 56.0	58.0	7.0	-0.0	0.0	0.0	4.0	17.0	76.0	45.0	108.0	47.0	64.0	0.0	-0.0	7.0	15.0	]
T	[ 126.0	97.0	258.0	259.0	-0.0	344.0	-0.0	253.0	89.0	145.0	83.0	107.0	51.0	1.0	336.0	0.0	225.0	]
Motif #11
total sequences 296
A	[ 0.0	39.0	35.0	-0.0	0.0	-0.0	0.0	0.0	13.0	-0.0	32.0	38.0	]
C	[ 70.0	0.0	22.0	120.0	-0.0	0.0	287.0	296.0	0.0	95.0	39.0	19.0	]
G	[ 78.0	138.0	239.0	0.0	-0.0	0.0	9.0	-0.0	0.0	186.0	24.0	121.0	]
T	[ 148.0	119.0	0.0	176.0	296.0	296.0	0.0	-0.0	283.0	15.0	201.0	118.0	]
Motif #12
total sequences 285
A	[ 19.0	0.0	22.0	0.0	0.0	112.0	0.0	0.0	0.0	90.0	0.0	0.0	0.0	21.0	]
C	[ 91.0	162.0	0.0	285.0	285.0	173.0	167.0	285.0	1.0	9.0	101.0	36.0	1.0	26.0	]
G	[ 141.0	1.0	250.0	0.0	0.0	0.0	0.0	0.0	0.0	155.0	183.0	0.0	284.0	193.0	]
T	[ 34.0	122.0	13.0	0.0	0.0	0.0	118.0	0.0	284.0	31.0	1.0	249.0	0.0	45.0	]
Motif #13
total sequences 226
A	[ 3.0	14.0	24.0	25.0	-0.0	6.0	22.0	3.0	11.0	0.0	26.0	5.0	32.0	4.0	-0.0	-0.0	31.0	]
C	[ 18.0	15.0	23.0	0.0	3.0	21.0	1.0	-0.0	13.0	38.0	16.0	13.0	5.0	15.0	6.0	21.0	13.0	]
G	[ 172.0	30.0	165.0	-0.0	216.0	-0.0	196.0	-0.0	202.0	2.0	173.0	8.0	189.0	-0.0	204.0	1.0	172.0	]
T	[ 33.0	167.0	14.0	201.0	7.0	199.0	7.0	223.0	-0.0	186.0	11.0	200.0	-0.0	207.0	16.0	204.0	10.0	]
Motif #14
total sequences 219
A	[ 0.0	15.0	187.0	34.0	0.0	9.0	0.0	197.0	3.0	31.0	2.0	20.0	]
C	[ 0.0	-0.0	0.0	66.0	0.0	18.0	218.0	6.0	86.0	53.0	1.0	73.0	]
G	[ 0.0	204.0	0.0	36.0	215.0	-0.0	1.0	16.0	59.0	40.0	153.0	56.0	]
T	[ 219.0	0.0	32.0	83.0	4.0	192.0	-0.0	-0.0	71.0	95.0	63.0	70.0	]
Motif #15
total sequences 214
A	[ 76.0	0.0	214.0	-0.0	-0.0	23.0	56.0	23.0	144.0	43.0	115.0	40.0	]
C	[ 0.0	124.0	-0.0	6.0	1.0	0.0	0.0	129.0	14.0	1.0	35.0	54.0	]
G	[ 7.0	0.0	0.0	0.0	0.0	-0.0	113.0	0.0	-0.0	8.0	25.0	0.0	]
T	[ 131.0	90.0	0.0	208.0	213.0	191.0	45.0	62.0	56.0	162.0	39.0	120.0	]
Motif #16
total sequences 195
A	[ 137.0	149.0	111.0	168.0	140.0	50.0	146.0	137.0	86.0	187.0	133.0	36.0	148.0	195.0	108.0	140.0	139.0	112.0	136.0	]
C	[ 38.0	42.0	73.0	27.0	39.0	145.0	49.0	28.0	109.0	0.0	39.0	141.0	39.0	0.0	85.0	40.0	56.0	64.0	49.0	]
G	[ 10.0	4.0	-0.0	-0.0	16.0	0.0	-0.0	11.0	-0.0	8.0	23.0	-0.0	8.0	0.0	2.0	15.0	0.0	5.0	-0.0	]
T	[ 10.0	0.0	11.0	-0.0	-0.0	-0.0	-0.0	19.0	-0.0	0.0	-0.0	18.0	-0.0	0.0	-0.0	0.0	0.0	14.0	10.0	]
Motif #17
total sequences 166
A	[ 29.0	23.0	4.0	32.0	64.0	39.0	42.0	18.0	1.0	0.0	-0.0	0.0	-0.0	21.0	9.0	-0.0	-0.0	]
C	[ 78.0	38.0	48.0	48.0	7.0	37.0	-0.0	-0.0	-0.0	-0.0	166.0	-0.0	0.0	-0.0	7.0	166.0	121.0	]
G	[ 59.0	73.0	94.0	63.0	68.0	75.0	69.0	148.0	165.0	166.0	-0.0	159.0	126.0	145.0	150.0	-0.0	10.0	]
T	[ -0.0	32.0	20.0	23.0	27.0	15.0	55.0	0.0	0.0	-0.0	-0.0	7.0	40.0	-0.0	-0.0	0.0	35.0	]
Motif #18
total sequences 150
A	[ 50.0	0.0	69.0	40.0	66.0	0.0	77.0	140.0	150.0	31.0	17.0	120.0	32.0	]
C	[ 0.0	146.0	0.0	0.0	0.0	6.0	31.0	0.0	0.0	98.0	46.0	0.0	47.0	]
G	[ 30.0	0.0	0.0	0.0	64.0	144.0	0.0	0.0	0.0	21.0	0.0	7.0	29.0	]
T	[ 70.0	4.0	81.0	110.0	20.0	0.0	42.0	10.0	0.0	0.0	87.0	23.0	42.0	]
Motif #19
total sequences 119
A	[ 23.0	-0.0	12.0	-0.0	0.0	-0.0	2.0	119.0	-0.0	-0.0	20.0	0.0	-0.0	38.0	50.0	]
C	[ 29.0	19.0	32.0	57.0	108.0	0.0	12.0	0.0	0.0	119.0	-0.0	44.0	22.0	14.0	20.0	]
G	[ -0.0	31.0	-0.0	18.0	11.0	-0.0	0.0	0.0	-0.0	-0.0	3.0	34.0	-0.0	56.0	31.0	]
T	[ 67.0	69.0	75.0	44.0	-0.0	119.0	105.0	0.0	119.0	0.0	96.0	41.0	97.0	11.0	18.0	]
Motif #20
total sequences 118
A	[ 13.0	-0.0	1.0	1.0	-0.0	12.0	10.0	-0.0	0.0	-0.0	0.0	0.0	21.0	0.0	23.0	18.0	]
C	[ 30.0	76.0	5.0	16.0	0.0	-0.0	4.0	34.0	10.0	0.0	118.0	82.0	20.0	41.0	22.0	25.0	]
G	[ 13.0	14.0	-0.0	101.0	-0.0	105.0	104.0	2.0	-0.0	3.0	0.0	0.0	0.0	46.0	18.0	36.0	]
T	[ 62.0	28.0	112.0	-0.0	118.0	1.0	0.0	82.0	108.0	115.0	0.0	36.0	77.0	31.0	55.0	39.0	]
Motif #21
total sequences 113
A	[ 0.0	55.0	57.0	0.0	-0.0	0.0	9.0	16.0	-0.0	-0.0	0.0	-0.0	]
C	[ 72.0	50.0	7.0	1.0	92.0	103.0	104.0	94.0	0.0	113.0	113.0	110.0	]
G	[ 10.0	0.0	49.0	104.0	-0.0	0.0	-0.0	0.0	76.0	-0.0	-0.0	0.0	]
T	[ 31.0	8.0	0.0	8.0	21.0	10.0	0.0	3.0	37.0	-0.0	0.0	3.0	]
Motif #22
total sequences 109
A	[ 34.0	0.0	0.0	109.0	0.0	0.0	0.0	0.0	82.0	2.0	1.0	]
C	[ 25.0	53.0	109.0	0.0	95.0	11.0	0.0	0.0	0.0	94.0	93.0	]
G	[ 50.0	0.0	0.0	0.0	0.0	98.0	0.0	109.0	21.0	0.0	0.0	]
T	[ 0.0	56.0	0.0	0.0	14.0	0.0	109.0	0.0	6.0	13.0	15.0	]
Motif #23
total sequences 74
A	[ 13.0	9.0	24.0	9.0	0.0	9.0	4.0	1.0	3.0	11.0	0.0	5.0	0.0	0.0	0.0	38.0	0.0	0.0	10.0	8.0	]
C	[ 19.0	34.0	50.0	0.0	68.0	40.0	8.0	64.0	59.0	0.0	74.0	58.0	0.0	72.0	67.0	0.0	38.0	56.0	1.0	40.0	]
G	[ 32.0	17.0	0.0	58.0	0.0	9.0	62.0	0.0	0.0	61.0	0.0	1.0	74.0	0.0	0.0	36.0	0.0	18.0	40.0	11.0	]
T	[ 10.0	14.0	0.0	7.0	6.0	16.0	0.0	9.0	12.0	2.0	0.0	10.0	0.0	2.0	7.0	0.0	36.0	0.0	23.0	15.0	]
Motif #24
total sequences 54
A	[ 0.0	0.0	-0.0	0.0	0.0	0.0	-0.0	0.0	-0.0	0.0	-0.0	-0.0	]
C	[ -0.0	-0.0	-0.0	0.0	0.0	-0.0	-0.0	-0.0	-0.0	-0.0	-0.0	5.0	]
G	[ 0.0	25.0	1.0	54.0	2.0	54.0	-0.0	54.0	-0.0	49.0	1.0	43.0	]
T	[ 54.0	29.0	53.0	0.0	52.0	0.0	54.0	-0.0	54.0	5.0	53.0	6.0	]
Motif #1; total sequences 3878; TttNNtTtNtttttt / aaaaaaNaAaNNaaA
Motif #2; total sequences 2871; CcCcNCCcccNccc / gggNgggGGNgGgG
Motif #3; total sequences 1880; ccacTTCCTgtNNNNN / NNNNNacAGGAAgtgg
Motif #4; total sequences 1007; GaTNNtTATCtN / NaGATAaNNAtC
Motif #5; total sequences 847; NNNNaGATNtTATCt / aGATAaNATCtNNNN
Motif #6; total sequences 731; NNNNCAttTCCt / aGGAaaTGNNNN
Motif #7; total sequences 545; NaGGaaGgaaag / ctttcCttCCtN
Motif #8; total sequences 441; cttATCtNNNNATCtNN / NNaGATNNNNaGATaag
Motif #9; total sequences 378; ggaggcNGNaGNNGN / NCNNCtNCNgcctcc
Motif #10; total sequences 344; NNttATCtNNNNNATCt / aGATNNNNNaGATaaNN
Motif #11; total sequences 296; NNGtTTCCTgtN / NacAGGAAaCNN
Motif #12; total sequences 285; NcGCCccCTggTGg / cCAccAGggGGCgN
Motif #13; total sequences 226; gtgTGTGTGTgTGTGTg / cACACAcACACACAcac
Motif #14; total sequences 219; TGANGTCANNgN / NcNNTGACNTCA
Motif #15; total sequences 214; tcATTTgcatat / atatgcAAATga
Motif #16; total sequences 195; aaaAacaacAacaAaaaaa / tttttTtgtTgttgtTttt
Motif #17; total sequences 166; NNgNNNNGGGCGgGGCc / gGCCcCGCCCNNNNcNN
Motif #18; total sequences 150; NCttNGaAActaN / NtagTTtCNaaGN
Motif #19; total sequences 119; tttNCTTATCTNTNN / NNANAGATAAGNaaa
Motif #20; total sequences 118; tcTGTGGtTTCctNNN / NNNagGAAaCCACAga
Motif #21; total sequences 113; cMaGCCCCgCCC / GGGcGGGGCtKg
Motif #22; total sequences 109; NtCACGTGaCC / GGtCACGTGaN
Motif #23; total sequences 74; NNcgCcGCcGCcGCCaccgc / gcggtGGCgGCgGCgGcgNN
Motif #24; total sequences 54; TtTGTGTGTGTg / cACACACACAaA

Full posterior for run 8 is 87916.042132
