Number of sequences: 2908
Number of programs: 6
Number of motifs: 11
Motif widths: 16 12 13 15 14 14 33 15 30 12 23 
Program 1: total 1330
 motif #1: 1330 of 1330 (0.999925 posterior)
 motif #2: 21 of 1330 (0.015862 posterior)
 motif #3: 66 of 1330 (0.049692 posterior)
 motif #4: 157 of 1330 (0.118103 posterior)
 motif #5: 265 of 1330 (0.199293 posterior)
 motif #6: 120 of 1330 (0.090287 posterior)
 motif #7: 111 of 1330 (0.083521 posterior)
 motif #8: 18 of 1330 (0.013607 posterior)
 motif #9: 39 of 1330 (0.029394 posterior)
 motif #11: 18 of 1330 (0.013607 posterior)

Program 2: total 508
 motif #1: 164 of 508 (0.322904 posterior)
 motif #2: 508 of 508 (0.999803 posterior)
 motif #4: 77 of 508 (0.151712 posterior)
 motif #6: 52 of 508 (0.102519 posterior)
 motif #7: 20 of 508 (0.039551 posterior)
 motif #9: 9 of 508 (0.017906 posterior)
 motif #10: 10 of 508 (0.019874 posterior)

Program 3: total 423

Program 4: total 370
 motif #1: 89 of 370 (0.240681 posterior)
 motif #3: 370 of 370 (0.999730 posterior)
 motif #4: 34 of 370 (0.092112 posterior)
 motif #6: 30 of 370 (0.081307 posterior)
 motif #7: 18 of 370 (0.048892 posterior)
 motif #8: 1 of 370 (0.002971 posterior)
 motif #9: 10 of 370 (0.027283 posterior)
 motif #11: 2 of 370 (0.005673 posterior)

Program 5: total 143
 motif #1: 67 of 143 (0.468575 posterior)
 motif #3: 3 of 143 (0.021648 posterior)
 motif #4: 24 of 143 (0.168296 posterior)
 motif #7: 5 of 143 (0.035615 posterior)
 motif #8: 143 of 143 (0.999302 posterior)
 motif #9: 2 of 143 (0.014665 posterior)
 motif #10: 4 of 143 (0.028631 posterior)
 motif #11: 2 of 143 (0.014665 posterior)

Program 6: total 134
 motif #4: 61 of 134 (0.455291 posterior)
 motif #5: 60 of 134 (0.447839 posterior)
 motif #6: 6 of 134 (0.045455 posterior)
 motif #7: 14 of 134 (0.105067 posterior)
 motif #9: 6 of 134 (0.045455 posterior)
 motif #10: 11 of 134 (0.082712 posterior)
 motif #11: 3 of 134 (0.023100 posterior)

Motif #1
total sequences 1650
A	[ 601.0	595.0	681.0	655.0	826.0	436.0	1456.0	-0.0	204.0	1432.0	1319.0	567.0	312.0	463.0	667.0	547.0	]
C	[ 304.0	195.0	139.0	230.0	129.0	639.0	17.0	-0.0	172.0	114.0	0.0	80.0	249.0	217.0	161.0	288.0	]
G	[ 445.0	578.0	617.0	613.0	520.0	464.0	70.0	1567.0	1227.0	42.0	237.0	1003.0	331.0	757.0	681.0	535.0	]
T	[ 300.0	282.0	213.0	152.0	175.0	111.0	107.0	83.0	47.0	62.0	94.0	0.0	758.0	213.0	141.0	280.0	]
Motif #2
total sequences 529
A	[ 347.0	10.0	528.0	-0.0	433.0	364.0	132.0	198.0	505.0	32.0	-0.0	174.0	]
C	[ 18.0	-0.0	-0.0	-0.0	-0.0	37.0	131.0	142.0	0.0	31.0	469.0	14.0	]
G	[ -0.0	519.0	-0.0	-0.0	-0.0	109.0	196.0	163.0	23.0	9.0	49.0	13.0	]
T	[ 164.0	-0.0	1.0	529.0	96.0	19.0	70.0	26.0	1.0	457.0	11.0	328.0	]
Motif #3
total sequences 439
A	[ 147.0	76.0	167.0	139.0	83.0	328.0	-0.0	437.0	0.0	439.0	438.0	107.0	164.0	]
C	[ 71.0	78.0	75.0	26.0	171.0	10.0	0.0	0.0	0.0	0.0	0.0	84.0	94.0	]
G	[ 67.0	181.0	79.0	138.0	148.0	-0.0	439.0	2.0	-0.0	0.0	1.0	247.0	150.0	]
T	[ 154.0	104.0	118.0	136.0	37.0	101.0	0.0	0.0	439.0	0.0	0.0	1.0	31.0	]
Motif #4
total sequences 353
A	[ 152.0	212.0	216.0	283.0	312.0	147.0	160.0	220.0	286.0	297.0	249.0	-0.0	196.0	343.0	244.0	]
C	[ 50.0	39.0	69.0	63.0	18.0	131.0	98.0	65.0	67.0	-0.0	39.0	265.0	136.0	4.0	72.0	]
G	[ 47.0	76.0	13.0	7.0	0.0	52.0	42.0	38.0	-0.0	20.0	59.0	58.0	0.0	6.0	-0.0	]
T	[ 104.0	26.0	55.0	-0.0	23.0	23.0	53.0	30.0	0.0	36.0	6.0	30.0	21.0	0.0	37.0	]
Motif #5
total sequences 325
A	[ 77.0	195.0	0.0	325.0	0.0	283.0	228.0	56.0	325.0	37.0	-0.0	132.0	66.0	101.0	]
C	[ 113.0	17.0	-0.0	-0.0	17.0	-0.0	23.0	134.0	0.0	15.0	325.0	2.0	94.0	98.0	]
G	[ 94.0	1.0	325.0	0.0	0.0	-0.0	64.0	106.0	0.0	-0.0	-0.0	16.0	133.0	50.0	]
T	[ 41.0	112.0	0.0	0.0	308.0	42.0	10.0	29.0	-0.0	273.0	0.0	175.0	32.0	76.0	]
Motif #6
total sequences 208
A	[ 35.0	41.0	83.0	9.0	45.0	23.0	-0.0	4.0	84.0	14.0	0.0	12.0	-0.0	48.0	]
C	[ 29.0	51.0	11.0	16.0	2.0	2.0	0.0	-0.0	84.0	5.0	0.0	0.0	-0.0	96.0	]
G	[ 109.0	92.0	48.0	162.0	144.0	182.0	208.0	203.0	-0.0	188.0	208.0	196.0	208.0	31.0	]
T	[ 35.0	24.0	66.0	21.0	17.0	1.0	0.0	1.0	40.0	1.0	0.0	-0.0	0.0	33.0	]
Motif #7
total sequences 168
A	[ 32.0	55.0	35.0	42.0	25.0	38.0	23.0	30.0	29.0	44.0	17.0	8.0	14.0	26.0	19.0	54.0	9.0	-0.0	5.0	-0.0	38.0	59.0	50.0	7.0	0.0	46.0	19.0	83.0	12.0	27.0	14.0	41.0	22.0	]
C	[ 69.0	38.0	65.0	79.0	80.0	58.0	84.0	62.0	73.0	87.0	80.0	133.0	116.0	111.0	133.0	63.0	117.0	164.0	129.0	140.0	107.0	70.0	93.0	135.0	168.0	121.0	92.0	59.0	109.0	109.0	97.0	75.0	94.0	]
G	[ 37.0	10.0	34.0	25.0	20.0	0.0	32.0	25.0	28.0	12.0	25.0	4.0	-0.0	-0.0	-0.0	16.0	20.0	1.0	-0.0	2.0	7.0	18.0	0.0	15.0	-0.0	1.0	24.0	11.0	36.0	19.0	5.0	13.0	18.0	]
T	[ 30.0	65.0	34.0	22.0	43.0	72.0	29.0	51.0	38.0	25.0	46.0	23.0	38.0	31.0	16.0	35.0	22.0	3.0	34.0	26.0	16.0	21.0	25.0	11.0	0.0	0.0	33.0	15.0	11.0	13.0	52.0	39.0	34.0	]
Motif #8
total sequences 162
A	[ 97.0	1.0	162.0	0.0	11.0	46.0	27.0	56.0	27.0	119.0	0.0	158.0	0.0	130.0	113.0	]
C	[ 4.0	0.0	0.0	0.0	40.0	24.0	36.0	13.0	39.0	7.0	0.0	3.0	0.0	0.0	7.0	]
G	[ 0.0	161.0	0.0	0.0	81.0	41.0	56.0	74.0	68.0	0.0	162.0	1.0	0.0	0.0	36.0	]
T	[ 61.0	0.0	0.0	162.0	30.0	51.0	43.0	19.0	28.0	36.0	0.0	0.0	162.0	32.0	6.0	]
Motif #9
total sequences 66
A	[ 16.0	23.0	12.0	11.0	9.0	1.0	10.0	5.0	12.0	21.0	3.0	32.0	1.0	0.0	0.0	4.0	0.0	23.0	0.0	0.0	0.0	13.0	0.0	0.0	1.0	1.0	9.0	18.0	38.0	12.0	]
C	[ 24.0	13.0	23.0	8.0	7.0	10.0	16.0	33.0	14.0	16.0	10.0	0.0	17.0	39.0	0.0	62.0	66.0	42.0	42.0	66.0	0.0	0.0	17.0	10.0	0.0	0.0	30.0	27.0	6.0	16.0	]
G	[ 13.0	24.0	9.0	29.0	35.0	26.0	22.0	12.0	8.0	14.0	21.0	23.0	41.0	0.0	62.0	0.0	0.0	0.0	0.0	0.0	0.0	41.0	49.0	0.0	65.0	54.0	7.0	10.0	14.0	13.0	]
T	[ 13.0	6.0	22.0	18.0	15.0	29.0	18.0	16.0	32.0	15.0	32.0	11.0	7.0	27.0	4.0	0.0	0.0	1.0	24.0	0.0	66.0	12.0	0.0	56.0	0.0	11.0	20.0	11.0	8.0	25.0	]
Motif #10
total sequences 25
A	[ 21.0	1.0	2.0	17.0	9.0	1.0	2.0	-0.0	1.0	2.0	0.0	-0.0	]
C	[ -0.0	-0.0	-0.0	5.0	1.0	-0.0	-0.0	21.0	-0.0	0.0	2.0	9.0	]
G	[ -0.0	19.0	21.0	3.0	0.0	24.0	23.0	4.0	0.0	0.0	0.0	16.0	]
T	[ 4.0	5.0	2.0	-0.0	15.0	0.0	-0.0	0.0	24.0	23.0	23.0	-0.0	]
Motif #11
total sequences 25
A	[ 10.0	9.0	2.0	4.0	13.0	1.0	3.0	4.0	2.0	0.0	5.0	-0.0	0.0	-0.0	2.0	-0.0	0.0	-0.0	2.0	10.0	7.0	6.0	9.0	]
C	[ 9.0	4.0	6.0	11.0	2.0	4.0	-0.0	-0.0	0.0	1.0	1.0	-0.0	2.0	0.0	1.0	0.0	0.0	-0.0	-0.0	0.0	8.0	15.0	0.0	]
G	[ 4.0	8.0	5.0	10.0	7.0	20.0	22.0	18.0	-0.0	23.0	19.0	24.0	23.0	25.0	0.0	25.0	25.0	25.0	23.0	9.0	10.0	4.0	7.0	]
T	[ 2.0	4.0	12.0	0.0	3.0	0.0	0.0	3.0	23.0	1.0	-0.0	1.0	0.0	-0.0	22.0	0.0	-0.0	-0.0	0.0	6.0	0.0	0.0	9.0	]
Motif #1; total sequences 1650; NNNNaNAGgAagNNNN / NNNNctTcCTNtNNNN
Motif #2; total sequences 529; aGATAaNNATCt / aGATNNtTATCt
Motif #3; total sequences 439; NNNNNaGATAAgN / NcTTATCtNNNNN
Motif #4; total sequences 353; NaaAANNaAAacaAa / tTtgtTTtNNTTttN
Motif #5; total sequences 325; NaGATAaNATCtNN / NNaGATNtTATCtN
Motif #6; total sequences 208; gNNggGGGNGGGGN / NCCCCNCCCccNNc
Motif #7; total sequences 168; NNNNNNNNNcNccccNcCcCcNcCCccNcccNc / gNgggNggGGgNgGgGgNggggNgNNNNNNNNN
Motif #8; total sequences 162; aGATNNNNNaGATAa / tTATCtNNNNNATCt
Motif #9; total sequences 66; NNNNgNNNNNNNgcGCCccCTggTGGNNaN / NtNNCCAccAGggGGCgcNNNNNNNcNNNN
Motif #10; total sequences 25; AgGatGGCTTTg / cAAAGCCatCcT
Motif #11; total sequences 25; NNNNagGgTGgGGGTGGGGNNcN / NgNNCCCCACCCcCAcCctNNNN

Full posterior for run 7 is 22044.897814
