1	chr1:9928998-9929531	1	164	NA	NA	NA	
2	chr1:15790771-15791219	1	73	NA	NA	NA	
3	chr1:21945549-21945947	1	-113	NA	NA	NA	
4	chr1:30737588-30737917	1	-133	NA	NA	NA	
5	chr1:34379318-34379911	1	-34	NA	NA	NA	
6	chr1:36252323-36252869	1	-70	NA	NA	NA	
7	chr1:36313585-36313900	2	NA	NA	NA	NA	
8	chr1:36706027-36706656	1	12	NA	NA	NA	
9	chr1:37374532-37375112	2	NA	NA	NA	NA	
10	chr1:40420226-40420513	2	NA	NA	NA	NA	
11	chr1:43878041-43878887	2	NA	NA	NA	NA	
12	chr1:51422611-51423200	2	NA	NA	NA	NA	
13	chr1:51529442-51529942	2	NA	NA	NA	NA	
14	chr1:54786318-54786903	1	-80	NA	NA	NA	
15	chr1:55075444-55076261	1	-50	NA	NA	NA	
16	chr1:55181497-55182046	1	-61	NA	NA	NA	
17	chr1:71490210-71490635	1	-60	NA	NA	NA	
18	chr1:72159531-72160346	2	NA	NA	NA	NA	
19	chr1:72170308-72170790	2	NA	NA	NA	NA	
20	chr1:72177560-72178389	2	NA	NA	NA	NA	
21	chr1:72188168-72189162	2	NA	NA	NA	NA	
22	chr1:74169394-74169883	2	NA	NA	NA	NA	
23	chr1:79640447-79641048	3	NA	NA	NA	68	
24	chr1:82603758-82604119	1	-73	NA	NA	NA	
25	chr1:87985637-87986129	1	-50	NA	NA	NA	
26	chr1:88318334-88318954	2	NA	NA	NA	NA	
27	chr1:90108172-90109148	2	NA	NA	NA	NA	
28	chr1:93289731-93290222	1	-72	NA	NA	NA	
29	chr1:95585059-95585585	1	-124	NA	NA	-106	
30	chr1:95634013-95634511	1	94	NA	NA	NA	
31	chr1:95865532-95866100	1	160	NA	NA	NA	
32	chr1:108343054-108343593	1	-75	NA	NA	NA	
33	chr1:120286242-120286851	1	166	NA	NA	NA	
34	chr1:122024840-122025120	1	47	NA	-24	NA	
35	chr1:124184653-124184954	2	NA	NA	NA	NA	
36	chr1:129453099-129453393	1	-140	NA	NA	NA	
37	chr1:130244233-130244943	1	132	NA	NA	NA	
38	chr1:130439306-130439746	1	-147	NA	NA	NA	
39	chr1:132853347-132853949	1	118	NA	NA	NA	
40	chr1:132907276-132907779	2	NA	NA	NA	NA	
41	chr1:133031987-133032500	1	-57	NA	NA	NA	
42	chr1:134958758-134959410	2	NA	NA	NA	NA	
43	chr1:135437559-135437976	1	161	NA	NA	NA	
44	chr1:135895281-135895655	1	105	NA	NA	NA	
45	chr1:136178172-136178647	2	NA	NA	NA	NA	
46	chr1:136231607-136232140	1	-104	NA	NA	NA	
47	chr1:136772094-136772363	3	NA	170	NA	NA	
48	chr1:136947343-136947879	1	-130	NA	NA	NA	
49	chr1:139623178-139623584	2	NA	NA	NA	NA	
50	chr1:145768770-145769131	2	NA	NA	NA	NA	
51	chr1:145838899-145839312	1	96	NA	NA	NA	
52	chr1:154665019-154665451	2	NA	NA	NA	NA	
53	chr1:156861419-156861998	1	-186	NA	NA	NA	
54	chr1:157797924-157798268	1	-159	NA	113	NA	
55	chr1:161068474-161068990	1	-45	NA	NA	NA	
56	chr1:162876377-162877872	2	NA	NA	NA	NA	
57	chr1:163145940-163146409	1	-176	NA	NA	NA	
58	chr1:163507617-163508089	1	-118	NA	NA	NA	
59	chr1:163805546-163806036	1	154	NA	NA	NA	
60	chr1:167600327-167600711	1	-82	NA	179	NA	
61	chr1:169145020-169145672	1	155	NA	NA	NA	
62	chr1:173083486-173084059	1	126	69	NA	NA	
63	chr1:173124318-173124810	3	NA	105	NA	NA	
64	chr1:173131172-173131527	3	NA	160	NA	NA	
65	chr1:173182099-173182592	1	87	NA	NA	NA	
66	chr1:173225470-173225937	1	16	NA	NA	NA	
67	chr1:173247680-173248273	1	58	-127	NA	NA	
68	chr1:173338902-173339949	2	NA	NA	NA	NA	
69	chr1:173851840-173852377	1	-116	NA	NA	NA	
70	chr1:173984627-173985150	3	NA	-55	NA	NA	
71	chr1:174212891-174213463	1	140	NA	NA	NA	
72	chr1:174349510-174349989	1	167	NA	NA	NA	
73	chr1:182562402-182563000	1	117	-170	NA	NA	
74	chr1:182687159-182687985	1	-179	NA	NA	NA	
75	chr1:182980590-182981040	1	167	NA	NA	NA	
76	chr1:183689731-183690144	1	43	NA	NA	NA	
77	chr1:184118924-184119496	1	87	NA	NA	NA	
78	chr1:188916082-188916470	1	-87	NA	NA	NA	
79	chr1:192763394-192763871	3	NA	-116	NA	NA	
80	chr1:192803204-192803692	2	NA	NA	NA	NA	
81	chr1:193418366-193418884	1	-98	NA	NA	NA	
82	chr1:194446128-194447056	2	NA	NA	NA	NA	
83	chr1:194873929-194874624	2	NA	NA	NA	NA	
84	chr1:196942070-196942685	1	143	NA	NA	NA	
85	chr10:7229356-7229678	2	NA	NA	NA	NA	
86	chr10:13673048-13673627	1	9	NA	NA	NA	
87	chr10:13689037-13689443	2	NA	NA	NA	NA	
88	chr10:17412497-17413050	1	20	NA	NA	NA	
89	chr10:17461852-17462181	1	-156	NA	NA	NA	
90	chr10:19628607-19629150	1	109	NA	NA	NA	
91	chr10:20001868-20002522	2	NA	NA	NA	NA	
92	chr10:20790044-20790507	2	NA	NA	NA	NA	
93	chr10:22420630-22421157	1	-55	NA	NA	NA	
94	chr10:26048308-26048749	2	NA	NA	NA	NA	
95	chr10:28283131-28283794	1	-39	NA	NA	NA	
96	chr10:30307599-30308053	1	94	NA	NA	NA	
97	chr10:39936146-39936562	1	-173	NA	NA	NA	
98	chr10:39947806-39948777	2	NA	NA	NA	NA	
99	chr10:41666884-41667275	2	NA	NA	NA	NA	
100	chr10:42367081-42367601	1	97	NA	NA	NA	
101	chr10:42909438-42910065	1	-128	NA	NA	NA	
102	chr10:43229125-43229487	2	NA	NA	NA	NA	
103	chr10:44509997-44510475	2	NA	NA	NA	NA	
104	chr10:53763835-53764373	1	-1	NA	NA	NA	
105	chr10:53806166-53806609	1	-65	NA	NA	NA	
106	chr10:58616945-58617398	1	124	NA	NA	NA	
107	chr10:58718616-58718966	1	166	NA	NA	NA	
108	chr10:59274635-59275212	1	-51	NA	NA	NA	
109	chr10:59784974-59785321	1	69	NA	NA	NA	
110	chr10:60692577-60693313	2	NA	NA	NA	NA	
111	chr10:61901191-61901881	2	NA	NA	NA	NA	
112	chr10:70633053-70633438	2	NA	NA	NA	NA	
113	chr10:75009265-75009873	1	19	NA	NA	NA	
114	chr10:75912330-75912842	1	98	NA	NA	NA	
115	chr10:76702871-76703337	1	8	NA	NA	NA	
116	chr10:77700988-77701781	2	NA	NA	NA	NA	
117	chr10:79505594-79505940	1	-171	NA	NA	NA	
118	chr10:79836766-79837484	2	NA	NA	NA	NA	
119	chr10:80005938-80006702	1	-147	NA	NA	NA	
120	chr10:80025814-80026482	1	-182	NA	NA	NA	
121	chr10:80579477-80580132	1	-101	72	NA	NA	
122	chr10:80585706-80586474	1	-25	NA	NA	NA	
123	chr10:80913271-80913824	1	-88	NA	NA	NA	
124	chr10:81030389-81030986	1	135	NA	NA	NA	
125	chr10:82973457-82974060	1	90	NA	NA	NA	
126	chr10:86115094-86115482	1	-67	NA	NA	NA	
127	chr10:90601190-90602114	2	NA	NA	NA	NA	
128	chr10:92511231-92511579	1	176	NA	NA	NA	
129	chr10:92554053-92554497	1	111	NA	NA	NA	
130	chr10:93954784-93955153	1	115	NA	NA	NA	
131	chr10:94931383-94931810	2	NA	NA	NA	NA	
132	chr10:95800511-95801012	1	-161	NA	NA	NA	
133	chr10:96046545-96047019	2	NA	NA	NA	NA	
134	chr10:96154537-96154850	2	NA	NA	NA	NA	
135	chr10:105245289-105245768	1	53	NA	NA	NA	
136	chr10:107565794-107566448	1	-40	NA	NA	NA	
137	chr10:110413852-110414415	1	-10	55	NA	NA	
138	chr10:110702424-110703172	1	-75	NA	NA	NA	
139	chr10:117263921-117264455	1	2	NA	NA	NA	
140	chr10:117321350-117321841	1	179	NA	NA	NA	
141	chr10:119611688-119611949	1	105	NA	NA	NA	
142	chr10:120989733-120990161	1	116	NA	NA	NA	
143	chr10:122081441-122082147	2	NA	NA	NA	NA	
144	chr10:126714467-126714972	1	114	NA	NA	NA	
145	chr10:127045722-127046241	1	58	NA	NA	NA	
146	chr10:127907602-127907980	1	-132	NA	NA	NA	
147	chr10:127950144-127950958	1	60	NA	NA	NA	
148	chr10:127968126-127968542	2	NA	NA	NA	NA	
149	chr10:128029196-128029582	1	-32	NA	NA	NA	
150	chr11:4168335-4168953	1	-168	NA	NA	NA	
151	chr11:4189116-4189729	2	NA	NA	NA	NA	
152	chr11:4795093-4795584	1	-53	NA	NA	NA	
153	chr11:5662090-5662481	1	66	NA	NA	NA	
154	chr11:6099923-6100526	1	-71	NA	NA	NA	
155	chr11:6446970-6447479	1	30	NA	NA	NA	
156	chr11:6525744-6526367	1	129	NA	NA	NA	
157	chr11:11362016-11362544	1	-125	NA	NA	NA	
158	chr11:11464046-11464739	1	-146	NA	NA	NA	
159	chr11:21002682-21003087	1	104	NA	NA	NA	
160	chr11:22592715-22593195	2	NA	NA	NA	NA	
161	chr11:29414775-29415428	1	23	NA	NA	NA	
162	chr11:29426127-29426646	1	-96	NA	NA	NA	
163	chr11:32442525-32443031	2	NA	NA	NA	NA	
164	chr11:33963900-33964486	1	-148	NA	NA	NA	
165	chr11:34011846-34012279	2	NA	NA	NA	NA	
166	chr11:40535823-40536130	2	NA	NA	NA	NA	
167	chr11:44313587-44314203	1	117	NA	NA	NA	
168	chr11:46232673-46233239	1	-174	NA	NA	NA	
169	chr11:46519238-46519455	1	3	NA	NA	NA	
170	chr11:49109674-49110205	2	NA	NA	NA	NA	
171	chr11:50018134-50018585	2	NA	NA	NA	NA	
172	chr11:52104297-52104691	2	NA	NA	NA	NA	
173	chr11:53983694-53984181	1	-185	NA	NA	NA	
174	chr11:57485743-57486067	1	-129	NA	NA	NA	
175	chr11:58683092-58683733	1	-81	NA	NA	NA	
176	chr11:59044034-59044617	3	NA	NA	NA	-183	
177	chr11:59664297-59664728	1	48	NA	NA	NA	
178	chr11:60729730-60730271	1	96	NA	NA	NA	
179	chr11:61380288-61380717	2	NA	NA	NA	NA	
180	chr11:61418800-61419272	1	88	NA	NA	NA	
181	chr11:61670951-61671539	2	NA	NA	NA	NA	
182	chr11:62418824-62419515	2	NA	NA	NA	NA	
183	chr11:63895504-63895914	1	-75	12	NA	NA	
184	chr11:65611039-65611501	2	NA	NA	NA	NA	
185	chr11:66868682-66869087	1	58	NA	NA	NA	
186	chr11:68717600-68718214	2	NA	NA	NA	NA	
187	chr11:68889562-68890406	1	67	NA	NA	NA	
188	chr11:69481912-69482725	1	111	NA	NA	NA	
189	chr11:69574404-69575065	2	NA	NA	NA	NA	
190	chr11:72770036-72770439	1	91	NA	NA	NA	
191	chr11:72954273-72954685	2	NA	NA	NA	NA	
192	chr11:74540613-74540953	2	NA	NA	NA	NA	
193	chr11:75446721-75447112	2	NA	NA	NA	NA	
194	chr11:75549043-75549445	1	-38	NA	182	NA	
195	chr11:76623407-76623907	2	NA	NA	NA	NA	
196	chr11:76894451-76894892	1	-91	NA	NA	13	
197	chr11:77502041-77502724	2	NA	NA	NA	NA	
198	chr11:78061825-78062412	1	-135	NA	NA	NA	
199	chr11:78352441-78352824	2	NA	NA	NA	NA	
200	chr11:78567522-78567991	2	NA	NA	NA	NA	
201	chr11:79070580-79071052	3	NA	NA	NA	-153	
202	chr11:82580091-82580768	1	178	NA	NA	NA	
203	chr11:83087777-83088640	2	NA	NA	NA	NA	
204	chr11:83366272-83366804	1	-22	NA	NA	NA	
205	chr11:83456415-83456852	1	-5	NA	NA	NA	
206	chr11:84634990-84635726	2	NA	NA	NA	NA	
207	chr11:84645157-84645640	1	98	NA	NA	NA	
208	chr11:84695905-84696374	1	-25	NA	NA	NA	
209	chr11:86409095-86409668	2	NA	NA	NA	NA	
210	chr11:86573483-86574573	1	-86	NA	NA	NA	
211	chr11:87238906-87240037	1	-147	NA	NA	NA	
212	chr11:87242772-87243941	2	NA	NA	NA	NA	
213	chr11:87259534-87260151	2	NA	NA	NA	NA	
214	chr11:87264924-87265747	2	NA	NA	NA	NA	
215	chr11:87278613-87279426	2	NA	NA	NA	NA	
216	chr11:87287694-87287901	2	NA	NA	NA	NA	
217	chr11:87567622-87568376	1	-46	NA	NA	NA	
218	chr11:87574282-87577882	1	-184	NA	NA	NA	
219	chr11:87669171-87669653	2	NA	NA	NA	NA	
220	chr11:88020449-88020808	1	-66	NA	NA	NA	
221	chr11:93784101-93784670	1	68	NA	NA	NA	
222	chr11:94027458-94027739	2	NA	NA	NA	NA	
223	chr11:94805747-94806145	2	NA	NA	NA	NA	
224	chr11:96593524-96594079	1	84	NA	NA	NA	
225	chr11:97582488-97582901	1	-82	NA	NA	NA	
226	chr11:97793840-97794204	1	132	NA	NA	NA	
227	chr11:97842453-97843318	2	NA	NA	NA	NA	
228	chr11:98286240-98286691	2	NA	NA	NA	NA	
229	chr11:98313467-98313918	1	-25	NA	NA	NA	
230	chr11:98921003-98921577	1	-147	NA	NA	NA	
231	chr11:100361489-100361975	1	136	NA	NA	NA	
232	chr11:100435385-100436000	1	-148	80	NA	NA	
233	chr11:101010714-101011149	2	NA	NA	NA	NA	
234	chr11:101258280-101258901	1	5	NA	NA	NA	
235	chr11:101443432-101444665	2	NA	NA	NA	NA	
236	chr11:101458057-101458801	2	NA	NA	NA	NA	
237	chr11:101461235-101461801	2	NA	NA	NA	NA	
238	chr11:101474280-101475302	2	NA	NA	NA	NA	
239	chr11:102513543-102513974	3	NA	118	NA	NA	
240	chr11:104258394-104259069	2	NA	NA	NA	NA	
241	chr11:105882767-105883023	1	-81	NA	NA	NA	
242	chr11:106316843-106317666	1	12	NA	NA	NA	
243	chr11:106595211-106595907	1	159	NA	NA	NA	
244	chr11:106604242-106605668	1	-26	NA	NA	NA	
245	chr11:106843762-106844190	2	NA	NA	NA	NA	
246	chr11:107295420-107295908	1	-33	NA	NA	NA	
247	chr11:109466916-109467332	1	-3	NA	NA	NA	
248	chr11:109676199-109676606	1	-137	NA	NA	NA	
249	chr11:115219591-115220134	1	76	NA	NA	NA	
250	chr11:115330173-115330727	2	NA	NA	NA	NA	
251	chr11:115419600-115420601	2	NA	NA	NA	NA	
252	chr11:115839841-115840787	2	NA	NA	NA	NA	
253	chr11:115946449-115947205	2	NA	NA	NA	NA	
254	chr11:116668811-116669305	1	110	NA	NA	NA	
255	chr11:117470464-117471082	1	-143	NA	NA	NA	
256	chr11:117802733-117803253	1	50	NA	NA	NA	
257	chr11:119307177-119307782	1	76	NA	NA	NA	
258	chr11:120132067-120132612	2	NA	NA	NA	NA	
259	chr11:120300427-120301108	1	-69	NA	NA	NA	
260	chr11:120433749-120434080	2	NA	NA	NA	NA	
261	chr11:120440661-120441230	2	NA	NA	NA	NA	
262	chr11:120639844-120640319	1	49	NA	NA	NA	
263	chr12:3109868-3110296	2	NA	NA	NA	NA	
264	chr12:3426403-3426998	1	153	NA	NA	NA	
265	chr12:3959740-3960317	1	-87	NA	NA	NA	
266	chr12:4943032-4943515	2	NA	NA	NA	NA	
267	chr12:16557797-16558352	1	109	NA	NA	NA	
268	chr12:17373643-17374220	1	70	NA	NA	NA	
269	chr12:21619949-21620530	2	NA	NA	NA	NA	
270	chr12:21697860-21698222	2	NA	NA	NA	NA	
271	chr12:32964089-32964555	1	140	NA	NA	NA	
272	chr12:33539448-33540091	1	-175	NA	NA	NA	
273	chr12:40733276-40733774	1	140	NA	NA	NA	
274	chr12:52299004-52299535	3	NA	-45	NA	NA	
275	chr12:52750619-52751493	1	42	NA	NA	NA	
276	chr12:55618214-55619437	2	NA	NA	NA	NA	
277	chr12:55632238-55632468	1	-51	NA	NA	NA	
278	chr12:56316627-56317249	1	90	NA	NA	NA	
279	chr12:56410355-56410929	2	NA	NA	NA	NA	
280	chr12:59958337-59959219	2	NA	NA	NA	NA	
281	chr12:60049196-60049749	2	NA	NA	NA	NA	
282	chr12:70102643-70103036	2	NA	NA	NA	NA	
283	chr12:70115435-70116091	1	78	NA	NA	NA	
284	chr12:70215091-70215582	1	-67	NA	NA	NA	
285	chr12:70341453-70341924	1	-26	NA	NA	NA	
286	chr12:74517021-74517551	2	NA	NA	NA	NA	
287	chr12:74611056-74611619	2	NA	NA	NA	NA	
288	chr12:84577657-84578501	2	NA	NA	NA	NA	
289	chr12:91995281-91995611	2	NA	NA	NA	NA	
290	chr12:99964412-99964932	2	NA	NA	NA	NA	
291	chr12:100285198-100285986	2	NA	NA	NA	NA	
292	chr12:100600272-100600943	2	NA	NA	NA	NA	
293	chr12:101395240-101395581	1	58	NA	NA	NA	
294	chr12:102376796-102377371	3	NA	-57	NA	NA	
295	chr12:105414043-105414643	1	-154	NA	NA	NA	
296	chr12:111439285-111439823	1	46	NA	NA	NA	
297	chr12:111985495-111986109	1	165	NA	NA	NA	
298	chr12:112125730-112126145	1	72	NA	NA	NA	
299	chr12:112160720-112161356	1	177	NA	NA	NA	
300	chr12:112206350-112206886	1	-85	NA	NA	NA	
301	chr12:113141131-113141809	2	NA	NA	NA	NA	
302	chr12:113615937-113616498	2	NA	NA	NA	NA	
303	chr12:116696536-116697006	1	158	NA	NA	NA	
304	chr12:118745713-118746207	2	NA	NA	NA	NA	
305	chr13:3372079-3372598	2	NA	NA	NA	NA	
306	chr13:5766974-5767500	2	NA	NA	NA	NA	
307	chr13:5844155-5844881	3	NA	NA	NA	-114	
308	chr13:9010852-9011505	2	NA	NA	NA	NA	
309	chr13:21786839-21788144	2	NA	NA	NA	NA	
310	chr13:21793518-21794166	2	NA	NA	NA	NA	
311	chr13:23562260-23564172	2	NA	NA	NA	NA	
312	chr13:23569565-23569989	2	NA	NA	NA	NA	
313	chr13:23579144-23580033	2	NA	NA	NA	NA	
314	chr13:23592314-23593123	1	126	NA	NA	NA	
315	chr13:23628543-23629700	1	-128	NA	NA	NA	
316	chr13:23705378-23706152	2	NA	NA	NA	NA	
317	chr13:23746105-23748006	1	176	NA	NA	NA	
318	chr13:24808560-24809024	1	-112	NA	-9	NA	
319	chr13:30981294-30981710	1	-126	NA	NA	NA	
320	chr13:33000533-33000899	2	NA	NA	NA	NA	
321	chr13:34871941-34872271	2	NA	NA	NA	NA	
322	chr13:41497893-41498531	2	NA	NA	NA	NA	
323	chr13:43570820-43571218	2	NA	NA	NA	NA	
324	chr13:44598856-44599255	1	-75	NA	NA	NA	
325	chr13:51663827-51664419	1	-122	NA	NA	NA	
326	chr13:51779968-51780464	2	NA	NA	NA	NA	
327	chr13:51859068-51859451	2	NA	NA	NA	NA	
328	chr13:51982602-51983006	2	NA	NA	NA	NA	
329	chr13:52038792-52039265	1	34	NA	NA	NA	
330	chr13:52819990-52820478	1	135	NA	NA	NA	
331	chr13:54081338-54081789	2	NA	NA	NA	NA	
332	chr13:54199679-54199892	2	NA	NA	NA	NA	
333	chr13:54478121-54478539	2	NA	NA	NA	NA	
334	chr13:54631273-54631664	1	16	NA	NA	-88	
335	chr13:54703358-54703996	2	NA	NA	NA	NA	
336	chr13:55114902-55115285	1	139	NA	NA	NA	
337	chr13:55331355-55331835	1	113	NA	NA	NA	
338	chr13:55644263-55644874	1	-159	NA	NA	NA	
339	chr13:55702553-55703238	2	NA	NA	NA	NA	
340	chr13:55736785-55737270	2	NA	NA	NA	NA	
341	chr13:58225003-58225568	1	-33	NA	NA	NA	
342	chr13:58394627-58395103	1	-62	NA	NA	NA	
343	chr13:59832288-59833121	1	-166	NA	NA	NA	
344	chr13:63440630-63441190	2	NA	NA	NA	NA	
345	chr13:67426359-67426776	1	-84	NA	NA	NA	
346	chr13:70002198-70002673	2	NA	NA	NA	NA	
347	chr13:74069749-74070299	1	-106	NA	NA	NA	
348	chr13:74674394-74674894	1	-169	NA	124	NA	
349	chr13:75274300-75274914	1	-172	NA	NA	NA	
350	chr13:76484306-76484843	1	79	NA	NA	NA	
351	chr13:77902362-77902683	2	NA	NA	NA	NA	
352	chr13:85662437-85662795	2	NA	NA	NA	NA	
353	chr13:90563493-90564004	1	-98	NA	NA	NA	
354	chr13:91397130-91397735	1	-51	NA	NA	NA	
355	chr13:92281618-92282172	1	-154	NA	NA	NA	
356	chr13:93631425-93632031	1	57	NA	NA	NA	
357	chr13:95459192-95459678	2	NA	NA	NA	NA	
358	chr13:98057089-98057515	2	NA	NA	NA	NA	
359	chr13:98238516-98239014	2	NA	NA	NA	NA	
360	chr13:98291154-98291424	2	NA	NA	NA	NA	
361	chr13:99362886-99363291	1	165	NA	NA	NA	
362	chr13:100444542-100445150	1	-145	NA	NA	71	
363	chr13:101830967-101831457	1	-66	NA	NA	NA	
364	chr13:102759182-102759650	1	141	NA	NA	NA	
365	chr13:105299159-105299558	2	NA	NA	NA	NA	
366	chr13:112988636-112989184	1	38	NA	NA	NA	
367	chr13:114700812-114701274	1	64	NA	NA	NA	
368	chr13:114915002-114915526	1	-55	NA	NA	NA	
369	chr13:118379941-118380468	1	-118	NA	NA	NA	
370	chr14:18873418-18874001	1	14	NA	NA	NA	
371	chr14:19334349-19334855	1	130	NA	NA	NA	
372	chr14:19462831-19463277	2	NA	NA	NA	NA	
373	chr14:19495727-19496287	1	155	NA	NA	NA	
374	chr14:24350169-24350774	2	NA	NA	NA	NA	
375	chr14:26255550-26256288	3	NA	-128	NA	NA	
376	chr14:29483161-29483714	1	-51	NA	NA	NA	
377	chr14:31342560-31343040	1	77	NA	NA	NA	
378	chr14:46219962-46220445	1	-43	NA	NA	NA	
379	chr14:47367968-47368534	1	159	NA	NA	NA	
380	chr14:47988040-47988664	1	99	NA	NA	NA	
381	chr14:53185103-53185918	1	7	NA	NA	NA	
382	chr14:53191321-53191677	1	73	NA	NA	NA	
383	chr14:53380812-53381409	1	-102	NA	NA	NA	
384	chr14:54513831-54514467	1	50	NA	NA	NA	
385	chr14:54557790-54558322	2	NA	NA	NA	NA	
386	chr14:56377875-56378433	1	-69	NA	NA	NA	
387	chr14:56780088-56780777	1	-158	NA	NA	NA	
388	chr14:58154942-58155293	1	-136	NA	NA	NA	
389	chr14:60127007-60127738	2	NA	NA	NA	NA	
390	chr14:63620651-63621179	1	-77	NA	NA	NA	
391	chr14:64284656-64284994	2	NA	NA	NA	NA	
392	chr14:64791175-64791644	1	153	NA	NA	NA	
393	chr14:65250813-65251560	2	NA	NA	NA	NA	
394	chr14:67004344-67004802	2	NA	NA	NA	NA	
395	chr14:68888411-68889079	1	132	NA	116	NA	
396	chr14:75290612-75291087	1	95	NA	NA	NA	
397	chr14:77583125-77583520	1	-122	NA	NA	NA	
398	chr14:77875837-77876299	1	-147	NA	NA	NA	
399	chr14:85972692-85973200	1	-64	NA	NA	NA	
400	chr14:101956387-101957076	1	-7	NA	NA	NA	
401	chr14:103407984-103408466	1	189	NA	NA	NA	
402	chr14:104144368-104144784	1	4	NA	NA	NA	
403	chr14:120613131-120613698	1	17	NA	NA	NA	
404	chr14:121987623-121988163	1	-184	NA	NA	NA	
405	chr15:3929072-3929690	3	NA	NA	NA	-63	
406	chr15:5055447-5056044	1	94	NA	NA	NA	
407	chr15:5063280-5064225	1	184	NA	NA	NA	
408	chr15:5393552-5393957	2	NA	NA	NA	NA	
409	chr15:9814889-9815457	1	89	NA	NA	NA	
410	chr15:10430367-10431033	1	-45	NA	NA	NA	
411	chr15:11940393-11940922	1	181	NA	NA	NA	
412	chr15:25788167-25788542	1	142	NA	NA	NA	
413	chr15:36159168-36159716	1	-104	NA	NA	NA	
414	chr15:50191854-50192294	2	NA	NA	NA	NA	
415	chr15:57602834-57603216	1	-147	NA	NA	NA	
416	chr15:58245310-58245896	1	27	NA	NA	NA	
417	chr15:58763624-58764163	1	19	NA	NA	NA	
418	chr15:59093138-59093536	1	-86	NA	NA	NA	
419	chr15:59971314-59971815	2	NA	NA	NA	NA	
420	chr15:61820230-61821971	1	-121	NA	NA	NA	
421	chr15:66407092-66407553	2	NA	NA	NA	NA	
422	chr15:74536292-74536749	1	-165	NA	-37	NA	
423	chr15:74913298-74914386	2	NA	NA	NA	NA	
424	chr15:75896754-75897360	1	-158	NA	NA	NA	
425	chr15:75907758-75908278	1	-31	NA	NA	NA	
426	chr15:76304175-76305095	3	NA	NA	NA	-171	
427	chr15:76706331-76706871	1	15	NA	NA	NA	
428	chr15:77560682-77560936	2	NA	NA	NA	NA	
429	chr15:77798134-77798633	2	NA	NA	NA	NA	
430	chr15:78322034-78322784	1	-28	NA	NA	NA	
431	chr15:78741014-78741531	2	NA	NA	NA	NA	
432	chr15:79056302-79056879	1	138	NA	NA	NA	
433	chr15:79566481-79567118	1	-92	NA	NA	NA	
434	chr15:79903243-79904426	1	-163	NA	NA	NA	
435	chr15:79910227-79911131	2	NA	NA	NA	NA	
436	chr15:80082310-80083233	1	-127	NA	NA	NA	
437	chr15:81128351-81128734	2	NA	NA	NA	NA	
438	chr15:81350156-81350799	2	NA	NA	NA	NA	
439	chr15:82977332-82978205	1	-186	NA	NA	NA	
440	chr15:85005423-85005646	1	-28	NA	NA	NA	
441	chr15:85217733-85218126	2	NA	NA	NA	NA	
442	chr15:88950601-88951182	1	158	NA	NA	NA	
443	chr15:89137681-89137994	1	-74	NA	NA	NA	
444	chr15:89201126-89202092	1	145	NA	NA	NA	
445	chr15:96537336-96537779	2	NA	NA	NA	NA	
446	chr15:97201153-97201724	2	NA	NA	NA	NA	
447	chr15:97921075-97921728	1	108	NA	NA	NA	
448	chr15:98395431-98396050	1	-166	NA	-43	NA	
449	chr15:98659365-98659776	1	-57	NA	NA	NA	
450	chr15:98781197-98781698	1	169	NA	NA	NA	
451	chr15:99161008-99161368	1	-40	NA	NA	NA	
452	chr15:100055864-100056475	2	NA	NA	NA	NA	
453	chr15:100497216-100497794	1	173	NA	NA	NA	
454	chr15:101216041-101216516	1	154	NA	NA	NA	
455	chr15:102107301-102107755	1	-40	NA	NA	NA	
456	chr15:102124072-102124588	2	NA	NA	NA	NA	
457	chr16:3891491-3891924	1	-182	NA	NA	NA	
458	chr16:3918789-3919383	1	-130	NA	NA	NA	
459	chr16:4499090-4499391	1	106	NA	NA	NA	
460	chr16:4539465-4539990	1	-85	NA	NA	NA	
461	chr16:4589184-4589680	1	-176	NA	NA	NA	
462	chr16:10325426-10325836	2	NA	NA	NA	NA	
463	chr16:10757415-10757936	1	-74	NA	NA	NA	
464	chr16:13694006-13694603	1	-64	NA	NA	NA	
465	chr16:13758641-13759078	1	97	NA	NA	NA	
466	chr16:16272006-16272484	2	NA	NA	NA	NA	
467	chr16:18790336-18790939	2	NA	NA	NA	NA	
468	chr16:20430322-20430790	2	NA	NA	NA	NA	
469	chr16:21247052-21247579	1	-131	-150	NA	NA	
470	chr16:23022438-23023370	1	-161	NA	NA	NA	
471	chr16:23042801-23043416	1	-93	NA	NA	NA	
472	chr16:24080836-24081193	2	NA	NA	NA	NA	
473	chr16:30107693-30108092	1	-7	NA	NA	NA	
474	chr16:31868031-31868615	1	-101	NA	NA	NA	
475	chr16:32981900-32982755	3	NA	-63	NA	NA	
476	chr16:33300196-33300561	1	-44	NA	NA	NA	
477	chr16:35689938-35690423	2	NA	NA	NA	NA	
478	chr16:38441770-38442392	1	121	NA	NA	NA	
479	chr16:38469256-38469696	1	128	NA	NA	NA	
480	chr16:43609480-43609919	2	NA	NA	NA	NA	
481	chr16:49716304-49717027	2	NA	NA	NA	NA	
482	chr16:50448173-50448780	2	NA	NA	NA	NA	
483	chr16:52000997-52001611	1	-148	NA	NA	NA	
484	chr16:55745745-55746243	1	-66	NA	NA	NA	
485	chr16:55898547-55899070	1	-35	NA	NA	NA	
486	chr16:55962425-55962869	1	-31	NA	NA	NA	
487	chr16:64713082-64713325	1	48	NA	NA	NA	
488	chr16:78119560-78119950	2	NA	NA	NA	NA	
489	chr16:84617762-84618124	2	NA	NA	NA	NA	
490	chr16:87243230-87243869	2	NA	NA	NA	NA	
491	chr16:87384723-87385364	1	-149	NA	NA	NA	
492	chr16:91423352-91423699	2	NA	NA	NA	NA	
493	chr16:92533493-92533901	1	107	NA	NA	NA	
494	chr16:92542692-92543222	1	39	NA	NA	NA	
495	chr16:93492069-93492770	1	173	NA	NA	NA	
496	chr16:93720627-93721194	3	NA	-34	NA	NA	
497	chr16:94398775-94399359	2	NA	NA	NA	NA	
498	chr16:95859035-95859476	1	88	NA	NA	NA	
499	chr16:96187143-96187543	1	117	NA	NA	NA	
500	chr16:98006591-98007040	2	NA	NA	NA	NA	
501	chr17:6677138-6678139	1	185	NA	NA	NA	
502	chr17:7013598-7013948	1	-72	NA	NA	NA	
503	chr17:8089897-8090185	2	NA	NA	NA	NA	
504	chr17:8149014-8149523	1	49	NA	NA	NA	
505	chr17:14679500-14680027	1	-80	NA	NA	NA	
506	chr17:15231959-15232412	1	176	NA	NA	NA	
507	chr17:17329241-17330275	1	10	NA	NA	NA	
508	chr17:24142119-24142816	1	146	NA	NA	NA	
509	chr17:24153987-24154625	1	50	NA	NA	NA	
510	chr17:24277530-24278021	2	NA	NA	NA	NA	
511	chr17:24447251-24447935	1	-39	NA	NA	NA	
512	chr17:24664306-24664859	1	95	NA	NA	NA	
513	chr17:24911668-24912366	1	152	NA	NA	NA	
514	chr17:24967155-24967922	2	NA	NA	NA	NA	
515	chr17:25603015-25603618	1	174	NA	NA	NA	
516	chr17:25850923-25851381	2	NA	NA	NA	NA	
517	chr17:25980269-25980718	1	-100	NA	NA	NA	
518	chr17:26700335-26700954	1	-92	NA	NA	NA	
519	chr17:27567359-27567853	1	129	NA	NA	NA	
520	chr17:27935081-27935661	1	-97	NA	NA	NA	
521	chr17:28055907-28056537	1	-50	NA	NA	NA	
522	chr17:28679669-28680145	1	-37	NA	NA	NA	
523	chr17:29387794-29388317	1	165	NA	NA	NA	
524	chr17:31240702-31241253	1	-127	NA	NA	NA	
525	chr17:32052326-32053013	2	NA	NA	NA	NA	
526	chr17:33539781-33540213	1	5	NA	NA	NA	
527	chr17:33561165-33562346	1	39	NA	NA	NA	
528	chr17:33610466-33610952	1	-11	NA	NA	NA	
529	chr17:33729303-33730117	2	NA	NA	NA	NA	
530	chr17:34608727-34609643	1	43	NA	NA	NA	
531	chr17:34659681-34660259	1	-67	NA	NA	NA	
532	chr17:34849544-34850181	1	74	NA	NA	NA	
533	chr17:35429624-35430116	2	NA	NA	NA	NA	
534	chr17:35839225-35839745	2	NA	NA	NA	NA	
535	chr17:35879280-35879889	1	-162	NA	NA	NA	
536	chr17:39450960-39456972	2	NA	NA	NA	NA	
537	chr17:43923262-43923690	1	56	NA	NA	NA	
538	chr17:45574310-45574768	1	124	-154	NA	NA	
539	chr17:45791014-45791533	1	124	NA	NA	NA	
540	chr17:45959906-45960172	1	121	NA	NA	NA	
541	chr17:46215144-46215497	1	47	NA	NA	NA	
542	chr17:46831974-46832341	1	186	-35	NA	NA	
543	chr17:50643550-50643928	1	17	NA	NA	NA	
544	chr17:51627405-51628032	1	-80	NA	NA	NA	
545	chr17:55599068-55599430	2	NA	NA	NA	NA	
546	chr17:55817310-55817812	1	-140	NA	NA	NA	
547	chr17:56745513-56745910	2	NA	NA	NA	NA	
548	chr17:69321962-69322617	1	70	NA	NA	NA	
549	chr17:70906883-70907310	1	-64	NA	13	NA	
550	chr17:74221232-74221807	1	148	NA	NA	NA	
551	chr17:74433266-74433740	1	-4	-125	NA	NA	
552	chr17:80115216-80115875	1	136	NA	NA	NA	
553	chr17:80132580-80132960	1	59	NA	NA	NA	
554	chr17:84024441-84025085	2	NA	NA	NA	NA	
555	chr17:87354883-87355303	2	NA	NA	NA	NA	
556	chr17:87882831-87883250	2	NA	NA	NA	NA	
557	chr18:3005081-3006077	2	NA	NA	NA	NA	
558	chr18:4366668-4367088	2	NA	NA	NA	NA	
559	chr18:6490286-6491207	2	NA	NA	NA	NA	
560	chr18:6515952-6516497	2	NA	NA	NA	NA	
561	chr18:7868423-7869087	1	-19	NA	NA	NA	
562	chr18:10617629-10618097	1	-55	NA	NA	NA	
563	chr18:13092148-13092652	1	114	NA	NA	NA	
564	chr18:14825886-14826404	1	31	NA	NA	NA	
565	chr18:32053462-32054470	2	NA	NA	NA	NA	
566	chr18:33919406-33920006	1	-42	NA	NA	NA	
567	chr18:34345488-34346138	1	53	NA	NA	-9	
568	chr18:34455639-34456296	1	-89	NA	NA	NA	
569	chr18:34885293-34885892	2	NA	NA	NA	NA	
570	chr18:36870212-36870664	3	NA	134	NA	NA	
571	chr18:38376004-38376549	1	-7	NA	NA	NA	
572	chr18:38757578-38757968	1	27	NA	NA	NA	
573	chr18:40433982-40434407	2	NA	NA	NA	NA	
574	chr18:42400880-42401596	2	NA	NA	NA	NA	
575	chr18:46405757-46406395	1	179	NA	NA	NA	
576	chr18:56064754-56065069	2	NA	NA	NA	NA	
577	chr18:57100561-57100987	1	-88	NA	NA	NA	
578	chr18:60899744-60900380	1	-43	NA	NA	NA	
579	chr18:61302135-61302677	1	110	NA	NA	NA	
580	chr18:63103063-63103491	1	-3	NA	NA	NA	
581	chr18:63817427-63818199	1	-121	NA	NA	NA	
582	chr18:64613981-64614419	2	NA	NA	NA	NA	
583	chr18:67849512-67849930	1	-87	NA	NA	NA	
584	chr18:73658565-73658997	2	NA	NA	NA	NA	
585	chr18:73879627-73880088	2	NA	NA	NA	NA	
586	chr18:77917847-77918258	1	-114	NA	NA	NA	
587	chr18:77977950-77978326	2	NA	NA	NA	NA	
588	chr18:80368776-80369269	2	NA	NA	NA	NA	
589	chr18:80631409-80631917	1	-186	NA	NA	NA	
590	chr18:82355565-82355940	1	-55	NA	NA	NA	
591	chr18:85832057-85832501	2	NA	NA	NA	NA	
592	chr18:89340379-89340869	2	NA	NA	NA	NA	
593	chr19:3282742-3283229	2	NA	NA	NA	NA	
594	chr19:3767486-3768127	2	NA	NA	NA	NA	
595	chr19:4012457-4012938	1	116	NA	NA	NA	
596	chr19:4037750-4038116	2	NA	NA	NA	NA	
597	chr19:4475505-4475851	2	NA	NA	NA	NA	
598	chr19:4625418-4625973	3	NA	0	NA	NA	
599	chr19:4839238-4839777	2	NA	NA	NA	NA	
600	chr19:4878560-4879255	1	-150	NA	NA	NA	
601	chr19:5295364-5295937	2	NA	NA	NA	NA	
602	chr19:5794637-5795581	2	NA	NA	NA	NA	
603	chr19:5817886-5818266	1	99	NA	NA	NA	
604	chr19:6297563-6297975	1	92	NA	NA	NA	
605	chr19:6976769-6977363	1	-156	NA	115	NA	
606	chr19:8319092-8319562	2	NA	NA	NA	NA	
607	chr19:8802706-8803167	1	19	NA	NA	NA	
608	chr19:8841238-8841987	1	-20	NA	NA	NA	
609	chr19:9008802-9009343	2	NA	NA	NA	NA	
610	chr19:10049496-10050069	2	NA	NA	NA	NA	
611	chr19:12863546-12864070	1	-165	NA	NA	NA	
612	chr19:15991478-15992005	1	78	NA	NA	NA	
613	chr19:17331869-17332373	2	NA	NA	NA	NA	
614	chr19:17461037-17461418	2	NA	NA	NA	NA	
615	chr19:18779895-18780510	1	-18	NA	NA	NA	
616	chr19:23424520-23424772	2	NA	NA	NA	NA	
617	chr19:23754371-23754925	2	NA	NA	NA	NA	
618	chr19:29113684-29114190	1	112	NA	NA	NA	
619	chr19:31276419-31276821	2	NA	NA	NA	NA	
620	chr19:32551598-32552092	1	99	NA	NA	NA	
621	chr19:36990967-36991586	1	-42	NA	143	NA	
622	chr19:40947646-40948518	2	NA	NA	NA	NA	
623	chr19:41317100-41317730	1	-16	NA	NA	NA	
624	chr19:42572027-42572318	1	68	NA	NA	NA	
625	chr19:44616019-44616383	1	-55	-82	NA	NA	
626	chr19:45713436-45713908	1	-27	NA	NA	NA	
627	chr19:46051481-46052011	2	NA	NA	NA	NA	
628	chr19:47120928-47121276	3	NA	-68	NA	NA	
629	chr19:47143663-47144392	1	151	NA	NA	NA	
630	chr19:47918719-47919145	1	-97	NA	NA	NA	
631	chr19:53997018-53997530	2	NA	NA	NA	NA	
632	chr19:56583713-56584261	1	-90	NA	NA	NA	
633	chr19:56601668-56602227	3	NA	-80	NA	NA	
634	chr19:57397061-57397459	2	NA	NA	NA	NA	
635	chr19:60844915-60845616	3	NA	NA	NA	6	
636	chr19:61254192-61254660	2	NA	NA	NA	NA	
637	chr2:3341008-3341497	2	NA	NA	NA	NA	
638	chr2:5296495-5296714	2	NA	NA	NA	NA	
639	chr2:9966222-9966538	3	NA	136	NA	NA	
640	chr2:10070426-10070901	1	88	NA	NA	NA	
641	chr2:12336911-12337414	1	152	NA	NA	NA	
642	chr2:13331278-13331833	1	-45	NA	NA	NA	
643	chr2:18310285-18310867	1	-100	NA	NA	NA	
644	chr2:22596297-22596864	2	NA	NA	NA	NA	
645	chr2:22746900-22747696	1	-6	NA	NA	NA	
646	chr2:23393835-23394173	1	-170	NA	NA	NA	
647	chr2:25046199-25046796	1	-77	NA	NA	NA	
648	chr2:25077221-25077716	1	48	NA	NA	NA	
649	chr2:26210913-26211597	1	186	NA	NA	NA	
650	chr2:26267022-26267404	1	-80	NA	NA	NA	
651	chr2:26575280-26575763	2	NA	NA	NA	NA	
652	chr2:27336642-27337160	1	-65	NA	NA	NA	
653	chr2:28882110-28882645	2	NA	NA	NA	NA	
654	chr2:29757164-29757665	1	117	NA	NA	NA	
655	chr2:29870878-29871472	1	63	NA	NA	NA	
656	chr2:30027741-30028091	1	-51	NA	-157	NA	
657	chr2:30237820-30238319	3	NA	-100	NA	NA	
658	chr2:30416840-30417089	1	81	NA	NA	NA	
659	chr2:30649995-30650588	1	-125	NA	-4	NA	
660	chr2:30974052-30974676	1	56	NA	-6	NA	
661	chr2:31796247-31796736	1	80	NA	-128	NA	
662	chr2:32184768-32185855	1	179	NA	NA	NA	
663	chr2:32392764-32393111	2	NA	NA	NA	NA	
664	chr2:32788592-32789306	1	-93	NA	NA	NA	
665	chr2:34593861-34594481	2	NA	NA	NA	NA	
666	chr2:34648041-34648421	1	-94	NA	NA	NA	
667	chr2:34692714-34693308	2	NA	NA	NA	NA	
668	chr2:35483389-35483818	1	-77	NA	NA	NA	
669	chr2:38293614-38294243	1	29	NA	NA	NA	
670	chr2:43560791-43561188	1	143	NA	NA	NA	
671	chr2:52563956-52564475	1	-98	NA	NA	NA	
672	chr2:53013775-53014460	3	NA	NA	NA	107	
673	chr2:56938637-56939262	2	NA	NA	NA	NA	
674	chr2:58004796-58005390	2	NA	NA	NA	NA	
675	chr2:61393862-61394346	2	NA	NA	NA	NA	
676	chr2:65142872-65143374	2	NA	NA	NA	NA	
677	chr2:70462305-70462807	2	NA	NA	NA	NA	
678	chr2:70675833-70676480	1	116	NA	NA	NA	
679	chr2:72083586-72084030	1	133	NA	NA	NA	
680	chr2:72813485-72813851	2	NA	NA	NA	NA	
681	chr2:75632957-75633405	1	38	NA	-50	NA	
682	chr2:76170688-76171149	2	NA	NA	NA	NA	
683	chr2:83445141-83445700	1	-32	NA	NA	NA	
684	chr2:90647954-90648321	2	NA	NA	NA	NA	
685	chr2:90705294-90705738	1	135	48	NA	NA	
686	chr2:90718097-90718809	2	NA	NA	NA	NA	
687	chr2:90883691-90884086	1	-143	NA	NA	NA	
688	chr2:91450687-91451272	1	24	NA	NA	NA	
689	chr2:94207244-94207754	1	131	83	NA	NA	
690	chr2:105803872-105804264	1	147	NA	NA	NA	
691	chr2:112168676-112169089	1	-69	NA	NA	NA	
692	chr2:112255601-112256062	2	NA	NA	NA	NA	
693	chr2:112293583-112294149	1	-1	NA	NA	NA	
694	chr2:113866600-113866880	1	146	NA	NA	NA	
695	chr2:117034147-117034581	1	138	NA	NA	NA	
696	chr2:118182613-118183011	1	164	NA	NA	NA	
697	chr2:118942158-118942718	2	NA	NA	NA	NA	
698	chr2:119478608-119479090	3	NA	173	NA	NA	
699	chr2:120661856-120662412	1	-141	NA	NA	NA	
700	chr2:120668411-120668932	1	128	NA	NA	-162	
701	chr2:120699769-120700262	1	-58	NA	NA	NA	
702	chr2:121105211-121105731	2	NA	NA	NA	NA	
703	chr2:121148259-121148714	1	135	NA	NA	-178	
704	chr2:121719578-121719985	1	-54	NA	NA	NA	
705	chr2:121809382-121810042	1	-168	NA	NA	NA	
706	chr2:121838936-121839375	2	NA	NA	NA	NA	
707	chr2:122343770-122344340	1	55	NA	NA	NA	
708	chr2:124423960-124424356	2	NA	NA	NA	NA	
709	chr2:126366442-126367494	1	-174	NA	NA	NA	
710	chr2:126624338-126624839	1	-28	NA	NA	NA	
711	chr2:126700033-126700372	1	31	NA	NA	NA	
712	chr2:126899563-126899955	1	133	NA	NA	NA	
713	chr2:127005904-127006434	1	26	NA	NA	NA	
714	chr2:127027521-127028146	2	NA	NA	NA	NA	
715	chr2:128191232-128191739	1	140	NA	NA	NA	
716	chr2:128820927-128821459	1	147	NA	NA	NA	
717	chr2:129870480-129871031	1	-156	NA	104	NA	
718	chr2:129965338-129966160	2	NA	NA	NA	NA	
719	chr2:130115637-130116354	1	-11	NA	NA	NA	
720	chr2:130254833-130255429	1	-149	NA	NA	NA	
721	chr2:130321188-130321707	1	-99	NA	NA	NA	
722	chr2:130358946-130359515	1	-104	NA	23	NA	
723	chr2:131938767-131939528	1	187	NA	0	NA	
724	chr2:146704157-146704682	3	NA	NA	165	NA	
725	chr2:151233637-151234210	1	-96	NA	NA	NA	
726	chr2:152023536-152024044	1	178	NA	NA	NA	
727	chr2:152982594-152983097	1	73	NA	166	NA	
728	chr2:154482601-154483083	1	107	NA	-4	NA	
729	chr2:155647828-155648321	2	NA	NA	NA	NA	
730	chr2:155835413-155835967	1	22	NA	NA	NA	
731	chr2:155870993-155871734	1	95	NA	NA	NA	
732	chr2:156003400-156004253	1	121	NA	NA	NA	
733	chr2:156970461-156970959	1	107	NA	NA	NA	
734	chr2:157857906-157858484	2	NA	NA	NA	NA	
735	chr2:158052537-158053052	1	115	NA	NA	NA	
736	chr2:158357709-158358174	1	-189	NA	NA	NA	
737	chr2:162920600-162920907	1	4	NA	NA	NA	
738	chr2:163293565-163293951	2	NA	NA	NA	NA	
739	chr2:164188467-164188943	2	NA	NA	NA	NA	
740	chr2:164570448-164570957	1	101	NA	NA	NA	
741	chr2:164602661-164603281	1	129	NA	NA	NA	
742	chr2:166240253-166240779	2	NA	NA	NA	NA	
743	chr2:166484741-166485136	2	NA	NA	NA	NA	
744	chr2:166496696-166497016	2	NA	NA	NA	NA	
745	chr2:166754106-166754649	2	NA	NA	NA	NA	
746	chr2:167112730-167113280	2	NA	NA	NA	NA	
747	chr2:167921354-167921764	1	117	NA	NA	NA	
748	chr2:168646266-168646915	1	-16	NA	NA	NA	
749	chr2:172131343-172131866	1	111	NA	NA	NA	
750	chr2:174106649-174107225	1	188	NA	NA	NA	
751	chr2:179906173-179906644	3	NA	NA	NA	-127	
752	chr2:180186240-180187026	1	164	NA	NA	NA	
753	chr2:180896359-180896864	1	85	NA	NA	NA	
754	chr2:181846608-181847477	2	NA	NA	NA	NA	
755	chr3:22153392-22153758	1	-136	NA	NA	NA	
756	chr3:33991587-33992098	1	-171	NA	NA	NA	
757	chr3:37045697-37046022	2	NA	NA	NA	NA	
758	chr3:41838650-41839045	2	NA	NA	NA	NA	
759	chr3:51365127-51365697	1	155	NA	NA	NA	
760	chr3:51847397-51847900	1	120	NA	NA	NA	
761	chr3:52586730-52587218	1	-101	NA	NA	NA	
762	chr3:52642985-52643317	1	54	NA	NA	NA	
763	chr3:52966219-52966665	1	54	NA	NA	NA	
764	chr3:58664543-58665104	2	NA	NA	NA	NA	
765	chr3:58779674-58780318	1	-78	NA	NA	NA	
766	chr3:66045850-66046392	1	-155	NA	NA	NA	
767	chr3:79677084-79677542	1	-56	NA	NA	NA	
768	chr3:84668304-84668721	1	177	NA	NA	NA	
769	chr3:84752041-84752478	1	50	NA	NA	NA	
770	chr3:86923110-86923553	2	NA	NA	NA	NA	
771	chr3:88128934-88129274	1	-29	NA	NA	NA	
772	chr3:88422046-88422453	2	NA	NA	NA	NA	
773	chr3:89958150-89958582	1	60	NA	NA	NA	
774	chr3:90165723-90166400	2	NA	NA	NA	NA	
775	chr3:90299308-90299752	1	184	NA	NA	NA	
776	chr3:90317396-90318057	1	-63	-0	NA	NA	
777	chr3:90672706-90673251	2	NA	NA	NA	NA	
778	chr3:95101143-95101823	2	NA	NA	NA	NA	
779	chr3:95313402-95314267	2	NA	NA	NA	NA	
780	chr3:95743691-95744585	2	NA	NA	NA	NA	
781	chr3:96143070-96143506	1	-71	NA	NA	NA	
782	chr3:96257456-96257893	1	-186	NA	NA	NA	
783	chr3:96305099-96306050	2	NA	NA	NA	NA	
784	chr3:96348125-96348773	2	NA	NA	NA	NA	
785	chr3:96354849-96355820	1	-151	NA	NA	NA	
786	chr3:96413797-96414682	2	NA	NA	NA	NA	
787	chr3:96574540-96574761	1	81	NA	NA	NA	
788	chr3:96665350-96665882	1	95	NA	NA	NA	
789	chr3:96812858-96813485	1	75	-137	NA	NA	
790	chr3:103124663-103125214	2	NA	NA	NA	NA	
791	chr3:104096996-104097736	1	130	NA	NA	NA	
792	chr3:104767569-104768003	2	NA	NA	NA	NA	
793	chr3:108274084-108274446	1	-46	NA	NA	NA	
794	chr3:108682463-108682950	2	NA	NA	NA	NA	
795	chr3:108699478-108700012	1	55	NA	NA	NA	
796	chr3:116504986-116505431	1	-20	NA	NA	NA	
797	chr3:116654148-116654733	2	NA	NA	NA	NA	
798	chr3:123500001-123500514	2	NA	NA	NA	NA	
799	chr3:123500540-123501017	1	-9	NA	NA	NA	
800	chr3:129823000-129823675	1	172	NA	NA	NA	
801	chr3:130719314-130719748	1	113	NA	NA	152	
802	chr3:131197556-131198169	1	-65	NA	NA	NA	
803	chr3:132620958-132621491	1	-174	NA	NA	NA	
804	chr3:133028811-133029428	1	-122	NA	NA	NA	
805	chr3:135339772-135340103	1	68	NA	NA	NA	
806	chr3:136680105-136680640	2	NA	NA	NA	NA	
807	chr3:138080896-138081519	1	18	NA	NA	NA	
808	chr3:138464117-138464447	2	NA	NA	NA	NA	
809	chr3:139142724-139143330	1	5	NA	NA	NA	
810	chr3:142702335-142702894	2	NA	NA	NA	NA	
811	chr3:145875187-145875761	1	171	NA	NA	NA	
812	chr3:146750292-146750780	1	-159	NA	NA	NA	
813	chr3:152147392-152147911	2	NA	NA	NA	NA	
814	chr3:152332883-152334146	1	-16	NA	NA	NA	
815	chr3:157873843-157874291	1	109	NA	NA	NA	
816	chr4:3762419-3762898	2	NA	NA	NA	NA	
817	chr4:6829190-6829625	2	NA	NA	NA	NA	
818	chr4:8574198-8574677	1	-127	NA	NA	NA	
819	chr4:15885056-15885607	2	NA	NA	NA	NA	
820	chr4:32586647-32587057	1	-155	NA	NA	NA	
821	chr4:32753063-32753474	2	NA	NA	NA	NA	
822	chr4:33128607-33129229	1	-45	NA	NA	-79	
823	chr4:33235252-33235709	1	-43	NA	NA	NA	
824	chr4:34803482-34804127	1	-132	NA	NA	NA	
825	chr4:34875937-34876551	1	-173	NA	-104	NA	
826	chr4:35075452-35075712	1	-53	NA	NA	NA	
827	chr4:40331715-40332324	2	NA	NA	NA	NA	
828	chr4:40458054-40458659	2	NA	NA	NA	NA	
829	chr4:41136566-41137384	2	NA	NA	NA	NA	
830	chr4:41159336-41159884	1	118	NA	NA	NA	
831	chr4:45341460-45341917	1	-139	NA	NA	NA	
832	chr4:46410390-46410924	2	NA	NA	NA	NA	
833	chr4:48494206-48494808	1	122	NA	NA	NA	
834	chr4:59097018-59097460	1	3	NA	NA	NA	
835	chr4:61967642-61967950	1	81	NA	NA	NA	
836	chr4:69864305-69864706	2	NA	NA	NA	NA	
837	chr4:86046610-86047121	1	87	NA	NA	NA	
838	chr4:86328238-86328862	1	-151	NA	NA	NA	
839	chr4:88193320-88193749	1	-14	NA	NA	NA	
840	chr4:94048547-94048891	2	NA	NA	NA	NA	
841	chr4:94094977-94095362	1	91	NA	NA	NA	
842	chr4:97874968-97875474	3	NA	111	NA	NA	
843	chr4:102209565-102210053	1	185	NA	NA	NA	
844	chr4:102617258-102617784	1	-143	-6	NA	NA	
845	chr4:105813944-105814544	3	NA	-16	NA	NA	
846	chr4:107377572-107377989	1	-7	NA	NA	NA	
847	chr4:108345526-108346126	1	49	NA	NA	NA	
848	chr4:115551253-115551715	1	78	NA	NA	NA	
849	chr4:115573186-115573632	3	NA	-26	NA	NA	
850	chr4:116125059-116125593	1	42	NA	NA	NA	
851	chr4:116183346-116183879	1	-24	NA	NA	NA	
852	chr4:116618127-116618773	2	NA	NA	NA	NA	
853	chr4:116653484-116654263	3	NA	NA	NA	22	
854	chr4:116680035-116680545	2	NA	NA	NA	NA	
855	chr4:116687759-116688809	2	NA	NA	NA	NA	
856	chr4:116700225-116701107	2	NA	NA	NA	NA	
857	chr4:117907002-117907517	1	120	NA	NA	NA	
858	chr4:118625201-118625774	2	NA	NA	NA	NA	
859	chr4:123252399-123252758	1	-118	NA	NA	NA	
860	chr4:124352922-124353679	2	NA	NA	NA	NA	
861	chr4:124587291-124587756	3	NA	NA	NA	-51	
862	chr4:125605872-125606396	1	-126	NA	NA	NA	
863	chr4:125823783-125824196	2	NA	NA	NA	NA	
864	chr4:125931624-125932109	1	-101	NA	NA	NA	
865	chr4:126255774-126256443	1	-104	NA	NA	NA	
866	chr4:128483490-128483940	1	43	NA	NA	NA	
867	chr4:131484048-131484697	1	133	NA	NA	NA	
868	chr4:131541619-131542338	2	NA	NA	NA	NA	
869	chr4:131601272-131601746	2	NA	NA	NA	NA	
870	chr4:131625434-131625952	1	159	NA	NA	NA	
871	chr4:131735771-131736181	1	-105	NA	NA	NA	
872	chr4:133559071-133559924	2	NA	NA	NA	NA	
873	chr4:135258898-135259342	3	NA	NA	NA	-183	
874	chr4:135325073-135325696	1	153	NA	NA	NA	
875	chr4:135360987-135361502	1	-94	NA	NA	NA	
876	chr4:136660222-136660642	1	167	NA	NA	NA	
877	chr4:140217181-140217590	1	-154	NA	NA	NA	
878	chr4:141399479-141399782	1	43	NA	NA	NA	
879	chr4:147402178-147402727	1	-156	NA	NA	NA	
880	chr4:147470108-147470678	2	NA	NA	NA	NA	
881	chr4:147981149-147981594	1	-39	NA	NA	NA	
882	chr4:148852504-148853031	2	NA	NA	NA	NA	
883	chr4:149698617-149699048	2	NA	NA	NA	NA	
884	chr4:149758103-149758586	1	14	NA	NA	NA	
885	chr4:152855313-152855852	1	-71	NA	NA	NA	
886	chr4:154067175-154067534	1	-55	NA	177	NA	
887	chr4:154445282-154445749	2	NA	NA	NA	NA	
888	chr4:154468242-154469017	1	-26	NA	NA	NA	
889	chr4:154675113-154675913	1	3	NA	-86	NA	
890	chr4:154787316-154787856	1	116	143	NA	NA	
891	chr5:3307052-3307549	1	-149	NA	NA	NA	
892	chr5:20213642-20214303	1	67	NA	43	NA	
893	chr5:20922991-20923569	1	-115	NA	NA	NA	
894	chr5:21213258-21213841	3	NA	NA	NA	-177	
895	chr5:22061888-22062409	1	135	NA	NA	NA	
896	chr5:22930044-22930633	2	NA	NA	NA	NA	
897	chr5:22944819-22946046	2	NA	NA	NA	NA	
898	chr5:23776597-23777015	1	-148	NA	NA	NA	
899	chr5:28647532-28648127	2	NA	NA	NA	NA	
900	chr5:31456146-31456950	1	-151	NA	NA	NA	
901	chr5:31873181-31873696	1	-117	NA	NA	NA	
902	chr5:31974126-31974836	1	-169	NA	NA	NA	
903	chr5:33591077-33591839	2	NA	NA	NA	NA	
904	chr5:33695318-33695940	1	46	NA	NA	NA	
905	chr5:33968713-33969350	2	NA	NA	NA	NA	
906	chr5:36405942-36406675	1	-154	NA	NA	NA	
907	chr5:38508442-38509029	1	-75	NA	NA	NA	
908	chr5:38548495-38548965	1	-62	NA	NA	NA	
909	chr5:45958106-45958607	2	NA	NA	NA	NA	
910	chr5:53778810-53779390	1	181	NA	NA	NA	
911	chr5:65815959-65816542	2	NA	NA	NA	NA	
912	chr5:74817165-74817677	1	-142	NA	NA	NA	
913	chr5:77215063-77215625	1	162	NA	NA	NA	
914	chr5:77258481-77258967	2	NA	NA	NA	NA	
915	chr5:89628567-89629357	1	143	NA	NA	NA	
916	chr5:89795240-89795779	1	-96	NA	NA	NA	
917	chr5:91441488-91442164	2	NA	NA	NA	NA	
918	chr5:93037857-93038279	1	-120	NA	NA	NA	
919	chr5:93158184-93159072	1	9	NA	NA	NA	
920	chr5:99740129-99740415	1	75	NA	NA	NA	
921	chr5:100669553-100670349	1	-66	NA	NA	NA	
922	chr5:101038719-101039149	2	NA	NA	NA	NA	
923	chr5:105882994-105883290	1	-43	NA	NA	NA	
924	chr5:105925258-105925642	1	51	NA	NA	NA	
925	chr5:107505234-107505683	1	85	NA	NA	NA	
926	chr5:107535601-107535837	2	NA	NA	NA	NA	
927	chr5:108140741-108141482	1	-166	NA	NA	NA	
928	chr5:108305732-108306278	2	NA	NA	NA	NA	
929	chr5:108869621-108870127	1	139	NA	NA	NA	
930	chr5:111010530-111011149	1	169	NA	16	NA	
931	chr5:112511696-112512128	1	-152	NA	NA	NA	
932	chr5:114032400-114033139	1	96	NA	NA	NA	
933	chr5:114388964-114389435	1	-141	NA	NA	NA	
934	chr5:115183177-115183647	2	NA	NA	NA	NA	
935	chr5:115498899-115499330	1	-14	NA	NA	NA	
936	chr5:115750282-115752003	1	35	NA	NA	NA	
937	chr5:115820380-115820843	2	NA	NA	NA	NA	
938	chr5:115825787-115826455	2	NA	NA	NA	NA	
939	chr5:116285270-116285773	1	-118	NA	NA	NA	
940	chr5:118416256-118416691	1	102	NA	NA	NA	
941	chr5:118505842-118506371	1	-69	NA	NA	NA	
942	chr5:118621126-118621509	1	-19	NA	NA	NA	
943	chr5:120873676-120874131	1	22	NA	NA	NA	
944	chr5:121464968-121465493	2	NA	NA	NA	NA	
945	chr5:122418469-122418806	3	NA	NA	NA	24	
946	chr5:123081534-123081987	2	NA	NA	NA	NA	
947	chr5:123784557-123784909	1	134	NA	18	NA	
948	chr5:124588087-124588576	2	NA	NA	NA	NA	
949	chr5:124813351-124813823	2	NA	NA	NA	NA	
950	chr5:124839348-124839961	1	-89	NA	NA	NA	
951	chr5:125395115-125395670	1	-96	NA	NA	NA	
952	chr5:125679146-125680094	2	NA	NA	NA	NA	
953	chr5:125765080-125765524	1	96	NA	NA	NA	
954	chr5:129815579-129816194	1	140	NA	NA	NA	
955	chr5:130101550-130102356	2	NA	NA	NA	NA	
956	chr5:130488716-130488998	2	NA	NA	NA	NA	
957	chr5:135654328-135654788	1	60	NA	NA	NA	
958	chr5:136401053-136401570	1	86	NA	NA	NA	
959	chr5:136420403-136420848	1	169	NA	NA	NA	
960	chr5:137731874-137732429	2	NA	NA	NA	NA	
961	chr5:139635692-139636234	1	-146	NA	NA	NA	
962	chr5:143166404-143168209	1	-166	NA	NA	NA	
963	chr5:143185757-143186195	1	178	NA	NA	NA	
964	chr5:143783268-143783911	1	-150	NA	NA	NA	
965	chr5:145393765-145394217	2	NA	NA	NA	NA	
966	chr5:145533872-145534305	1	-11	NA	NA	NA	
967	chr5:148170673-148171187	1	-94	NA	NA	NA	
968	chr5:149494272-149494745	3	NA	121	NA	NA	
969	chr5:150880158-150880580	2	NA	NA	NA	NA	
970	chr6:8159142-8159713	1	-141	NA	-127	NA	
971	chr6:24614716-24615257	1	148	-93	NA	NA	
972	chr6:29559552-29560090	1	129	NA	NA	NA	
973	chr6:30459327-30459962	1	161	NA	NA	NA	
974	chr6:38283911-38284469	1	63	NA	NA	NA	
975	chr6:40400923-40401370	2	NA	NA	NA	NA	
976	chr6:41483850-41484451	1	-112	NA	NA	NA	
977	chr6:47550589-47551293	2	NA	NA	NA	NA	
978	chr6:50346364-50346949	1	-86	NA	NA	NA	
979	chr6:56634059-56634420	1	113	NA	NA	NA	
980	chr6:56644360-56644931	1	5	NA	NA	NA	
981	chr6:72368708-72369166	1	167	NA	-108	NA	
982	chr6:72545949-72546598	2	NA	NA	NA	NA	
983	chr6:83074518-83074981	1	56	NA	NA	NA	
984	chr6:83314934-83315452	2	NA	NA	NA	NA	
985	chr6:83760208-83760822	2	NA	NA	NA	NA	
986	chr6:85417164-85418092	1	102	NA	NA	NA	
987	chr6:86403982-86404530	1	96	NA	NA	NA	
988	chr6:87008001-87008347	2	NA	NA	NA	NA	
989	chr6:87507552-87508141	1	59	NA	NA	NA	
990	chr6:87804068-87804643	1	177	NA	NA	NA	
991	chr6:88484148-88484950	1	188	NA	NA	NA	
992	chr6:91644467-91644934	1	-113	NA	NA	NA	
993	chr6:94726155-94726672	1	118	NA	NA	NA	
994	chr6:94792225-94792442	2	NA	NA	NA	NA	
995	chr6:97114169-97114676	2	NA	NA	NA	NA	
996	chr6:97144408-97144880	2	NA	NA	NA	NA	
997	chr6:98958205-98958623	2	NA	NA	NA	NA	
998	chr6:103614728-103615067	2	NA	NA	NA	NA	
999	chr6:108304225-108304763	2	NA	NA	NA	NA	
1000	chr6:113042615-113043493	1	-59	NA	NA	NA	
1001	chr6:113408261-113408674	2	NA	NA	NA	NA	
1002	chr6:113497175-113497588	1	-129	NA	NA	NA	
1003	chr6:113589863-113590148	1	16	NA	NA	NA	
1004	chr6:117882255-117882853	1	-45	NA	NA	NA	
1005	chr6:120329473-120330325	1	-167	NA	NA	NA	
1006	chr6:120801448-120802063	1	-90	NA	NA	NA	
1007	chr6:122493271-122493485	2	NA	NA	NA	NA	
1008	chr6:124706118-124707102	2	NA	NA	NA	NA	
1009	chr6:124716085-124716426	2	NA	NA	NA	NA	
1010	chr6:124930801-124931400	1	-65	NA	NA	NA	
1011	chr6:128390238-128390663	1	171	NA	NA	NA	
1012	chr6:129574081-129574472	1	-73	NA	NA	NA	
1013	chr6:131319067-131319558	1	-79	NA	NA	NA	
1014	chr6:134977171-134977469	1	-90	-109	NA	NA	
1015	chr6:136768057-136768751	2	NA	NA	NA	NA	
1016	chr6:137718590-137719044	1	18	NA	NA	NA	
1017	chr6:142529265-142529490	2	NA	NA	NA	NA	
1018	chr6:142780292-142780619	2	NA	NA	NA	NA	
1019	chr6:142874510-142875124	2	NA	NA	NA	NA	
1020	chr6:144627604-144627986	1	52	NA	NA	NA	
1021	chr6:145032771-145033358	2	NA	NA	NA	NA	
1022	chr6:146999763-147000229	1	-7	NA	NA	NA	
1023	chr6:147048359-147049036	1	-187	NA	NA	97	
1024	chr6:148853143-148853609	1	-140	NA	NA	NA	
1025	chr6:149145511-149146110	1	-150	NA	NA	NA	
1026	chr7:4683095-4683683	1	-21	NA	NA	NA	
1027	chr7:11934485-11935212	1	-89	NA	NA	NA	
1028	chr7:15445115-15445604	1	-38	NA	NA	NA	
1029	chr7:16082393-16082886	1	-187	NA	NA	NA	
1030	chr7:18236196-18236731	1	-101	NA	NA	NA	
1031	chr7:24615722-24616302	1	107	NA	NA	NA	
1032	chr7:25427414-25428072	1	-154	NA	NA	NA	
1033	chr7:27642213-27642525	1	61	NA	NA	NA	
1034	chr7:28843421-28843689	2	NA	NA	NA	NA	
1035	chr7:28888889-28889622	1	120	36	NA	NA	
1036	chr7:30082324-30082689	2	NA	NA	NA	NA	
1037	chr7:33877065-33877565	1	109	NA	NA	NA	
1038	chr7:35263952-35264518	1	4	NA	NA	NA	
1039	chr7:43430210-43430634	1	78	NA	NA	NA	
1040	chr7:44114672-44115222	2	NA	NA	NA	NA	
1041	chr7:44760171-44760650	2	NA	NA	NA	NA	
1042	chr7:45460153-45460540	1	-110	NA	NA	NA	
1043	chr7:45601493-45601844	1	118	NA	NA	NA	
1044	chr7:45790893-45791486	1	-122	NA	NA	NA	
1045	chr7:46663856-46664365	1	-123	NA	NA	NA	
1046	chr7:46787608-46788312	1	-158	NA	NA	NA	
1047	chr7:48005459-48005706	1	-2	NA	NA	NA	
1048	chr7:51729830-51730569	1	-179	NA	NA	NA	
1049	chr7:55661947-55662560	2	NA	NA	NA	NA	
1050	chr7:55917778-55918481	1	49	NA	NA	NA	
1051	chr7:66112037-66112504	2	NA	NA	NA	NA	
1052	chr7:67251759-67252426	1	120	NA	NA	NA	
1053	chr7:73491374-73492292	2	NA	NA	NA	NA	
1054	chr7:79339423-79340104	1	-35	NA	NA	NA	
1055	chr7:83531327-83531925	1	93	NA	-59	NA	
1056	chr7:90220044-90220534	1	-28	NA	NA	NA	
1057	chr7:90317845-90318338	2	NA	NA	NA	NA	
1058	chr7:90332213-90332652	1	-88	NA	NA	NA	
1059	chr7:101779486-101780094	1	62	NA	-40	NA	
1060	chr7:101938709-101939243	1	-112	51	NA	NA	
1061	chr7:105428101-105428590	2	NA	NA	NA	NA	
1062	chr7:109543224-109543850	1	53	NA	NA	NA	
1063	chr7:110410458-110410905	1	-76	NA	NA	NA	
1064	chr7:110873881-110874488	2	NA	NA	NA	NA	
1065	chr7:110913293-110913923	2	NA	NA	NA	NA	
1066	chr7:114271021-114271405	2	NA	NA	NA	NA	
1067	chr7:116125071-116125568	1	100	NA	NA	NA	
1068	chr7:117920308-117921051	1	-61	NA	NA	NA	
1069	chr7:119584839-119585330	1	-154	NA	NA	NA	
1070	chr7:121858011-121858796	1	152	NA	NA	NA	
1071	chr7:121923955-121924437	1	96	NA	NA	NA	
1072	chr7:125991291-125991667	2	NA	NA	NA	NA	
1073	chr7:126160333-126160968	1	156	NA	NA	NA	
1074	chr7:126583263-126583952	1	185	NA	NA	NA	
1075	chr7:126833457-126833822	1	-143	NA	NA	NA	
1076	chr7:126882192-126882664	1	52	NA	NA	NA	
1077	chr7:127045270-127045990	1	-78	NA	NA	NA	
1078	chr7:127667669-127668230	2	NA	NA	NA	NA	
1079	chr7:127703465-127703951	1	-54	NA	NA	NA	
1080	chr7:127758501-127758983	2	NA	NA	NA	NA	
1081	chr7:132241009-132241398	2	NA	NA	NA	NA	
1082	chr7:132573496-132573955	1	100	NA	NA	NA	
1083	chr7:133547037-133547444	2	NA	NA	NA	NA	
1084	chr7:139988808-139989315	2	NA	NA	NA	NA	
1085	chr7:140058147-140058751	1	-83	NA	NA	NA	
1086	chr7:140225540-140226066	1	-95	NA	NA	NA	
1087	chr7:141179377-141179782	3	NA	-83	NA	-26	
1088	chr7:141298638-141299198	1	-41	NA	NA	NA	
1089	chr7:141711487-141711833	1	10	NA	NA	NA	
1090	chr7:142342417-142343040	1	20	NA	NA	NA	
1091	chr8:4324977-4325672	2	NA	NA	NA	NA	
1092	chr8:9976103-9976524	1	93	NA	NA	NA	
1093	chr8:11497348-11497861	1	32	NA	NA	NA	
1094	chr8:11757990-11758514	1	-135	NA	NA	NA	
1095	chr8:13213329-13213951	1	95	NA	NA	NA	
1096	chr8:14994387-14994800	2	NA	NA	NA	NA	
1097	chr8:15014201-15014803	1	16	NA	NA	NA	
1098	chr8:20438797-20439310	3	NA	104	NA	NA	
1099	chr8:23658255-23658708	1	-39	NA	NA	NA	
1100	chr8:26533495-26534195	2	NA	NA	NA	NA	
1101	chr8:27250791-27251378	1	85	NA	NA	NA	
1102	chr8:27459418-27459888	1	122	NA	NA	NA	
1103	chr8:32615281-32615977	2	NA	NA	NA	NA	
1104	chr8:32634295-32634710	2	NA	NA	NA	NA	
1105	chr8:35107681-35108174	1	-76	NA	NA	NA	
1106	chr8:47662159-47662445	1	-186	NA	NA	NA	
1107	chr8:49212471-49212887	1	-162	NA	NA	NA	
1108	chr8:72645468-72645957	2	NA	NA	NA	NA	
1109	chr8:72719894-72720628	1	31	-77	NA	NA	
1110	chr8:72830255-72830935	1	158	NA	NA	NA	
1111	chr8:72971411-72971947	1	131	NA	8	NA	
1112	chr8:73602388-73603068	2	NA	NA	NA	NA	
1113	chr8:73627622-73628614	2	NA	NA	NA	NA	
1114	chr8:80318976-80319401	2	NA	NA	NA	NA	
1115	chr8:82574849-82575413	1	155	NA	NA	NA	
1116	chr8:84393290-84393743	1	-60	NA	NA	NA	
1117	chr8:86498126-86498777	2	NA	NA	NA	NA	
1118	chr8:86605299-86605800	1	-176	NA	NA	NA	
1119	chr8:87746873-87747302	1	-78	NA	NA	NA	
1120	chr8:87868520-87869068	1	173	NA	NA	NA	
1121	chr8:97555655-97556174	2	NA	NA	NA	NA	
1122	chr8:98604759-98605268	1	117	NA	NA	NA	
1123	chr8:101771534-101771797	2	NA	NA	NA	NA	
1124	chr8:107139904-107140366	2	NA	NA	NA	NA	
1125	chr8:108155705-108156259	1	-135	NA	NA	NA	
1126	chr8:108789495-108789908	2	NA	NA	NA	NA	
1127	chr8:109572242-109572661	2	NA	NA	NA	NA	
1128	chr8:109937342-109938057	1	-151	NA	NA	NA	
1129	chr8:109945534-109946188	1	-41	NA	NA	NA	
1130	chr8:110182262-110182796	1	36	NA	NA	NA	
1131	chr8:112454746-112455197	1	-121	NA	NA	NA	
1132	chr8:113733101-113733524	1	-96	NA	NA	NA	
1133	chr8:114482495-114482802	1	132	NA	NA	NA	
1134	chr8:122280769-122281109	1	4	NA	NA	NA	
1135	chr8:122309700-122310250	1	116	NA	NA	NA	
1136	chr8:122987219-122987699	2	NA	NA	NA	NA	
1137	chr8:124734306-124734892	2	NA	NA	NA	NA	
1138	chr8:125169961-125171019	1	143	NA	NA	NA	
1139	chr8:125928420-125928906	1	95	NA	NA	NA	
1140	chr8:125951487-125952029	2	NA	NA	NA	NA	
1141	chr8:125988260-125988827	1	-59	NA	NA	NA	
1142	chr8:126110618-126111199	1	88	NA	-145	NA	
1143	chr8:126364979-126365377	1	-35	NA	NA	NA	
1144	chr8:127608094-127608671	2	NA	NA	NA	NA	
1145	chr8:127748833-127749384	1	-103	NA	NA	NA	
1146	chr8:127898789-127899317	1	16	NA	NA	NA	
1147	chr8:130849014-130849418	2	NA	NA	NA	NA	
1148	chr9:3258608-3259000	2	NA	NA	NA	NA	
1149	chr9:7184295-7184701	1	-102	NA	NA	NA	
1150	chr9:13499313-13499972	1	-52	NA	NA	NA	
1151	chr9:13935926-13936408	1	-99	NA	NA	NA	
1152	chr9:15030020-15030539	1	104	NA	NA	NA	
1153	chr9:15107886-15108238	1	-161	NA	NA	NA	
1154	chr9:20242846-20243442	1	-123	NA	NA	NA	
1155	chr9:20357566-20358206	1	34	NA	NA	NA	
1156	chr9:20638490-20639183	2	NA	NA	NA	NA	
1157	chr9:20648862-20649209	1	71	NA	NA	NA	
1158	chr9:20766137-20766763	2	NA	NA	NA	NA	
1159	chr9:20823632-20824176	1	117	NA	NA	NA	
1160	chr9:21881801-21882192	1	161	NA	NA	NA	
1161	chr9:22218344-22218801	1	-166	NA	NA	NA	
1162	chr9:24292359-24292641	2	NA	NA	NA	NA	
1163	chr9:24901731-24902206	1	-87	NA	NA	NA	
1164	chr9:25001268-25001740	1	91	NA	NA	NA	
1165	chr9:32810455-32810991	2	NA	NA	NA	NA	
1166	chr9:37238605-37239156	1	-178	NA	NA	NA	
1167	chr9:44085457-44087039	1	-129	NA	NA	NA	
1168	chr9:44112393-44112836	1	131	90	NA	NA	
1169	chr9:44288639-44289359	1	177	NA	NA	NA	
1170	chr9:45695907-45696510	1	58	NA	NA	NA	
1171	chr9:45735594-45736052	1	-111	NA	NA	NA	
1172	chr9:46033757-46034269	3	NA	92	NA	NA	
1173	chr9:48247270-48247790	2	NA	NA	NA	NA	
1174	chr9:50369174-50369812	1	120	NA	NA	NA	
1175	chr9:50411458-50412078	2	NA	NA	NA	NA	
1176	chr9:51170282-51170510	1	90	NA	NA	NA	
1177	chr9:56216872-56217386	1	-166	NA	NA	NA	
1178	chr9:57335350-57336076	1	21	NA	NA	NA	
1179	chr9:59089366-59089908	1	-131	NA	NA	NA	
1180	chr9:59477934-59478495	2	NA	NA	NA	NA	
1181	chr9:60789467-60790094	2	NA	NA	NA	NA	
1182	chr9:60796955-60797516	1	-18	NA	NA	NA	
1183	chr9:61505759-61506378	2	NA	NA	NA	NA	
1184	chr9:63976969-63977611	1	129	NA	NA	NA	
1185	chr9:64808564-64809134	1	-99	NA	NA	NA	
1186	chr9:64830247-64830820	1	0	NA	NA	NA	
1187	chr9:64993689-64994818	1	44	NA	NA	NA	
1188	chr9:65682839-65683251	3	NA	67	NA	NA	
1189	chr9:65858091-65858480	1	-40	NA	NA	NA	
1190	chr9:65922591-65922929	1	-94	NA	NA	NA	
1191	chr9:66744897-66745458	1	160	NA	NA	NA	
1192	chr9:68833688-68834188	2	NA	NA	NA	NA	
1193	chr9:70220366-70220898	2	NA	NA	NA	NA	
1194	chr9:70890585-70891037	1	-108	NA	NA	NA	
1195	chr9:71283943-71284757	2	NA	NA	NA	NA	
1196	chr9:78233565-78234136	3	NA	NA	NA	-157	
1197	chr9:78267033-78267454	1	154	NA	NA	NA	
1198	chr9:95666825-95667316	1	40	NA	NA	NA	
1199	chr9:96528654-96529419	2	NA	NA	NA	NA	
1200	chr9:96698953-96699500	1	-144	NA	NA	NA	
1201	chr9:99385150-99385406	2	NA	NA	NA	NA	
1202	chr9:100355131-100355544	1	16	NA	NA	NA	
1203	chr9:104911151-104911604	1	70	NA	NA	NA	
1204	chr9:106017882-106018473	1	174	NA	NA	NA	
1205	chr9:107421085-107421643	1	71	NA	-113	NA	
1206	chr9:108197023-108197643	1	61	NA	NA	NA	
1207	chr9:108205878-108206334	1	35	NA	NA	NA	
1208	chr9:108506193-108507026	2	NA	NA	NA	NA	
1209	chr9:110321260-110321857	1	99	NA	NA	NA	
1210	chr9:110377778-110378190	2	NA	NA	NA	NA	
1211	chr9:114270376-114270805	1	-104	NA	NA	NA	
1212	chr9:114320553-114320992	2	NA	NA	NA	NA	
1213	chr9:114579767-114580265	2	NA	NA	NA	NA	
1214	chr9:114601512-114602141	2	NA	NA	NA	NA	
1215	chr9:116023652-116024364	2	NA	NA	NA	NA	
1216	chr9:117889297-117889783	1	102	NA	NA	NA	
1217	chr9:119592563-119593108	1	27	NA	NA	NA	
1218	chr9:119976268-119976911	2	NA	NA	NA	NA	
1219	chrM:2141-4058	1	105	NA	NA	NA	
1220	chrX:83490983-83491232	2	NA	NA	NA	NA	
1221	chrX:98391797-98392282	1	-109	NA	NA	NA	
1222	chrX:100183815-100184206	1	96	NA	NA	NA	
1223	chrX:129405501-129405889	1	72	NA	NA	NA	
1224	chrX:138729280-138729529	2	NA	NA	NA	NA	
1225	chrX:147573778-147574128	1	96	-114	NA	NA	
