Number of sequences: 1256
Number of programs: 3
Number of motifs: 14
Motif widths: 14 12 14 17 12 12 12 12 12 13 12 12 12 13 
Program 1: total 989
 motif #1: 807 of 989 (0.815912 posterior)
 motif #2: 521 of 989 (0.526789 posterior)
 motif #3: 263 of 989 (0.265973 posterior)
 motif #4: 256 of 989 (0.258896 posterior)
 motif #5: 168 of 989 (0.169935 posterior)
 motif #6: 134 of 989 (0.135564 posterior)
 motif #7: 123 of 989 (0.124444 posterior)
 motif #8: 100 of 989 (0.101193 posterior)
 motif #9: 103 of 989 (0.104226 posterior)
 motif #10: 92 of 989 (0.093106 posterior)
 motif #11: 93 of 989 (0.094116 posterior)
 motif #12: 19 of 989 (0.019309 posterior)
 motif #13: 28 of 989 (0.028407 posterior)
 motif #14: 26 of 989 (0.026385 posterior)

Program 2: total 250

Program 3: total 17
 motif #8: 5 of 17 (0.296512 posterior)
 motif #12: 14 of 17 (0.819767 posterior)

Motif #1
total sequences 807
A	[ 182.0	108.0	58.0	107.0	505.0	0.0	32.0	0.0	0.0	14.0	0.0	0.0	55.0	81.0	]
C	[ 319.0	279.0	363.0	458.0	65.0	697.0	0.0	0.0	807.0	793.0	0.0	181.0	298.0	276.0	]
G	[ 179.0	299.0	173.0	127.0	208.0	0.0	0.0	0.0	0.0	0.0	553.0	585.0	64.0	185.0	]
T	[ 127.0	121.0	213.0	115.0	29.0	110.0	775.0	807.0	0.0	0.0	254.0	41.0	390.0	265.0	]
Motif #2
total sequences 521
A	[ 155.0	155.0	70.0	5.0	-0.0	56.0	52.0	143.0	2.0	0.0	25.0	95.0	]
C	[ 272.0	152.0	137.0	454.0	439.0	465.0	469.0	7.0	499.0	521.0	437.0	332.0	]
G	[ -0.0	147.0	221.0	-0.0	32.0	0.0	-0.0	306.0	-0.0	-0.0	0.0	22.0	]
T	[ 94.0	67.0	93.0	62.0	50.0	-0.0	0.0	65.0	20.0	-0.0	59.0	72.0	]
Motif #3
total sequences 263
A	[ 106.0	2.0	-0.0	19.0	78.0	28.0	52.0	22.0	-0.0	69.0	29.0	49.0	-0.0	39.0	]
C	[ 18.0	42.0	24.0	41.0	25.0	0.0	0.0	-0.0	18.0	8.0	72.0	44.0	0.0	31.0	]
G	[ 0.0	55.0	95.0	64.0	-0.0	158.0	64.0	29.0	168.0	79.0	0.0	53.0	60.0	33.0	]
T	[ 139.0	164.0	144.0	139.0	160.0	77.0	147.0	212.0	77.0	107.0	162.0	117.0	203.0	160.0	]
Motif #4
total sequences 256
A	[ 42.0	18.0	33.0	54.0	39.0	32.0	24.0	10.0	35.0	7.0	7.0	27.0	4.0	-0.0	0.0	217.0	0.0	]
C	[ 57.0	140.0	143.0	72.0	132.0	112.0	35.0	176.0	158.0	0.0	231.0	186.0	2.0	252.0	256.0	4.0	48.0	]
G	[ 112.0	59.0	50.0	102.0	39.0	89.0	169.0	62.0	51.0	230.0	-0.0	0.0	250.0	0.0	0.0	17.0	0.0	]
T	[ 45.0	39.0	30.0	28.0	46.0	23.0	28.0	8.0	12.0	19.0	18.0	43.0	-0.0	4.0	0.0	18.0	208.0	]
Motif #5
total sequences 168
A	[ 89.0	0.0	27.0	134.0	-0.0	22.0	91.0	44.0	24.0	52.0	0.0	32.0	]
C	[ 0.0	-0.0	-0.0	29.0	26.0	0.0	24.0	-0.0	0.0	37.0	0.0	1.0	]
G	[ 71.0	168.0	141.0	-0.0	142.0	140.0	23.0	106.0	139.0	-0.0	163.0	135.0	]
T	[ 8.0	-0.0	-0.0	5.0	-0.0	6.0	30.0	18.0	5.0	79.0	5.0	0.0	]
Motif #6
total sequences 134
A	[ 23.0	11.0	-0.0	117.0	-0.0	20.0	0.0	0.0	118.0	-0.0	12.0	26.0	]
C	[ 23.0	31.0	60.0	-0.0	131.0	-0.0	10.0	70.0	11.0	79.0	85.0	32.0	]
G	[ 82.0	0.0	72.0	2.0	-0.0	114.0	-0.0	52.0	0.0	1.0	10.0	33.0	]
T	[ 6.0	92.0	2.0	15.0	3.0	-0.0	124.0	12.0	5.0	54.0	27.0	43.0	]
Motif #7
total sequences 123
A	[ 45.0	0.0	90.0	75.0	74.0	-0.0	31.0	-0.0	91.0	49.0	3.0	0.0	]
C	[ 4.0	4.0	33.0	0.0	0.0	84.0	26.0	0.0	27.0	0.0	0.0	104.0	]
G	[ 74.0	119.0	-0.0	48.0	49.0	39.0	20.0	123.0	5.0	74.0	120.0	10.0	]
T	[ -0.0	-0.0	0.0	0.0	-0.0	0.0	46.0	-0.0	0.0	0.0	-0.0	9.0	]
Motif #8
total sequences 105
A	[ -0.0	4.0	4.0	-0.0	-0.0	3.0	11.0	-0.0	10.0	-0.0	-0.0	-0.0	]
C	[ 105.0	75.0	0.0	99.0	80.0	33.0	94.0	44.0	1.0	84.0	105.0	52.0	]
G	[ -0.0	0.0	62.0	5.0	25.0	44.0	0.0	0.0	9.0	0.0	0.0	24.0	]
T	[ -0.0	26.0	39.0	1.0	-0.0	25.0	-0.0	61.0	85.0	21.0	-0.0	29.0	]
Motif #9
total sequences 103
A	[ 13.0	103.0	101.0	20.0	103.0	-0.0	-0.0	-0.0	-0.0	1.0	14.0	29.0	]
C	[ 66.0	-0.0	2.0	23.0	0.0	0.0	0.0	0.0	102.0	21.0	17.0	60.0	]
G	[ 15.0	0.0	-0.0	60.0	0.0	1.0	103.0	97.0	0.0	62.0	67.0	0.0	]
T	[ 9.0	-0.0	-0.0	-0.0	-0.0	102.0	-0.0	6.0	1.0	19.0	5.0	14.0	]
Motif #10
total sequences 92
A	[ 16.0	0.0	5.0	0.0	37.0	0.0	0.0	0.0	0.0	0.0	92.0	4.0	25.0	]
C	[ 5.0	92.0	0.0	92.0	24.0	5.0	0.0	92.0	0.0	81.0	0.0	24.0	12.0	]
G	[ 69.0	0.0	85.0	0.0	31.0	14.0	92.0	0.0	92.0	0.0	0.0	58.0	14.0	]
T	[ 2.0	0.0	2.0	0.0	0.0	73.0	0.0	0.0	0.0	11.0	0.0	6.0	41.0	]
Motif #11
total sequences 93
A	[ 53.0	26.0	-0.0	-0.0	92.0	93.0	-0.0	16.0	46.0	17.0	55.0	26.0	]
C	[ 7.0	0.0	93.0	93.0	0.0	0.0	0.0	47.0	9.0	20.0	37.0	0.0	]
G	[ 33.0	58.0	0.0	0.0	1.0	0.0	-0.0	29.0	38.0	56.0	1.0	64.0	]
T	[ -0.0	9.0	-0.0	-0.0	-0.0	-0.0	93.0	1.0	-0.0	-0.0	-0.0	3.0	]
Motif #12
total sequences 33
A	[ 23.0	-0.0	33.0	0.0	29.0	31.0	7.0	6.0	33.0	1.0	0.0	17.0	]
C	[ 3.0	-0.0	0.0	-0.0	0.0	-0.0	7.0	13.0	-0.0	-0.0	33.0	-0.0	]
G	[ -0.0	33.0	-0.0	-0.0	-0.0	2.0	19.0	14.0	-0.0	-0.0	-0.0	-0.0	]
T	[ 7.0	0.0	-0.0	33.0	4.0	0.0	-0.0	-0.0	0.0	32.0	-0.0	16.0	]
Motif #13
total sequences 28
A	[ 1.0	2.0	-0.0	-0.0	18.0	-0.0	7.0	-0.0	-0.0	6.0	28.0	-0.0	]
C	[ 1.0	3.0	24.0	28.0	1.0	0.0	2.0	-0.0	9.0	-0.0	-0.0	26.0	]
G	[ 3.0	13.0	0.0	0.0	4.0	4.0	19.0	19.0	-0.0	0.0	-0.0	-0.0	]
T	[ 23.0	10.0	4.0	-0.0	5.0	24.0	-0.0	9.0	19.0	22.0	0.0	2.0	]
Motif #14
total sequences 26
A	[ 7.0	4.0	3.0	3.0	3.0	18.0	0.0	0.0	1.0	0.0	0.0	0.0	0.0	]
C	[ 10.0	22.0	0.0	23.0	15.0	8.0	16.0	24.0	2.0	26.0	26.0	26.0	3.0	]
G	[ 8.0	0.0	22.0	0.0	0.0	0.0	4.0	2.0	0.0	0.0	0.0	0.0	23.0	]
T	[ 1.0	0.0	1.0	0.0	8.0	0.0	6.0	0.0	23.0	0.0	0.0	0.0	0.0	]
Motif #1; total sequences 807; NNNcaCTTCCggNN / NNccGGAAGtgNNN
Motif #2; total sequences 521; cNNCCCCgCCCc / gGGGcGGGGNNg
Motif #3; total sequences 263; tttttgtTgNtNtt / aaNaNcAacaaaaa
Motif #4; total sequences 256; NccNcNgccGCcGCCAT / ATGGCgGCggcNgNggN
Motif #5; total sequences 168; aGGaGGagGNGG / CCNCctCCtCCt
Motif #6; total sequences 134; gtgACGTcAccN / NggTgACGTcac
Motif #7; total sequences 123; gGaaacNGagGC / GCctCNgtttCc
Motif #8; total sequences 105; CcgCcNCtTcCN / NGgAaGNgGcgG
Motif #9; total sequences 103; cAAgATGGCggc / gccGCCATcTTg
Motif #10; total sequences 92; gCGCNtGCGCAgN / NcTGCGCaNGCGc
Motif #11; total sequences 93; agCCAATcRgag / ctcYgATTGGct
Motif #12; total sequences 33; aGATAAgNATCa / tGATNcTTATCt
Motif #13; total sequences 28; TNCCaTggttAC / GTaaccAtGGNA
Motif #14; total sequences 26; NCGCcacCTCCCG / CGGGAGgtgGCGN

Full posterior for run 9 is 17521.598525
