Number of sequences: 1056
Number of programs: 2
Number of motifs: 9
Motif widths: 11 12 13 12 12 12 13 12 12 
Program 1: total 917
 motif #1: 908 of 917 (0.990078 posterior)
 motif #2: 126 of 917 (0.137484 posterior)
 motif #3: 107 of 917 (0.116768 posterior)
 motif #4: 99 of 917 (0.108046 posterior)
 motif #5: 94 of 917 (0.102595 posterior)
 motif #6: 91 of 917 (0.099324 posterior)
 motif #7: 66 of 917 (0.072067 posterior)
 motif #8: 65 of 917 (0.070977 posterior)
 motif #9: 39 of 917 (0.042630 posterior)

Program 2: total 139

Motif #1
total sequences 908
A	[ 433.0	104.0	518.0	-0.0	-0.0	908.0	814.0	207.0	52.0	105.0	205.0	]
C	[ 88.0	618.0	377.0	-0.0	0.0	-0.0	2.0	-0.0	226.0	132.0	204.0	]
G	[ 306.0	186.0	13.0	908.0	908.0	-0.0	-0.0	701.0	38.0	596.0	452.0	]
T	[ 81.0	0.0	-0.0	-0.0	-0.0	-0.0	92.0	-0.0	592.0	75.0	47.0	]
Motif #2
total sequences 126
A	[ 37.0	-0.0	-0.0	-0.0	1.0	-0.0	-0.0	-0.0	-0.0	-0.0	11.0	10.0	]
C	[ 23.0	63.0	-0.0	2.0	120.0	126.0	-0.0	-0.0	-0.0	17.0	9.0	24.0	]
G	[ 66.0	-0.0	-0.0	-0.0	5.0	-0.0	18.0	114.0	-0.0	64.0	36.0	51.0	]
T	[ -0.0	63.0	126.0	124.0	-0.0	-0.0	108.0	12.0	126.0	45.0	70.0	41.0	]
Motif #3
total sequences 107
A	[ 64.0	49.0	-0.0	-0.0	80.0	1.0	107.0	49.0	67.0	16.0	44.0	22.0	31.0	]
C	[ 1.0	27.0	107.0	102.0	27.0	106.0	-0.0	4.0	27.0	57.0	37.0	79.0	68.0	]
G	[ 28.0	29.0	-0.0	5.0	-0.0	-0.0	-0.0	54.0	7.0	23.0	4.0	6.0	-0.0	]
T	[ 14.0	2.0	-0.0	-0.0	-0.0	-0.0	-0.0	-0.0	6.0	11.0	22.0	-0.0	8.0	]
Motif #4
total sequences 99
A	[ 1.0	5.0	17.0	0.0	18.0	-0.0	-0.0	-0.0	26.0	3.0	18.0	20.0	]
C	[ 95.0	79.0	82.0	99.0	2.0	99.0	99.0	99.0	55.0	96.0	31.0	44.0	]
G	[ 0.0	-0.0	-0.0	-0.0	61.0	-0.0	-0.0	-0.0	9.0	0.0	1.0	25.0	]
T	[ 3.0	15.0	-0.0	-0.0	18.0	-0.0	-0.0	-0.0	9.0	0.0	49.0	10.0	]
Motif #5
total sequences 94
A	[ 6.0	5.0	-0.0	78.0	0.0	31.0	19.0	-0.0	0.0	40.0	1.0	1.0	]
C	[ 59.0	89.0	94.0	0.0	85.0	60.0	45.0	76.0	66.0	-0.0	82.0	93.0	]
G	[ 29.0	0.0	-0.0	0.0	0.0	3.0	11.0	0.0	-0.0	43.0	11.0	-0.0	]
T	[ -0.0	-0.0	0.0	16.0	9.0	0.0	19.0	18.0	28.0	11.0	0.0	-0.0	]
Motif #6
total sequences 91
A	[ 32.0	23.0	47.0	91.0	53.0	0.0	-0.0	68.0	1.0	91.0	4.0	18.0	]
C	[ 2.0	16.0	30.0	-0.0	21.0	87.0	91.0	12.0	80.0	-0.0	0.0	38.0	]
G	[ 57.0	52.0	14.0	0.0	17.0	4.0	-0.0	4.0	10.0	-0.0	84.0	19.0	]
T	[ 0.0	0.0	0.0	-0.0	-0.0	-0.0	-0.0	7.0	-0.0	0.0	3.0	16.0	]
Motif #7
total sequences 66
A	[ 22.0	17.0	24.0	30.0	1.0	0.0	66.0	0.0	22.0	0.0	1.0	0.0	1.0	]
C	[ 16.0	14.0	14.0	21.0	63.0	66.0	0.0	61.0	1.0	0.0	65.0	66.0	6.0	]
G	[ 19.0	3.0	17.0	15.0	0.0	0.0	0.0	0.0	0.0	0.0	0.0	0.0	14.0	]
T	[ 9.0	32.0	11.0	0.0	2.0	0.0	0.0	5.0	43.0	66.0	0.0	0.0	45.0	]
Motif #8
total sequences 65
A	[ -0.0	-0.0	0.0	25.0	8.0	-0.0	2.0	-0.0	-0.0	-0.0	-0.0	-0.0	]
C	[ 28.0	57.0	65.0	20.0	12.0	65.0	51.0	59.0	26.0	-0.0	65.0	55.0	]
G	[ 28.0	-0.0	-0.0	12.0	45.0	-0.0	0.0	-0.0	-0.0	49.0	-0.0	10.0	]
T	[ 9.0	8.0	-0.0	8.0	-0.0	-0.0	12.0	6.0	39.0	16.0	-0.0	-0.0	]
Motif #9
total sequences 39
A	[ -0.0	7.0	-0.0	-0.0	39.0	-0.0	-0.0	-0.0	-0.0	-0.0	2.0	7.0	]
C	[ 34.0	-0.0	39.0	39.0	-0.0	-0.0	37.0	6.0	0.0	8.0	17.0	19.0	]
G	[ 3.0	32.0	-0.0	-0.0	-0.0	-0.0	1.0	-0.0	-0.0	27.0	14.0	3.0	]
T	[ 2.0	-0.0	-0.0	-0.0	-0.0	39.0	1.0	33.0	39.0	4.0	6.0	10.0	]
Motif #1; total sequences 908; NcaGGAAgtgN / NcacTTCCtgN
Motif #2; total sequences 126; gYTTCCTGTgtN / NacACAGGAARc
Motif #3; total sequences 107; aNCCaCAgacNcc / ggNgtcTGtGGNt
Motif #4; total sequences 99; CcCCgCCCcCNN / NNGgGGGcGGgG
Motif #5; total sequences 94; cCCACcNCcNCC / GGNgGNgGTGGg
Motif #6; total sequences 91; ggaAaCCaCAGN / NCTGtGGtTtcc
Motif #7; total sequences 66; NNNNCCACtTCCt / aGGAaGTGGNNNN
Motif #8; total sequences 65; NCCNgCcCtgCC / GGcaGgGcNGGN
Motif #9; total sequences 39; CGCCATCTTgNN / NNcAAGATGGCG

Full posterior for run 5 is 10402.984394
