Number of sequences: 1286
Number of programs: 3
Number of motifs: 5
Motif widths: 11 14 13 13 25 
Program 1: total 964
 motif #1: 961 of 964 (0.996785 posterior)
 motif #2: 239 of 964 (0.247978 posterior)
 motif #3: 140 of 964 (0.145302 posterior)
 motif #4: 91 of 964 (0.094482 posterior)
 motif #5: 50 of 964 (0.051960 posterior)

Program 2: total 290

Program 3: total 32
 motif #2: 24 of 32 (0.748447 posterior)
 motif #3: 9 of 32 (0.282609 posterior)
 motif #4: 4 of 32 (0.127329 posterior)

Motif #1
total sequences 961
A	[ 263.0	38.0	70.0	0.0	68.0	939.0	3.0	-0.0	279.0	113.0	158.0	]
C	[ 150.0	318.0	420.0	188.0	100.0	14.0	0.0	927.0	0.0	295.0	271.0	]
G	[ 109.0	158.0	254.0	47.0	0.0	8.0	0.0	0.0	22.0	310.0	152.0	]
T	[ 439.0	447.0	217.0	726.0	793.0	0.0	958.0	34.0	660.0	243.0	380.0	]
Motif #2
total sequences 263
A	[ 20.0	34.0	177.0	0.0	33.0	0.0	0.0	0.0	0.0	1.0	0.0	18.0	31.0	33.0	]
C	[ 146.0	163.0	59.0	192.0	-0.0	-0.0	262.0	263.0	-0.0	71.0	88.0	92.0	70.0	95.0	]
G	[ 18.0	15.0	27.0	0.0	1.0	0.0	1.0	0.0	15.0	126.0	20.0	58.0	38.0	59.0	]
T	[ 79.0	51.0	-0.0	71.0	229.0	263.0	-0.0	0.0	248.0	65.0	155.0	95.0	124.0	76.0	]
Motif #3
total sequences 149
A	[ -0.0	32.0	8.0	65.0	0.0	23.0	35.0	-0.0	-0.0	44.0	17.0	-0.0	4.0	]
C	[ 131.0	93.0	128.0	30.0	72.0	126.0	90.0	125.0	80.0	0.0	132.0	137.0	101.0	]
G	[ 18.0	3.0	6.0	1.0	35.0	-0.0	-0.0	-0.0	0.0	-0.0	-0.0	12.0	-0.0	]
T	[ 0.0	21.0	7.0	53.0	42.0	0.0	24.0	24.0	69.0	105.0	-0.0	0.0	44.0	]
Motif #4
total sequences 95
A	[ 26.0	3.0	7.0	95.0	0.0	1.0	-0.0	95.0	0.0	25.0	14.0	8.0	14.0	]
C	[ 38.0	0.0	0.0	0.0	6.0	0.0	95.0	0.0	48.0	51.0	24.0	44.0	24.0	]
G	[ 17.0	1.0	80.0	0.0	89.0	0.0	-0.0	0.0	-0.0	0.0	24.0	15.0	27.0	]
T	[ 14.0	91.0	8.0	0.0	-0.0	94.0	0.0	0.0	47.0	19.0	33.0	28.0	30.0	]
Motif #5
total sequences 50
A	[ 10.0	12.0	2.0	19.0	14.0	0.0	0.0	5.0	1.0	2.0	0.0	4.0	0.0	0.0	0.0	10.0	2.0	8.0	7.0	10.0	5.0	10.0	13.0	20.0	9.0	]
C	[ 8.0	0.0	12.0	5.0	11.0	10.0	1.0	0.0	0.0	0.0	1.0	0.0	2.0	0.0	0.0	0.0	9.0	0.0	0.0	0.0	7.0	0.0	4.0	0.0	14.0	]
G	[ 18.0	21.0	36.0	13.0	10.0	31.0	41.0	42.0	49.0	34.0	10.0	38.0	48.0	50.0	50.0	40.0	17.0	25.0	43.0	40.0	35.0	34.0	26.0	21.0	17.0	]
T	[ 14.0	17.0	0.0	13.0	15.0	9.0	8.0	3.0	0.0	14.0	39.0	8.0	0.0	0.0	0.0	0.0	22.0	17.0	0.0	0.0	3.0	6.0	7.0	9.0	10.0	]
Motif #1; total sequences 961; NNNtTATCtNN / NNaGATAaNNN
Motif #2; total sequences 263; ccacTTCCTNtNNN / NNNaNAGGAAgtgg
Motif #3; total sequences 149; CcCNNCcCctCCc / gGGagGgGNNGgG
Motif #4; total sequences 95; NTGAGTCAccNNN / NNNggTGACTCAN
Motif #5; total sequences 50; NNgNNgGGGgtgGGGgNNGggggNN / NNccccCNNcCCCcacCCCcNNcNN

Full posterior for run 2 is 9170.629878
