Number of sequences: 1644
Number of programs: 5
Number of motifs: 12
Motif widths: 12 19 12 12 12 12 14 12 19 29 12 13 
Program 1: total 912
 motif #1: 782 of 912 (0.857378 posterior)
 motif #2: 308 of 912 (0.337755 posterior)
 motif #3: 3 of 912 (0.003398 posterior)
 motif #4: 183 of 912 (0.200724 posterior)
 motif #5: 121 of 912 (0.132756 posterior)
 motif #6: 158 of 912 (0.173317 posterior)
 motif #7: 108 of 912 (0.118505 posterior)
 motif #8: 85 of 912 (0.093291 posterior)
 motif #9: 40 of 912 (0.043960 posterior)
 motif #10: 13 of 912 (0.014361 posterior)
 motif #11: 41 of 912 (0.045056 posterior)
 motif #12: 19 of 912 (0.020938 posterior)

Program 2: total 338

Program 3: total 318
 motif #2: 61 of 318 (0.192018 posterior)
 motif #3: 318 of 318 (0.999686 posterior)
 motif #4: 45 of 318 (0.141735 posterior)
 motif #5: 88 of 318 (0.276870 posterior)
 motif #7: 43 of 318 (0.135449 posterior)
 motif #8: 43 of 318 (0.135449 posterior)
 motif #9: 18 of 318 (0.056882 posterior)
 motif #12: 2 of 318 (0.006600 posterior)

Program 4: total 53
 motif #1: 9 of 53 (0.171053 posterior)
 motif #3: 25 of 53 (0.471805 posterior)
 motif #6: 35 of 53 (0.659774 posterior)
 motif #7: 4 of 53 (0.077068 posterior)
 motif #8: 5 of 53 (0.095865 posterior)
 motif #10: 50 of 53 (0.941729 posterior)
 motif #12: 3 of 53 (0.058271 posterior)

Program 5: total 23
 motif #4: 2 of 23 (0.090517 posterior)
 motif #6: 3 of 23 (0.133621 posterior)
 motif #7: 2 of 23 (0.090517 posterior)
 motif #9: 16 of 23 (0.693966 posterior)
 motif #10: 2 of 23 (0.090517 posterior)
 motif #11: 3 of 23 (0.133621 posterior)
 motif #12: 2 of 23 (0.090517 posterior)

Motif #1
total sequences 791
A	[ 293.0	142.0	562.0	0.0	791.0	-0.0	663.0	618.0	134.0	492.0	232.0	178.0	]
C	[ 93.0	261.0	35.0	-0.0	-0.0	1.0	0.0	10.0	226.0	73.0	101.0	353.0	]
G	[ 219.0	283.0	0.0	791.0	-0.0	-0.0	71.0	151.0	382.0	181.0	157.0	163.0	]
T	[ 186.0	105.0	194.0	-0.0	-0.0	790.0	57.0	12.0	49.0	45.0	301.0	97.0	]
Motif #2
total sequences 369
A	[ 112.0	143.0	137.0	190.0	80.0	330.0	-0.0	-0.0	358.0	294.0	95.0	41.0	45.0	95.0	59.0	104.0	113.0	86.0	128.0	]
C	[ 52.0	73.0	43.0	22.0	184.0	34.0	-0.0	-0.0	9.0	7.0	-0.0	22.0	41.0	22.0	89.0	54.0	39.0	77.0	49.0	]
G	[ 125.0	97.0	141.0	131.0	93.0	5.0	369.0	369.0	0.0	1.0	274.0	33.0	272.0	210.0	126.0	73.0	100.0	116.0	102.0	]
T	[ 80.0	56.0	48.0	26.0	12.0	-0.0	-0.0	-0.0	2.0	67.0	0.0	273.0	11.0	42.0	95.0	138.0	117.0	90.0	90.0	]
Motif #3
total sequences 346
A	[ 203.0	-0.0	284.0	0.0	13.0	41.0	12.0	54.0	337.0	0.0	0.0	90.0	]
C	[ 26.0	40.0	6.0	0.0	119.0	138.0	53.0	3.0	-0.0	0.0	346.0	0.0	]
G	[ 0.0	306.0	19.0	9.0	96.0	79.0	28.0	-0.0	4.0	0.0	0.0	6.0	]
T	[ 117.0	-0.0	37.0	337.0	118.0	88.0	253.0	289.0	5.0	346.0	0.0	250.0	]
Motif #4
total sequences 230
A	[ -0.0	-0.0	74.0	23.0	-0.0	21.0	34.0	-0.0	127.0	28.0	4.0	0.0	]
C	[ 218.0	176.0	89.0	168.0	228.0	168.0	185.0	222.0	56.0	192.0	225.0	197.0	]
G	[ 1.0	-0.0	9.0	0.0	1.0	8.0	-0.0	-0.0	24.0	4.0	1.0	8.0	]
T	[ 11.0	54.0	58.0	39.0	1.0	33.0	11.0	8.0	23.0	6.0	-0.0	25.0	]
Motif #5
total sequences 209
A	[ 184.0	154.0	155.0	104.0	85.0	108.0	209.0	207.0	141.0	0.0	152.0	127.0	]
C	[ 1.0	23.0	22.0	48.0	98.0	81.0	0.0	0.0	68.0	158.0	54.0	50.0	]
G	[ -0.0	0.0	0.0	24.0	26.0	0.0	-0.0	2.0	0.0	4.0	-0.0	32.0	]
T	[ 24.0	32.0	32.0	33.0	0.0	20.0	-0.0	0.0	0.0	47.0	3.0	-0.0	]
Motif #6
total sequences 196
A	[ 130.0	124.0	126.0	10.0	185.0	179.0	188.0	93.0	-0.0	152.0	141.0	153.0	]
C	[ 17.0	34.0	-0.0	50.0	0.0	17.0	8.0	64.0	86.0	0.0	16.0	16.0	]
G	[ 0.0	38.0	43.0	104.0	-0.0	0.0	0.0	38.0	39.0	43.0	39.0	27.0	]
T	[ 49.0	0.0	27.0	32.0	11.0	0.0	0.0	1.0	71.0	1.0	-0.0	-0.0	]
Motif #7
total sequences 157
A	[ 60.0	60.0	49.0	79.0	42.0	117.0	35.0	157.0	0.0	0.0	156.0	156.0	85.0	11.0	]
C	[ 44.0	61.0	49.0	24.0	76.0	40.0	98.0	0.0	-0.0	0.0	1.0	-0.0	-0.0	99.0	]
G	[ 53.0	0.0	33.0	53.0	26.0	0.0	24.0	-0.0	157.0	157.0	-0.0	0.0	72.0	-0.0	]
T	[ -0.0	36.0	26.0	1.0	13.0	0.0	-0.0	0.0	-0.0	-0.0	-0.0	1.0	-0.0	47.0	]
Motif #8
total sequences 133
A	[ 87.0	30.0	3.0	64.0	133.0	-0.0	0.0	120.0	130.0	29.0	21.0	52.0	]
C	[ 2.0	0.0	0.0	43.0	-0.0	-0.0	0.0	4.0	-0.0	1.0	34.0	26.0	]
G	[ 35.0	103.0	130.0	26.0	-0.0	133.0	132.0	8.0	3.0	103.0	36.0	34.0	]
T	[ 9.0	0.0	-0.0	0.0	-0.0	0.0	1.0	1.0	-0.0	-0.0	42.0	21.0	]
Motif #9
total sequences 74
A	[ 0.0	24.0	-0.0	0.0	10.0	3.0	0.0	19.0	0.0	0.0	0.0	17.0	0.0	0.0	1.0	0.0	15.0	17.0	41.0	]
C	[ 21.0	11.0	18.0	58.0	0.0	71.0	74.0	52.0	52.0	74.0	0.0	1.0	20.0	8.0	0.0	3.0	20.0	28.0	14.0	]
G	[ 20.0	26.0	45.0	2.0	54.0	0.0	0.0	0.0	0.0	-0.0	0.0	47.0	54.0	1.0	73.0	62.0	10.0	18.0	13.0	]
T	[ 33.0	13.0	11.0	14.0	10.0	0.0	0.0	3.0	22.0	0.0	74.0	9.0	0.0	65.0	0.0	9.0	29.0	11.0	6.0	]
Motif #10
total sequences 65
A	[ 16.0	15.0	12.0	16.0	-0.0	-0.0	14.0	13.0	7.0	11.0	11.0	1.0	-0.0	5.0	17.0	17.0	-0.0	1.0	-0.0	1.0	32.0	6.0	1.0	6.0	4.0	20.0	32.0	9.0	23.0	]
C	[ 44.0	33.0	24.0	31.0	40.0	50.0	30.0	31.0	34.0	47.0	44.0	58.0	54.0	46.0	23.0	16.0	63.0	57.0	58.0	57.0	16.0	40.0	63.0	49.0	57.0	44.0	6.0	26.0	29.0	]
G	[ 0.0	6.0	13.0	0.0	2.0	-0.0	1.0	14.0	9.0	-0.0	-0.0	-0.0	0.0	5.0	-0.0	18.0	2.0	-0.0	5.0	0.0	6.0	15.0	-0.0	0.0	0.0	-0.0	12.0	20.0	-0.0	]
T	[ 5.0	11.0	16.0	18.0	23.0	15.0	20.0	7.0	15.0	7.0	10.0	6.0	11.0	9.0	25.0	14.0	-0.0	7.0	2.0	7.0	11.0	4.0	1.0	10.0	4.0	1.0	15.0	10.0	13.0	]
Motif #11
total sequences 44
A	[ 0.0	10.0	-0.0	3.0	-0.0	0.0	-0.0	-0.0	-0.0	0.0	-0.0	-0.0	]
C	[ 13.0	23.0	0.0	0.0	0.0	-0.0	-0.0	4.0	-0.0	5.0	12.0	27.0	]
G	[ 29.0	-0.0	0.0	41.0	-0.0	44.0	41.0	7.0	-0.0	11.0	10.0	11.0	]
T	[ 2.0	11.0	44.0	0.0	44.0	-0.0	3.0	33.0	44.0	28.0	22.0	6.0	]
Motif #12
total sequences 26
A	[ 1.0	23.0	0.0	26.0	0.0	23.0	0.0	17.0	0.0	26.0	0.0	20.0	0.0	]
C	[ 17.0	0.0	26.0	0.0	26.0	0.0	19.0	0.0	24.0	0.0	26.0	0.0	26.0	]
G	[ 1.0	0.0	0.0	0.0	0.0	1.0	0.0	9.0	0.0	0.0	0.0	5.0	0.0	]
T	[ 7.0	3.0	0.0	0.0	0.0	2.0	7.0	0.0	2.0	0.0	0.0	1.0	0.0	]
Motif #1; total sequences 791; NNaGATAaNaNN / NNtNtTATCtNN
Motif #2; total sequences 369; NNNaNAGGAagtggNNNNN / NNNNNccactTCCTNtNNN
Motif #3; total sequences 346; aGATNNtTATCt / aGATAaNNATCt
Motif #4; total sequences 230; CcNcCcCCaCCC / GGGtGGgGgNgG
Motif #5; total sequences 209; AaaNNaAAacaa / ttgtTTtNNttT
Motif #6; total sequences 196; aaagAAANNaaa / tttNNTTTcttt
Motif #7; total sequences 157; NNNaNacAGGAAac / gtTTCCTgtNtNNN
Motif #8; total sequences 133; agGNAGGAAgNN / NNcTTCCTNCct
Motif #9; total sequences 74; NNgcgCCccCTggTGGNNa / tNNCCAccAGggGGcgcNN
Motif #10; total sequences 65; ccNNccNNcccCCcNNCCCCNcCcCcNNN / NNNgGgGgNGGGGNNgGGgggNNggNNgg
Motif #11; total sequences 44; gcTGTGGtTtNc / gNaAaCCACAgc
Motif #12; total sequences 26; cACACAcaCACaC / GtGTGtgTGTGTg

Full posterior for run 5 is 16406.485747
