Number of sequences: 1256
Number of programs: 3
Number of motifs: 14
Motif widths: 14 15 12 15 15 14 12 12 12 12 13 12 13 13 
Program 1: total 998
 motif #1: 883 of 998 (0.884692 posterior)
 motif #2: 351 of 998 (0.351733 posterior)
 motif #3: 340 of 998 (0.340713 posterior)
 motif #4: 283 of 998 (0.283610 posterior)
 motif #5: 265 of 998 (0.265578 posterior)
 motif #6: 145 of 998 (0.145362 posterior)
 motif #7: 98 of 998 (0.098277 posterior)
 motif #8: 87 of 998 (0.087257 posterior)
 motif #9: 83 of 998 (0.083250 posterior)
 motif #10: 78 of 998 (0.078241 posterior)
 motif #11: 33 of 998 (0.033160 posterior)
 motif #12: 18 of 998 (0.018133 posterior)
 motif #13: 15 of 998 (0.015127 posterior)
 motif #14: 20 of 998 (0.020136 posterior)

Program 2: total 242

Program 3: total 16
 motif #8: 1 of 16 (0.067901 posterior)
 motif #10: 4 of 16 (0.253086 posterior)
 motif #12: 6 of 16 (0.376543 posterior)
 motif #13: 7 of 16 (0.438272 posterior)

Motif #1
total sequences 883
A	[ 75.0	140.0	149.0	150.0	149.0	110.0	6.0	42.0	554.0	-0.0	-0.0	18.0	41.0	-0.0	]
C	[ 395.0	363.0	333.0	425.0	425.0	261.0	464.0	692.0	94.0	779.0	165.0	28.0	840.0	883.0	]
G	[ 245.0	166.0	269.0	151.0	119.0	324.0	97.0	58.0	118.0	0.0	4.0	4.0	1.0	0.0	]
T	[ 168.0	214.0	132.0	157.0	190.0	188.0	316.0	91.0	117.0	104.0	714.0	833.0	1.0	-0.0	]
Motif #2
total sequences 351
A	[ 41.0	1.0	23.0	18.0	106.0	84.0	18.0	0.0	2.0	0.0	23.0	56.0	0.0	3.0	19.0	]
C	[ 148.0	231.0	236.0	181.0	129.0	73.0	87.0	293.0	278.0	319.0	307.0	-0.0	323.0	326.0	331.0	]
G	[ 107.0	89.0	23.0	64.0	53.0	146.0	197.0	0.0	2.0	-0.0	2.0	270.0	28.0	0.0	1.0	]
T	[ 55.0	30.0	69.0	88.0	63.0	48.0	49.0	58.0	69.0	32.0	19.0	25.0	-0.0	22.0	-0.0	]
Motif #3
total sequences 340
A	[ 154.0	289.0	171.0	78.0	126.0	133.0	170.0	292.0	133.0	47.0	94.0	249.0	]
C	[ 186.0	48.0	106.0	211.0	193.0	108.0	125.0	39.0	96.0	263.0	196.0	30.0	]
G	[ 0.0	3.0	37.0	3.0	21.0	76.0	13.0	1.0	111.0	-0.0	21.0	45.0	]
T	[ -0.0	-0.0	26.0	48.0	-0.0	23.0	32.0	8.0	0.0	30.0	29.0	16.0	]
Motif #4
total sequences 283
A	[ 54.0	62.0	82.0	71.0	25.0	50.0	208.0	0.0	20.0	-0.0	1.0	0.0	0.0	-0.0	0.0	]
C	[ 65.0	75.0	99.0	95.0	117.0	136.0	6.0	265.0	-0.0	0.0	282.0	282.0	0.0	23.0	104.0	]
G	[ 104.0	98.0	89.0	101.0	90.0	56.0	67.0	0.0	0.0	-0.0	0.0	1.0	222.0	258.0	31.0	]
T	[ 60.0	48.0	13.0	16.0	51.0	41.0	2.0	18.0	263.0	283.0	0.0	-0.0	61.0	2.0	148.0	]
Motif #5
total sequences 265
A	[ 187.0	172.0	41.0	256.0	0.0	-0.0	2.0	0.0	19.0	29.0	38.0	17.0	31.0	31.0	20.0	]
C	[ -0.0	48.0	84.0	-0.0	-0.0	-0.0	-0.0	255.0	21.0	15.0	215.0	75.0	75.0	168.0	111.0	]
G	[ 78.0	25.0	135.0	9.0	-0.0	265.0	258.0	-0.0	194.0	202.0	-0.0	128.0	137.0	39.0	109.0	]
T	[ 0.0	20.0	5.0	-0.0	265.0	0.0	5.0	10.0	31.0	19.0	12.0	45.0	22.0	27.0	25.0	]
Motif #6
total sequences 145
A	[ 33.0	13.0	-0.0	6.0	-0.0	-0.0	7.0	-0.0	8.0	27.0	-0.0	21.0	32.0	-0.0	]
C	[ 5.0	113.0	122.0	32.0	145.0	90.0	-0.0	145.0	116.0	-0.0	136.0	101.0	8.0	109.0	]
G	[ 96.0	1.0	-0.0	102.0	-0.0	40.0	138.0	-0.0	0.0	96.0	-0.0	-0.0	102.0	10.0	]
T	[ 11.0	18.0	23.0	5.0	-0.0	15.0	-0.0	-0.0	21.0	22.0	9.0	23.0	3.0	26.0	]
Motif #7
total sequences 98
A	[ 16.0	15.0	38.0	18.0	-0.0	97.0	-0.0	3.0	2.0	2.0	98.0	1.0	]
C	[ 43.0	34.0	23.0	18.0	50.0	-0.0	92.0	0.0	-0.0	50.0	0.0	79.0	]
G	[ 24.0	33.0	31.0	5.0	48.0	1.0	0.0	95.0	-0.0	46.0	0.0	0.0	]
T	[ 15.0	16.0	6.0	57.0	-0.0	-0.0	6.0	-0.0	96.0	-0.0	0.0	18.0	]
Motif #8
total sequences 88
A	[ 8.0	34.0	-0.0	15.0	0.0	54.0	0.0	24.0	82.0	-0.0	-0.0	0.0	]
C	[ 53.0	26.0	75.0	60.0	59.0	1.0	-0.0	64.0	0.0	0.0	88.0	87.0	]
G	[ 0.0	0.0	10.0	13.0	29.0	33.0	88.0	-0.0	-0.0	81.0	-0.0	1.0	]
T	[ 27.0	28.0	3.0	-0.0	-0.0	-0.0	-0.0	-0.0	6.0	7.0	-0.0	-0.0	]
Motif #9
total sequences 83
A	[ -0.0	8.0	67.0	7.0	4.0	44.0	-0.0	-0.0	83.0	-0.0	-0.0	36.0	]
C	[ 17.0	75.0	1.0	24.0	77.0	-0.0	22.0	83.0	-0.0	-0.0	83.0	23.0	]
G	[ 40.0	-0.0	12.0	52.0	0.0	0.0	61.0	0.0	-0.0	69.0	0.0	0.0	]
T	[ 26.0	-0.0	3.0	-0.0	2.0	39.0	-0.0	-0.0	-0.0	14.0	-0.0	24.0	]
Motif #10
total sequences 82
A	[ 0.0	0.0	0.0	33.0	8.0	0.0	-0.0	-0.0	0.0	0.0	9.0	8.0	]
C	[ 58.0	1.0	71.0	-0.0	48.0	38.0	0.0	-0.0	82.0	82.0	33.0	23.0	]
G	[ 24.0	0.0	11.0	30.0	26.0	8.0	16.0	0.0	-0.0	0.0	0.0	42.0	]
T	[ -0.0	81.0	-0.0	19.0	-0.0	36.0	66.0	82.0	-0.0	0.0	40.0	9.0	]
Motif #11
total sequences 33
A	[ 2.0	20.0	0.0	0.0	0.0	0.0	0.0	33.0	0.0	0.0	0.0	1.0	0.0	]
C	[ 5.0	4.0	5.0	0.0	1.0	0.0	0.0	0.0	0.0	0.0	0.0	8.0	4.0	]
G	[ 22.0	8.0	13.0	32.0	32.0	1.0	32.0	0.0	33.0	0.0	31.0	17.0	23.0	]
T	[ 4.0	1.0	15.0	1.0	0.0	32.0	1.0	0.0	0.0	33.0	2.0	7.0	6.0	]
Motif #12
total sequences 24
A	[ 16.0	-0.0	24.0	-0.0	24.0	22.0	1.0	-0.0	24.0	-0.0	-0.0	9.0	]
C	[ 2.0	-0.0	-0.0	-0.0	-0.0	-0.0	9.0	16.0	-0.0	-0.0	24.0	-0.0	]
G	[ -0.0	23.0	-0.0	1.0	-0.0	2.0	14.0	8.0	-0.0	1.0	-0.0	-0.0	]
T	[ 6.0	1.0	-0.0	23.0	-0.0	-0.0	-0.0	-0.0	-0.0	23.0	-0.0	15.0	]
Motif #13
total sequences 22
A	[ 2.0	0.0	0.0	20.0	8.0	10.0	0.0	0.0	1.0	16.0	0.0	2.0	0.0	]
C	[ 0.0	0.0	0.0	0.0	0.0	2.0	0.0	0.0	0.0	0.0	0.0	0.0	10.0	]
G	[ 18.0	22.0	22.0	2.0	14.0	0.0	0.0	22.0	0.0	6.0	22.0	0.0	0.0	]
T	[ 2.0	0.0	0.0	0.0	0.0	10.0	22.0	0.0	21.0	0.0	0.0	20.0	12.0	]
Motif #14
total sequences 20
A	[ 0.0	0.0	8.0	12.0	1.0	0.0	3.0	9.0	20.0	16.0	0.0	0.0	8.0	]
C	[ 2.0	0.0	11.0	0.0	0.0	14.0	0.0	0.0	0.0	0.0	0.0	18.0	7.0	]
G	[ 18.0	19.0	0.0	8.0	19.0	6.0	11.0	11.0	0.0	4.0	20.0	2.0	5.0	]
T	[ 0.0	1.0	1.0	0.0	0.0	0.0	6.0	0.0	0.0	0.0	0.0	0.0	0.0	]
Motif #1; total sequences 883; NNNNNNccaCTTCC / GGAAGtggNNNNNN
Motif #2; total sequences 351; NcccNNgCcCCgCCC / GGGcGGgGcNNgggN
Motif #3; total sequences 340; cAaccNNANcca / tggNTNNggtTg
Motif #4; total sequences 283; NNNNNNaCTTCCgGt / aCcGGAAGtNNNNNN
Motif #5; total sequences 265; aagATGGCggCNgcN / NgcNGccGCCATctt
Motif #6; total sequences 145; gcCgCcGCcgCcgc / gcgGcgGCgGcGgc
Motif #7; total sequences 98; NNNtcACGTcAC / GTgACGTgaNNN
Motif #8; total sequences 88; cNCccaGcAGCC / GGCTgCtggGNg
Motif #9; total sequences 83; NCAgCagCAGCN / NGCTGctGcTGN
Motif #10; total sequences 82; cTCNcYTTCCNg / cNGGAARgNGAg
Motif #11; total sequences 33; gaNGGTGAGTGgg / ccCACTCACCNtc
Motif #12; total sequences 24; aGATAAgcATCt / aGATgcTTATCt
Motif #13; total sequences 22; GGGAgWTGTaGTt / aACtACAWcTCCC
Motif #14; total sequences 20; GGcaGcggAaGCN / NGCtTccgCtgCC

Full posterior for run 5 is 16567.150019
