Number of sequences: 1644
Number of programs: 4
Number of motifs: 7
Motif widths: 12 18 14 15 13 19 25 
Program 1: total 1016
 motif #1: 1014 of 1016 (0.997933 posterior)
 motif #3: 266 of 1016 (0.261858 posterior)
 motif #4: 55 of 1016 (0.054222 posterior)
 motif #5: 49 of 1016 (0.048317 posterior)
 motif #6: 52 of 1016 (0.051269 posterior)
 motif #7: 12 of 1016 (0.011907 posterior)

Program 2: total 368
 motif #1: 276 of 368 (0.749864 posterior)
 motif #2: 368 of 368 (0.999728 posterior)
 motif #3: 72 of 368 (0.195817 posterior)
 motif #4: 19 of 368 (0.051874 posterior)
 motif #5: 23 of 368 (0.062738 posterior)
 motif #6: 10 of 368 (0.027431 posterior)
 motif #7: 12 of 368 (0.032863 posterior)

Program 3: total 249

Program 4: total 11
 motif #3: 2 of 11 (0.187500 posterior)
 motif #4: 2 of 11 (0.187500 posterior)
 motif #6: 7 of 11 (0.633929 posterior)
 motif #7: 1 of 11 (0.098214 posterior)

Motif #1
total sequences 1290
A	[ 497.0	281.0	960.0	11.0	1281.0	-0.0	1039.0	994.0	290.0	642.0	637.0	259.0	]
C	[ 153.0	425.0	24.0	0.0	0.0	9.0	-0.0	38.0	335.0	234.0	168.0	373.0	]
G	[ 350.0	427.0	0.0	1279.0	9.0	1.0	126.0	226.0	580.0	349.0	183.0	210.0	]
T	[ 290.0	157.0	306.0	-0.0	0.0	1280.0	125.0	32.0	85.0	65.0	302.0	448.0	]
Motif #2
total sequences 368
A	[ 63.0	97.0	95.0	117.0	119.0	87.0	39.0	38.0	277.0	0.0	43.0	0.0	0.0	0.0	1.0	11.0	0.0	40.0	]
C	[ 145.0	99.0	107.0	94.0	90.0	106.0	201.0	253.0	41.0	256.0	0.0	0.0	368.0	368.0	8.0	91.0	142.0	134.0	]
G	[ 89.0	44.0	86.0	46.0	61.0	111.0	37.0	45.0	50.0	0.0	1.0	0.0	0.0	0.0	24.0	175.0	24.0	30.0	]
T	[ 71.0	128.0	80.0	111.0	98.0	64.0	91.0	32.0	0.0	112.0	324.0	368.0	0.0	0.0	335.0	91.0	202.0	164.0	]
Motif #3
total sequences 340
A	[ 15.0	1.0	38.0	117.0	52.0	-0.0	27.0	24.0	0.0	228.0	48.0	7.0	24.0	38.0	]
C	[ 248.0	301.0	242.0	104.0	213.0	323.0	279.0	287.0	329.0	15.0	267.0	290.0	281.0	251.0	]
G	[ 32.0	21.0	0.0	31.0	26.0	-0.0	0.0	0.0	0.0	33.0	13.0	7.0	0.0	6.0	]
T	[ 45.0	17.0	60.0	88.0	49.0	17.0	34.0	29.0	11.0	64.0	12.0	36.0	35.0	45.0	]
Motif #4
total sequences 76
A	[ 3.0	-0.0	0.0	-0.0	18.0	0.0	-0.0	0.0	8.0	27.0	1.0	9.0	-0.0	-0.0	8.0	]
C	[ 8.0	0.0	0.0	6.0	5.0	0.0	-0.0	-0.0	10.0	6.0	10.0	0.0	0.0	10.0	0.0	]
G	[ 19.0	-0.0	0.0	13.0	53.0	1.0	0.0	1.0	28.0	11.0	13.0	8.0	32.0	12.0	1.0	]
T	[ 46.0	76.0	76.0	57.0	0.0	75.0	76.0	75.0	30.0	32.0	52.0	59.0	44.0	54.0	67.0	]
Motif #5
total sequences 72
A	[ 43.0	72.0	37.0	0.0	30.0	70.0	61.0	-0.0	20.0	0.0	44.0	1.0	-0.0	]
C	[ -0.0	0.0	21.0	45.0	23.0	-0.0	11.0	22.0	1.0	70.0	1.0	-0.0	59.0	]
G	[ 0.0	-0.0	14.0	3.0	19.0	0.0	0.0	50.0	29.0	-0.0	-0.0	34.0	-0.0	]
T	[ 29.0	-0.0	-0.0	24.0	-0.0	2.0	0.0	0.0	22.0	2.0	27.0	37.0	13.0	]
Motif #6
total sequences 69
A	[ 7.0	13.0	28.0	9.0	0.0	62.0	0.0	8.0	69.0	0.0	22.0	3.0	0.0	0.0	13.0	16.0	8.0	10.0	35.0	]
C	[ 10.0	16.0	10.0	59.0	68.0	0.0	54.0	45.0	0.0	0.0	0.0	0.0	0.0	0.0	49.0	0.0	41.0	24.0	19.0	]
G	[ 13.0	26.0	20.0	1.0	0.0	7.0	15.0	1.0	0.0	69.0	47.0	51.0	69.0	67.0	0.0	53.0	20.0	11.0	15.0	]
T	[ 39.0	14.0	11.0	0.0	1.0	0.0	0.0	15.0	0.0	0.0	0.0	15.0	0.0	2.0	7.0	0.0	0.0	24.0	0.0	]
Motif #7
total sequences 25
A	[ 4.0	1.0	3.0	2.0	0.0	1.0	1.0	1.0	-0.0	0.0	1.0	2.0	0.0	0.0	2.0	2.0	0.0	0.0	3.0	5.0	1.0	0.0	0.0	0.0	5.0	]
C	[ 1.0	0.0	0.0	0.0	1.0	7.0	0.0	0.0	2.0	1.0	1.0	0.0	1.0	3.0	0.0	0.0	4.0	-0.0	2.0	0.0	1.0	0.0	8.0	-0.0	11.0	]
G	[ 9.0	13.0	6.0	3.0	12.0	0.0	3.0	24.0	2.0	0.0	6.0	0.0	18.0	4.0	0.0	0.0	0.0	18.0	3.0	0.0	0.0	2.0	0.0	4.0	-0.0	]
T	[ 11.0	11.0	16.0	20.0	12.0	17.0	21.0	-0.0	21.0	24.0	17.0	23.0	6.0	18.0	23.0	23.0	21.0	7.0	17.0	20.0	23.0	23.0	17.0	21.0	9.0	]
Motif #1; total sequences 1290; NNaGATAaNNNN / NNNNtTATCtNN
Motif #2; total sequences 368; NNNNNNccacTTCCTNtN / NaNAGGAAgtggNNNNNN
Motif #3; total sequences 340; cCcNcCCCCacCCc / gGGgtGGGGgNgGg
Motif #4; total sequences 76; tTTtgTTTNNttttT / AaaaaNNAAAcaAAa
Motif #5; total sequences 72; aAacNAAgNCatC / GatGNcTTNgtTt
Motif #6; total sequences 69; tNNCCAccAGggGGcgcNa / tNgcgCCccCTggTGGNNa
Motif #7; total sequences 25; NgttKtTGTTtTgtTTTgttTTtTN / NAaAAaacAAAacAaAACAaMaacN

Full posterior for run 2 is 14231.717544
