1	chr1:9929134-9929463	1	-130	
2	chr1:13147608-13147885	1	-137	
3	chr1:16213243-16213581	1	104	
4	chr1:36706194-36706628	1	37	
5	chr1:37374560-37374990	1	-1	
6	chr1:44066774-44067225	1	-58	
7	chr1:51422667-51423113	2	NA	
8	chr1:52789342-52789659	1	-86	
9	chr1:53735937-53736287	1	41	
10	chr1:53795914-53796239	2	NA	
11	chr1:54786424-54786744	1	-16	
12	chr1:55075461-55076145	1	99	
13	chr1:58248282-58248551	1	-114	
14	chr1:62809902-62810351	1	47	
15	chr1:63048302-63048770	2	NA	
16	chr1:64056024-64056657	2	NA	
17	chr1:64466157-64466627	1	-164	
18	chr1:64731523-64731869	2	NA	
19	chr1:65120861-65121169	1	-26	
20	chr1:74169482-74169912	2	NA	
21	chr1:88017874-88018193	1	-50	
22	chr1:89586959-89587292	1	170	
23	chr1:90108341-90109036	1	168	
24	chr1:92433636-92434009	1	-99	
25	chr1:93289823-93290190	1	42	
26	chr1:93894733-93895095	1	-92	
27	chr1:95584957-95585561	2	NA	
28	chr1:95634100-95634360	2	NA	
29	chr1:127262950-127263636	1	78	
30	chr1:129453121-129453436	1	91	
31	chr1:130439331-130439625	1	93	
32	chr1:130594423-130594860	1	-148	
33	chr1:132853427-132853831	1	-137	
34	chr1:133177192-133177533	1	-70	
35	chr1:134857401-134857637	1	94	
36	chr1:134958689-134959185	1	-122	
37	chr1:135437679-135437981	1	-104	
38	chr1:135506373-135506729	1	-107	
39	chr1:136231684-136232007	2	NA	
40	chr1:137475944-137476229	1	-129	
41	chr1:146092500-146092923	1	-65	
42	chr1:154016100-154016487	1	-117	
43	chr1:154665084-154665488	1	-188	
44	chr1:154847298-154847840	1	88	
45	chr1:162049576-162049910	1	-107	
46	chr1:163233132-163233395	1	-40	
47	chr1:163603114-163603649	1	-183	
48	chr1:165972005-165972458	1	8	
49	chr1:167695078-167696923	2	NA	
50	chr1:172011810-172012077	2	NA	
51	chr1:173225379-173225780	1	-140	
52	chr1:174212915-174213280	1	-188	
53	chr1:174349675-174349991	1	-116	
54	chr1:180242826-180243240	2	NA	
55	chr1:181382831-181383268	1	112	
56	chr1:182192895-182193206	1	-100	
57	chr1:184376940-184377311	1	-78	
58	chr1:194874164-194874627	1	164	
59	chr1:196695859-196696277	1	173	
60	chr1:196942268-196942662	2	NA	
61	chr10:7229379-7229659	2	NA	
62	chr10:7646322-7646843	2	NA	
63	chr10:7904190-7904487	1	-147	
64	chr10:9874621-9874979	1	59	
65	chr10:10839483-10839808	1	-0	
66	chr10:13673113-13673705	1	132	
67	chr10:14395444-14395799	1	179	
68	chr10:18793964-18794422	1	-116	
69	chr10:19596738-19597057	2	NA	
70	chr10:20886008-20886327	1	68	
71	chr10:21665667-21666045	1	154	
72	chr10:21832108-21832449	2	NA	
73	chr10:22420618-22421142	1	68	
74	chr10:26210285-26210619	1	-91	
75	chr10:28283305-28283702	1	-23	
76	chr10:29889842-29890189	1	-122	
77	chr10:33862102-33862496	1	-63	
78	chr10:39091926-39092383	1	49	
79	chr10:42586029-42586382	1	-93	
80	chr10:43229277-43229517	1	127	
81	chr10:57842111-57842410	1	57	
82	chr10:58616937-58617392	1	-131	
83	chr10:59292226-59292604	1	75	
84	chr10:59369564-59370028	1	53	
85	chr10:60670926-60671385	1	149	
86	chr10:61301744-61302000	1	173	
87	chr10:61506230-61506488	1	-117	
88	chr10:61938945-61939351	1	4	
89	chr10:66259879-66260253	1	-59	
90	chr10:66464364-66464653	1	-88	
91	chr10:75009124-75009597	1	-86	
92	chr10:75750389-75750761	1	-155	
93	chr10:75912440-75912715	1	-107	
94	chr10:76702785-76703211	1	-114	
95	chr10:77563905-77564276	1	55	
96	chr10:77647659-77647927	1	102	
97	chr10:77701067-77701568	1	-126	
98	chr10:80006199-80006455	1	140	
99	chr10:80530601-80530994	1	-102	
100	chr10:80732337-80732731	1	-115	
101	chr10:81030626-81030922	1	-48	
102	chr10:82973601-82973997	1	-49	
103	chr10:87819384-87819747	1	82	
104	chr10:87850568-87850798	1	90	
105	chr10:92511386-92511646	2	NA	
106	chr10:92554042-92554357	1	-187	
107	chr10:95800720-95801075	1	25	
108	chr10:98698415-98698875	1	-114	
109	chr10:105245268-105245716	1	-89	
110	chr10:112332741-112333261	2	NA	
111	chr10:117873519-117874002	1	60	
112	chr10:120019780-120020109	1	39	
113	chr10:122218109-122218453	1	-111	
114	chr10:126783394-126783664	1	-79	
115	chr10:127901632-127901888	1	75	
116	chr11:3081093-3081681	2	NA	
117	chr11:4168476-4168925	1	-38	
118	chr11:4189267-4189733	2	NA	
119	chr11:5737620-5737839	1	-146	
120	chr11:6100004-6100324	1	131	
121	chr11:6375999-6376260	1	-106	
122	chr11:6446682-6447028	1	-97	
123	chr11:17059071-17059493	1	-61	
124	chr11:23397682-23397984	1	161	
125	chr11:23746496-23746815	1	-9	
126	chr11:30671581-30671871	1	-94	
127	chr11:30854295-30854576	1	42	
128	chr11:32482833-32483189	1	97	
129	chr11:33964037-33964473	1	86	
130	chr11:44313554-44314231	1	-120	
131	chr11:45798797-45799050	1	-11	
132	chr11:48660309-48660930	1	-1	
133	chr11:49046648-49047096	2	NA	
134	chr11:53143851-53144327	1	-3	
135	chr11:53607105-53607514	1	-167	
136	chr11:54365799-54366307	1	-162	
137	chr11:54866480-54866837	1	-86	
138	chr11:57485668-57486087	1	157	
139	chr11:58683169-58683654	1	102	
140	chr11:58979563-58979947	1	-20	
141	chr11:60729867-60730199	1	-63	
142	chr11:60751571-60751818	1	-39	
143	chr11:61418946-61419385	1	86	
144	chr11:62001120-62001395	1	124	
145	chr11:63791454-63791866	1	65	
146	chr11:66868651-66869013	1	-110	
147	chr11:69710896-69711202	1	-98	
148	chr11:70485350-70485652	1	-134	
149	chr11:70580380-70580925	1	-76	
150	chr11:72954475-72954709	1	-82	
151	chr11:74372174-74372590	1	144	
152	chr11:75495309-75495677	1	74	
153	chr11:75752035-75752351	1	77	
154	chr11:76550809-76551118	1	99	
155	chr11:77202452-77202810	1	124	
156	chr11:81999475-81999841	1	75	
157	chr11:82894300-82894582	1	-133	
158	chr11:83115074-83115380	1	83	
159	chr11:83780492-83780746	1	-94	
160	chr11:84645146-84645531	1	-158	
161	chr11:86573461-86574399	1	184	
162	chr11:87259598-87259876	2	NA	
163	chr11:87408201-87408572	1	-108	
164	chr11:87575257-87576027	2	NA	
165	chr11:87669224-87669695	1	-87	
166	chr11:88020423-88020769	1	98	
167	chr11:94365100-94365417	1	-139	
168	chr11:94445752-94446045	1	-62	
169	chr11:94806902-94807207	1	-38	
170	chr11:95621168-95621376	1	151	
171	chr11:96257636-96258036	1	-155	
172	chr11:96593571-96593933	1	-133	
173	chr11:97476242-97476515	2	NA	
174	chr11:97641234-97641567	1	138	
175	chr11:97771273-97771648	1	-58	
176	chr11:98216245-98216604	1	-10	
177	chr11:98498594-98498830	2	NA	
178	chr11:98757865-98758421	1	-10	
179	chr11:101474516-101474753	2	NA	
180	chr11:102990988-102991560	1	-174	
181	chr11:105882667-105883036	1	125	
182	chr11:106204070-106204388	1	94	
183	chr11:106843857-106844239	1	111	
184	chr11:107233230-107233635	1	-120	
185	chr11:107295448-107295804	1	71	
186	chr11:109242064-109242405	1	-56	
187	chr11:109248535-109248922	1	-91	
188	chr11:109466873-109467318	1	32	
189	chr11:109676249-109676626	1	102	
190	chr11:113500012-113500330	1	72	
191	chr11:114989797-114990048	1	-89	
192	chr11:116122736-116123087	1	26	
193	chr11:116659197-116659851	2	NA	
194	chr11:117648547-117648958	2	NA	
195	chr11:117802734-117803120	1	-116	
196	chr11:119307261-119307628	1	-111	
197	chr11:119741362-119741645	1	-48	
198	chr11:119958630-119958999	1	-49	
199	chr11:120300533-120300989	2	NA	
200	chr11:120389112-120389786	1	181	
201	chr11:120488921-120489354	1	-16	
202	chr11:120835587-120835951	2	NA	
203	chr11:121170260-121170646	1	-120	
204	chr12:3426617-3426951	1	-69	
205	chr12:3959864-3960246	1	60	
206	chr12:8547447-8547819	1	115	
207	chr12:16557847-16558206	1	-157	
208	chr12:17373698-17374097	1	-104	
209	chr12:17742809-17743037	1	89	
210	chr12:21472854-21473145	1	-89	
211	chr12:21619925-21620343	1	71	
212	chr12:26041968-26042232	1	-15	
213	chr12:32964051-32964645	1	-114	
214	chr12:33539625-33539960	1	152	
215	chr12:56316649-56317009	1	-171	
216	chr12:59979289-59979625	1	140	
217	chr12:60049334-60049635	2	NA	
218	chr12:70115532-70116004	1	117	
219	chr12:70341440-70341780	2	NA	
220	chr12:71137729-71138094	1	-141	
221	chr12:71371465-71371864	1	-144	
222	chr12:73583389-73583774	1	27	
223	chr12:73762968-73763514	1	70	
224	chr12:77005356-77005695	1	-59	
225	chr12:77014214-77014432	1	92	
226	chr12:77456242-77456648	1	-129	
227	chr12:78707167-78707551	1	141	
228	chr12:79899571-79899837	1	42	
229	chr12:81034405-81034825	1	128	
230	chr12:83127554-83127892	1	95	
231	chr12:84521834-84522194	2	NA	
232	chr12:85065458-85065785	1	131	
233	chr12:85999740-86000021	1	153	
234	chr12:86549995-86550400	1	-119	
235	chr12:87130727-87131164	1	-117	
236	chr12:98973291-98973632	1	136	
237	chr12:100285291-100285750	2	NA	
238	chr12:102703390-102703672	1	123	
239	chr12:102870056-102870330	1	-72	
240	chr12:105402022-105402280	1	153	
241	chr12:108440885-108441243	1	73	
242	chr12:111439275-111439618	1	-115	
243	chr12:112139095-112139405	1	-130	
244	chr12:113497615-113498012	1	108	
245	chr12:113616035-113616344	1	41	
246	chr12:115705625-115706006	1	-70	
247	chr13:3372098-3372547	2	NA	
248	chr13:5844887-5845226	1	-138	
249	chr13:5912532-5912831	1	75	
250	chr13:9010876-9011173	2	NA	
251	chr13:13356648-13357015	1	141	
252	chr13:17589958-17590517	1	156	
253	chr13:19146562-19146976	1	-98	
254	chr13:19189739-19190126	1	38	
255	chr13:23628945-23629625	2	NA	
256	chr13:23746149-23746750	2	NA	
257	chr13:30981309-30981617	1	165	
258	chr13:33079387-33079806	1	-74	
259	chr13:37627316-37627643	1	-51	
260	chr13:38044602-38044895	1	74	
261	chr13:41497908-41498558	2	NA	
262	chr13:43261648-43262069	1	95	
263	chr13:43491877-43492445	2	NA	
264	chr13:45660210-45660474	1	-59	
265	chr13:46941794-46942014	1	145	
266	chr13:49432869-49433426	1	-71	
267	chr13:51663863-51664408	1	110	
268	chr13:52038799-52039271	1	-27	
269	chr13:54219572-54219900	1	-82	
270	chr13:54631328-54631584	1	-28	
271	chr13:54703265-54703799	1	158	
272	chr13:55644435-55644794	1	113	
273	chr13:59779390-59779767	1	-92	
274	chr13:59832485-59833052	1	56	
275	chr13:74069861-74070204	1	98	
276	chr13:74674547-74674872	1	104	
277	chr13:74783072-74783400	1	-168	
278	chr13:76484340-76484712	1	-127	
279	chr13:77902386-77902654	2	NA	
280	chr13:84695233-84695639	1	51	
281	chr13:85662364-85662722	2	NA	
282	chr13:85762177-85762648	1	-22	
283	chr13:92015262-92015580	1	116	
284	chr13:94194560-94195370	1	-186	
285	chr13:94694066-94694424	1	125	
286	chr13:96475877-96476215	1	-147	
287	chr13:96719033-96719441	2	NA	
288	chr13:97587937-97588260	2	NA	
289	chr13:98057190-98057583	2	NA	
290	chr13:98291174-98291397	2	NA	
291	chr13:98542521-98542997	1	-72	
292	chr13:100444655-100445054	1	137	
293	chr13:102640629-102640978	1	150	
294	chr13:113184529-113184925	2	NA	
295	chr14:17458846-17459125	1	-53	
296	chr14:18797131-18797334	1	-92	
297	chr14:18873370-18873951	1	-63	
298	chr14:19334466-19334896	1	-8	
299	chr14:23995007-23995499	1	174	
300	chr14:24350367-24350756	1	165	
301	chr14:29780113-29780507	1	-54	
302	chr14:30080010-30080647	2	NA	
303	chr14:30264915-30265312	1	-95	
304	chr14:30323949-30324279	1	17	
305	chr14:30360742-30361246	1	-59	
306	chr14:31030857-31031127	1	20	
307	chr14:45743745-45744086	1	10	
308	chr14:47368103-47368552	1	-83	
309	chr14:47988136-47988577	1	-95	
310	chr14:49986762-49987052	1	85	
311	chr14:53191300-53191679	1	-83	
312	chr14:53380906-53381284	1	117	
313	chr14:53472770-53473266	1	-84	
314	chr14:56953219-56953479	1	-103	
315	chr14:58394881-58395326	1	147	
316	chr14:59620370-59620732	1	184	
317	chr14:60543836-60544139	1	34	
318	chr14:68791971-68792432	1	-76	
319	chr14:68888470-68889015	1	-135	
320	chr14:68894725-68895157	1	-63	
321	chr14:69068719-69069090	1	46	
322	chr14:69394176-69394499	1	-58	
323	chr14:71622840-71623190	1	43	
324	chr14:72119196-72119486	2	NA	
325	chr14:73961635-73961961	1	-121	
326	chr14:75290626-75290980	1	176	
327	chr14:85568486-85568768	2	NA	
328	chr14:103408156-103408456	1	-108	
329	chr14:104144298-104144695	1	-84	
330	chr14:117557282-117557508	1	-97	
331	chr14:119540380-119540681	1	144	
332	chr14:120300015-120300392	1	133	
333	chr14:120613172-120613742	1	-6	
334	chr14:122048134-122048440	1	-137	
335	chr15:5055595-5055823	1	-130	
336	chr15:5063455-5064059	1	-179	
337	chr15:9452510-9453073	1	-113	
338	chr15:10430574-10430981	1	57	
339	chr15:12369044-12369370	1	-16	
340	chr15:30555193-30555561	1	-59	
341	chr15:31475601-31475922	1	38	
342	chr15:36159179-36159767	1	-48	
343	chr15:36507398-36507772	1	-26	
344	chr15:38942547-38943066	2	NA	
345	chr15:51566728-51567106	1	-105	
346	chr15:58763693-58764037	1	-47	
347	chr15:59949635-59949996	1	100	
348	chr15:62007463-62007778	1	39	
349	chr15:65556659-65557070	1	-109	
350	chr15:72692746-72693051	1	-112	
351	chr15:74913327-74913858	2	NA	
352	chr15:74913893-74914367	1	-128	
353	chr15:75768160-75768435	1	104	
354	chr15:75896861-75897313	1	128	
355	chr15:75907658-75908298	1	-19	
356	chr15:77560579-77560885	2	NA	
357	chr15:78391189-78391604	1	108	
358	chr15:78662453-78662835	1	-51	
359	chr15:79566562-79566969	1	126	
360	chr15:79783791-79784090	1	-100	
361	chr15:80524771-80525188	1	-24	
362	chr15:80642117-80642480	1	-59	
363	chr15:81128448-81128788	2	NA	
364	chr15:84513276-84513555	1	83	
365	chr15:85078143-85078585	1	-46	
366	chr15:93226323-93226619	1	-155	
367	chr15:96537510-96537767	1	-124	
368	chr15:98590997-98591395	1	-80	
369	chr15:98659299-98659761	1	97	
370	chr15:99160911-99161261	1	142	
371	chr15:100534272-100534678	1	-130	
372	chr15:100733055-100733483	1	-33	
373	chr15:101216267-101216527	1	-35	
374	chr15:102053135-102053582	1	-77	
375	chr15:102178649-102178968	1	-78	
376	chr16:3891614-3891914	1	125	
377	chr16:4589280-4589655	1	141	
378	chr16:11362141-11362609	1	-109	
379	chr16:13694156-13694486	1	47	
380	chr16:13758672-13758958	1	-141	
381	chr16:20430400-20430802	1	-14	
382	chr16:21247215-21247523	1	77	
383	chr16:23022475-23022942	2	NA	
384	chr16:30107655-30108016	1	-31	
385	chr16:31120810-31121111	1	75	
386	chr16:31868081-31868505	1	131	
387	chr16:32027390-32027752	1	108	
388	chr16:32049922-32050291	1	-63	
389	chr16:32570734-32571171	1	109	
390	chr16:33671408-33671757	1	94	
391	chr16:35689947-35690290	1	128	
392	chr16:36396166-36396445	1	108	
393	chr16:38481985-38482262	1	97	
394	chr16:44665142-44665558	1	-15	
395	chr16:46039399-46039760	1	-98	
396	chr16:50291899-50292295	1	-101	
397	chr16:55962562-55962894	1	-130	
398	chr16:57392523-57392842	1	69	
399	chr16:58440929-58441277	1	-97	
400	chr16:84617775-84618105	1	-25	
401	chr16:84717345-84717684	1	-122	
402	chr16:87384938-87385264	1	91	
403	chr16:91423376-91423656	2	NA	
404	chr16:91714667-91715031	1	147	
405	chr16:92533635-92534006	1	26	
406	chr16:93720556-93720929	1	-111	
407	chr16:94635196-94635689	2	NA	
408	chr16:96089871-96090149	2	NA	
409	chr16:96187150-96187524	1	-123	
410	chr16:96378248-96378521	1	169	
411	chr16:98006546-98006889	1	-139	
412	chr17:3071196-3071670	1	143	
413	chr17:6677618-6678081	1	149	
414	chr17:8089888-8090169	1	93	
415	chr17:14679647-14679958	1	41	
416	chr17:17329165-17330222	2	NA	
417	chr17:19363275-19363500	2	NA	
418	chr17:20649943-20650298	2	NA	
419	chr17:23326498-23326889	1	-50	
420	chr17:24911851-24912331	1	-78	
421	chr17:26322992-26323329	1	-26	
422	chr17:26700550-26701000	1	105	
423	chr17:26931432-26931891	2	NA	
424	chr17:27069984-27070306	2	NA	
425	chr17:27567472-27567792	1	-103	
426	chr17:27743102-27743335	1	-52	
427	chr17:27935244-27935574	1	59	
428	chr17:29122455-29122773	1	125	
429	chr17:29217703-29218135	2	NA	
430	chr17:29227873-29228259	1	54	
431	chr17:31240839-31241217	1	76	
432	chr17:31564476-31564719	2	NA	
433	chr17:31782830-31783160	1	-132	
434	chr17:32206681-32206893	1	-72	
435	chr17:34830441-34830755	1	175	
436	chr17:35374510-35374868	1	-38	
437	chr17:35478280-35478732	1	-78	
438	chr17:35839246-35839710	2	NA	
439	chr17:36559567-36559942	1	95	
440	chr17:39450982-39456951	2	NA	
441	chr17:44680822-44681242	1	99	
442	chr17:45027289-45027675	2	NA	
443	chr17:45574484-45574717	1	-63	
444	chr17:46215206-46215494	1	-17	
445	chr17:49651192-49651597	1	112	
446	chr17:49775932-49776345	1	9	
447	chr17:49935935-49936381	1	132	
448	chr17:50197429-50197774	1	83	
449	chr17:56140831-56141142	1	145	
450	chr17:56294671-56295003	1	98	
451	chr17:56976000-56976364	1	46	
452	chr17:64476014-64476345	1	146	
453	chr17:66010945-66011250	1	-95	
454	chr17:69322151-69322554	1	-7	
455	chr17:70906809-70907221	1	145	
456	chr17:72823071-72823455	2	NA	
457	chr17:73857107-73857492	1	-15	
458	chr17:78267261-78267872	1	-180	
459	chr17:80115383-80115784	1	-98	
460	chr17:83681155-83681565	1	72	
461	chr17:84024631-84025129	1	-131	
462	chr17:84238798-84239205	2	NA	
463	chr17:84753200-84753545	1	170	
464	chr17:87252674-87253025	1	-88	
465	chr17:87882930-87883277	1	153	
466	chr18:3005665-3006061	2	NA	
467	chr18:9957924-9958284	2	NA	
468	chr18:10181142-10181718	1	39	
469	chr18:10609967-10610365	1	73	
470	chr18:10617679-10618000	1	79	
471	chr18:12728036-12728446	1	5	
472	chr18:13092351-13092633	2	NA	
473	chr18:14825638-14825943	1	-170	
474	chr18:34345635-34346017	1	-40	
475	chr18:34455692-34456146	1	137	
476	chr18:36795998-36796351	1	174	
477	chr18:38757613-38757956	1	-16	
478	chr18:40434007-40434384	2	NA	
479	chr18:50142123-50142490	1	85	
480	chr18:56064777-56065028	2	NA	
481	chr18:56572432-56572705	1	-162	
482	chr18:57100593-57100906	1	113	
483	chr18:61302194-61302744	1	-47	
484	chr18:61851599-61851876	1	122	
485	chr18:63817602-63817992	1	137	
486	chr18:65507188-65507559	1	81	
487	chr18:65556245-65556591	1	75	
488	chr18:67849594-67849924	1	49	
489	chr18:67900401-67900790	1	-100	
490	chr18:73658617-73658974	2	NA	
491	chr18:73879577-73879969	2	NA	
492	chr18:75130949-75131414	1	-30	
493	chr18:81561973-81562369	1	73	
494	chr18:82355686-82355916	2	NA	
495	chr18:85832131-85832478	2	NA	
496	chr19:3665690-3665949	1	-39	
497	chr19:4012480-4012878	1	-134	
498	chr19:4119719-4120098	1	-84	
499	chr19:4184933-4185390	1	-104	
500	chr19:4475613-4475973	1	-161	
501	chr19:8802764-8803058	1	-44	
502	chr19:8841646-8841959	1	-56	
503	chr19:10049516-10049974	1	-2	
504	chr19:11046899-11047294	1	89	
505	chr19:17406649-17406904	1	-83	
506	chr19:18779828-18780277	1	168	
507	chr19:23390232-23390590	1	-121	
508	chr19:29707074-29707421	1	106	
509	chr19:31403469-31403880	1	103	
510	chr19:34258448-34258829	1	108	
511	chr19:37441086-37441396	2	NA	
512	chr19:38461005-38461346	2	NA	
513	chr19:40947710-40948640	1	-161	
514	chr19:41317186-41317656	1	10	
515	chr19:42142374-42142724	2	NA	
516	chr19:42223783-42223992	2	NA	
517	chr19:42359622-42359839	1	-87	
518	chr19:44160612-44160928	1	129	
519	chr19:46098179-46098527	1	-100	
520	chr19:47784325-47784745	1	144	
521	chr19:53477889-53478225	1	171	
522	chr19:53517873-53518444	1	147	
523	chr19:53573355-53573574	1	-62	
524	chr19:53860588-53860950	1	12	
525	chr19:53997216-53997594	1	-61	
526	chr19:56583810-56584232	1	112	
527	chr19:57172082-57172415	1	-50	
528	chr19:57177079-57177459	1	-44	
529	chr19:57397094-57397535	1	94	
530	chr19:58166504-58166743	2	NA	
531	chr19:61254204-61254542	2	NA	
532	chr2:10232605-10232849	1	138	
533	chr2:13331336-13331684	1	90	
534	chr2:13675569-13675889	1	103	
535	chr2:19306522-19306899	1	140	
536	chr2:25077196-25077668	1	-84	
537	chr2:25248530-25248965	1	-141	
538	chr2:25287738-25288120	1	107	
539	chr2:26211045-26211545	1	-146	
540	chr2:26490670-26491106	1	-72	
541	chr2:26724713-26725099	1	-90	
542	chr2:26755231-26755580	1	-84	
543	chr2:27336731-27337115	1	43	
544	chr2:29757242-29757630	1	-75	
545	chr2:30180995-30181291	1	67	
546	chr2:30650104-30650481	1	-102	
547	chr2:30904773-30905127	1	137	
548	chr2:30974222-30974455	1	-82	
549	chr2:31885040-31885476	1	-116	
550	chr2:32536805-32537481	1	57	
551	chr2:32547455-32547860	1	-14	
552	chr2:32788863-32789169	1	26	
553	chr2:33730351-33730597	1	148	
554	chr2:35483513-35483725	1	61	
555	chr2:35511982-35512282	1	41	
556	chr2:38294832-38295201	1	-177	
557	chr2:38358379-38358780	1	53	
558	chr2:38829813-38830196	1	-153	
559	chr2:52564057-52564663	1	144	
560	chr2:53013731-53014189	1	-111	
561	chr2:62241885-62242154	1	55	
562	chr2:69181230-69181581	1	69	
563	chr2:70462126-70462580	2	NA	
564	chr2:71444820-71445106	1	-118	
565	chr2:71971432-71971700	2	NA	
566	chr2:72779700-72780101	1	-138	
567	chr2:72813510-72813827	2	NA	
568	chr2:74626478-74626825	1	-73	
569	chr2:76170703-76171009	1	-79	
570	chr2:79435916-79436222	1	-17	
571	chr2:83445178-83445464	1	186	
572	chr2:90871148-90871425	1	-108	
573	chr2:90883789-90884129	1	72	
574	chr2:112255678-112256005	1	124	
575	chr2:120661995-120662378	1	89	
576	chr2:121809522-121809913	2	NA	
577	chr2:122343829-122344163	1	41	
578	chr2:126297465-126297843	1	189	
579	chr2:126366491-126367133	1	41	
580	chr2:126624353-126624713	1	83	
581	chr2:126700030-126700366	1	-35	
582	chr2:128875112-128875511	1	-69	
583	chr2:129870548-129870885	1	-156	
584	chr2:129975708-129975978	1	174	
585	chr2:130115924-130116388	1	-180	
586	chr2:130231805-130232104	1	-85	
587	chr2:131201210-131201530	1	114	
588	chr2:148134930-148135285	1	44	
589	chr2:151233756-151234111	1	86	
590	chr2:152063556-152063843	1	160	
591	chr2:152595414-152595793	1	160	
592	chr2:154064026-154064279	1	-98	
593	chr2:154482598-154483050	1	-125	
594	chr2:156003340-156004117	1	94	
595	chr2:156569258-156569625	1	75	
596	chr2:156810462-156810840	1	-90	
597	chr2:157857999-157858434	1	-71	
598	chr2:158052788-158053148	1	-74	
599	chr2:158357887-158358227	1	73	
600	chr2:163686493-163686874	1	-3	
601	chr2:164602625-164603123	1	51	
602	chr2:166316602-166317064	1	-16	
603	chr2:172124924-172125278	1	111	
604	chr2:172906586-172906845	1	108	
605	chr2:179999773-180000067	1	131	
606	chr2:180100709-180101083	1	-107	
607	chr2:180896387-180896785	1	-110	
608	chr2:181294669-181294985	1	56	
609	chr2:181846809-181847314	2	NA	
610	chr3:8229475-8229769	2	NA	
611	chr3:9848219-9848695	1	-81	
612	chr3:19450660-19451142	1	-50	
613	chr3:19899090-19899475	2	NA	
614	chr3:22102077-22102583	1	187	
615	chr3:22342232-22342478	1	161	
616	chr3:27373809-27374183	1	105	
617	chr3:27513772-27514082	1	-5	
618	chr3:31252046-31252491	2	NA	
619	chr3:32928390-32928771	1	123	
620	chr3:33991556-33992020	1	53	
621	chr3:35946029-35946432	1	-79	
622	chr3:37045671-37045957	1	82	
623	chr3:51365152-51365650	1	-166	
624	chr3:53105010-53105225	1	-128	
625	chr3:59168852-59169284	1	101	
626	chr3:60501673-60502022	1	163	
627	chr3:66045881-66046371	1	150	
628	chr3:84126320-84126800	1	-58	
629	chr3:84211902-84212200	1	-64	
630	chr3:84752056-84752334	1	-114	
631	chr3:87006310-87006678	1	-88	
632	chr3:87932367-87933068	1	40	
633	chr3:88771561-88771959	1	134	
634	chr3:89516159-89516600	2	NA	
635	chr3:89523220-89523586	1	127	
636	chr3:90519294-90519561	1	-120	
637	chr3:90672733-90673141	1	102	
638	chr3:95471151-95471519	2	NA	
639	chr3:95743870-95744397	2	NA	
640	chr3:96257536-96258025	1	169	
641	chr3:101403811-101404173	1	-65	
642	chr3:103335597-103335842	1	90	
643	chr3:103526629-103526910	1	-86	
644	chr3:107361406-107361731	1	-27	
645	chr3:107974212-107974530	1	-134	
646	chr3:108682588-108682929	1	-144	
647	chr3:109039264-109039956	2	NA	
648	chr3:114881790-114882137	1	71	
649	chr3:129486108-129486521	1	-84	
650	chr3:129823032-129823606	1	-46	
651	chr3:131146539-131147022	1	-120	
652	chr3:131197651-131197994	1	105	
653	chr3:132621221-132621565	1	5	
654	chr3:135339741-135340172	1	-49	
655	chr3:138080886-138081499	1	-33	
656	chr3:139142833-139143379	1	-33	
657	chr3:142702467-142702769	1	97	
658	chr3:148428791-148429064	1	-130	
659	chr3:152333174-152333941	2	NA	
660	chr3:157873848-157874222	1	-141	
661	chr4:3587180-3587512	1	3	
662	chr4:6372250-6372702	1	76	
663	chr4:7682656-7683134	1	-79	
664	chr4:11648502-11648873	1	-119	
665	chr4:22448426-22448862	2	NA	
666	chr4:24586904-24587216	1	130	
667	chr4:32586830-32587074	1	113	
668	chr4:33128737-33129059	1	65	
669	chr4:33235242-33235529	1	-111	
670	chr4:34876021-34876383	1	-128	
671	chr4:40910979-40911374	1	63	
672	chr4:40969748-40970290	1	-56	
673	chr4:41137027-41137338	1	-116	
674	chr4:46159613-46159951	1	96	
675	chr4:59355115-59355590	1	79	
676	chr4:61967623-61967922	1	-105	
677	chr4:62293040-62293437	1	137	
678	chr4:69864454-69864684	2	NA	
679	chr4:86046705-86047091	1	-54	
680	chr4:88861155-88861465	1	-87	
681	chr4:89042535-89042879	1	184	
682	chr4:100789901-100790419	1	62	
683	chr4:106468651-106468954	1	-138	
684	chr4:107377591-107377830	1	77	
685	chr4:107487072-107487327	1	-125	
686	chr4:114485029-114485332	1	-91	
687	chr4:116305371-116305742	1	103	
688	chr4:116618270-116618712	1	48	
689	chr4:116687806-116688254	2	NA	
690	chr4:118818415-118818681	1	-58	
691	chr4:122388046-122388414	1	-102	
692	chr4:125613070-125613528	1	105	
693	chr4:125823756-125824237	2	NA	
694	chr4:125931639-125931979	1	158	
695	chr4:126579575-126579808	1	-38	
696	chr4:128483500-128483904	1	-56	
697	chr4:129547988-129548420	2	NA	
698	chr4:131546328-131546690	1	-51	
699	chr4:132978956-132979364	1	-109	
700	chr4:133370726-133371115	1	6	
701	chr4:134006741-134007084	1	-86	
702	chr4:134478278-134478625	1	-60	
703	chr4:135235500-135235863	1	69	
704	chr4:135293613-135293923	1	-121	
705	chr4:135898617-135899007	1	147	
706	chr4:136881791-136882122	1	-53	
707	chr4:140216926-140217646	2	NA	
708	chr4:142486183-142486434	1	-116	
709	chr4:147402158-147402680	1	189	
710	chr4:147981288-147981579	1	86	
711	chr4:148501822-148502262	1	62	
712	chr4:148700241-148700615	1	-81	
713	chr4:149901661-149902011	1	-87	
714	chr4:150883021-150883249	1	159	
715	chr4:152855435-152855822	1	25	
716	chr4:153929900-153930334	1	163	
717	chr4:154006216-154006516	1	56	
718	chr4:154067172-154067492	1	77	
719	chr4:154196414-154196813	1	-147	
720	chr4:154445550-154445753	1	100	
721	chr4:154468197-154468742	1	186	
722	chr4:154647195-154647473	1	142	
723	chr4:154675228-154675650	1	-77	
724	chr4:154787497-154787837	2	NA	
725	chr5:9092988-9093253	1	93	
726	chr5:20213713-20214033	1	-166	
727	chr5:20767283-20767545	1	-108	
728	chr5:20923138-20923479	1	-124	
729	chr5:22062032-22062354	1	-90	
730	chr5:23955145-23955457	1	147	
731	chr5:25039850-25040239	1	60	
732	chr5:28402031-28402411	1	-6	
733	chr5:29899628-29900028	1	-119	
734	chr5:30102844-30103139	1	26	
735	chr5:31469520-31469798	1	150	
736	chr5:31974278-31974779	1	122	
737	chr5:33591651-33591960	2	NA	
738	chr5:36406057-36406676	1	96	
739	chr5:37355439-37355809	1	-83	
740	chr5:38548493-38548846	1	123	
741	chr5:43521639-43522070	2	NA	
742	chr5:44470020-44470385	1	-158	
743	chr5:53122171-53122533	1	48	
744	chr5:53779029-53779447	1	-43	
745	chr5:64247621-64247897	1	63	
746	chr5:77215082-77215447	1	9	
747	chr5:91441573-91442088	1	-78	
748	chr5:93037867-93038316	1	97	
749	chr5:93385024-93385293	1	-128	
750	chr5:100656399-100656902	1	86	
751	chr5:100766498-100766937	1	-134	
752	chr5:107996399-107996800	1	-114	
753	chr5:111010723-111011076	1	-109	
754	chr5:112566489-112566760	1	118	
755	chr5:113800501-113800978	1	108	
756	chr5:114047975-114048355	1	-136	
757	chr5:115428419-115428831	1	65	
758	chr5:115826165-115826462	1	-41	
759	chr5:115993120-115993509	2	NA	
760	chr5:118505928-118506315	1	54	
761	chr5:122905972-122906264	2	NA	
762	chr5:122938575-122938955	2	NA	
763	chr5:125395196-125395539	1	121	
764	chr5:125765103-125765444	1	-125	
765	chr5:130039792-130040124	1	50	
766	chr5:135453296-135453658	1	129	
767	chr5:135821949-135822320	1	-182	
768	chr5:136420547-136420909	1	-66	
769	chr5:138086681-138087055	2	NA	
770	chr5:138346582-138346826	1	104	
771	chr5:139737881-139738225	1	-74	
772	chr5:143059765-143060091	1	-129	
773	chr5:143185854-143186238	1	-142	
774	chr5:143194245-143194583	1	93	
775	chr5:143377946-143378281	1	-174	
776	chr5:143783379-143783848	1	-106	
777	chr5:144474914-144475292	1	73	
778	chr5:145533822-145534194	1	91	
779	chr5:147469638-147470076	1	-14	
780	chr5:148170727-148171058	1	-178	
781	chr5:149079815-149080095	1	-83	
782	chr5:149287232-149287578	1	148	
783	chr5:150880096-150880506	1	-59	
784	chr5:151636778-151637248	1	172	
785	chr6:13557841-13558145	1	170	
786	chr6:17015451-17015852	1	7	
787	chr6:24614792-24615224	1	-126	
788	chr6:30643415-30643713	1	128	
789	chr6:33548738-33549105	2	NA	
790	chr6:37800405-37800695	1	135	
791	chr6:38688880-38689201	1	-94	
792	chr6:39503327-39503709	1	-61	
793	chr6:39740404-39740683	1	-54	
794	chr6:40820476-40821023	1	-54	
795	chr6:41483878-41484352	1	147	
796	chr6:42273248-42273638	1	-105	
797	chr6:43595712-43595993	1	128	
798	chr6:48015665-48016371	1	-31	
799	chr6:48662458-48662866	2	NA	
800	chr6:54967404-54967782	1	83	
801	chr6:56644363-56644778	1	-36	
802	chr6:56726902-56727253	2	NA	
803	chr6:70754533-70754888	1	-106	
804	chr6:72276615-72277043	1	-106	
805	chr6:83314961-83315277	2	NA	
806	chr6:83472421-83472761	1	-152	
807	chr6:86558806-86559152	1	158	
808	chr6:87816569-87816948	1	158	
809	chr6:88010763-88011030	1	-92	
810	chr6:88040551-88040922	1	159	
811	chr6:88484181-88484789	2	NA	
812	chr6:91644479-91644856	1	146	
813	chr6:94726254-94726729	1	-40	
814	chr6:97144533-97144846	1	105	
815	chr6:97259559-97259989	1	27	
816	chr6:108502722-108503021	1	-135	
817	chr6:108515365-108515624	1	-145	
818	chr6:113042780-113043401	1	155	
819	chr6:113272240-113272610	1	65	
820	chr6:113497243-113497510	1	134	
821	chr6:113662870-113663414	2	NA	
822	chr6:117397204-117397434	1	-105	
823	chr6:117872387-117873006	2	NA	
824	chr6:119487541-119487942	2	NA	
825	chr6:120329607-120330172	1	177	
826	chr6:121180604-121180971	1	-76	
827	chr6:124706453-124706922	1	-101	
828	chr6:124930985-124931367	1	76	
829	chr6:125097264-125097584	1	-138	
830	chr6:129712988-129713348	1	68	
831	chr6:130203462-130203807	1	77	
832	chr6:131319125-131319498	1	80	
833	chr6:136699980-136700279	1	-105	
834	chr6:136905660-136906100	2	NA	
835	chr6:136931793-136932005	1	-101	
836	chr6:142518471-142518850	2	NA	
837	chr6:147048537-147048872	1	180	
838	chr6:148853265-148853734	1	17	
839	chr7:4683140-4683467	1	-22	
840	chr7:11909820-11910227	1	140	
841	chr7:11934553-11935060	1	131	
842	chr7:12202917-12203314	1	-137	
843	chr7:15359698-15359991	1	65	
844	chr7:16000088-16000514	1	-57	
845	chr7:16082438-16082858	2	NA	
846	chr7:18182651-18182982	1	-83	
847	chr7:18236222-18236697	1	126	
848	chr7:24139757-24140061	1	-52	
849	chr7:24166488-24166924	1	21	
850	chr7:24615777-24616176	1	-143	
851	chr7:24914066-24914425	1	161	
852	chr7:25427414-25427905	1	57	
853	chr7:25483075-25483489	1	-109	
854	chr7:27300558-27300883	1	150	
855	chr7:30056666-30056995	1	-163	
856	chr7:30103127-30103495	1	-46	
857	chr7:35463096-35463525	1	123	
858	chr7:43430207-43430506	1	-34	
859	chr7:45585856-45586190	1	0	
860	chr7:45601550-45601925	1	-49	
861	chr7:45790884-45791334	1	-78	
862	chr7:45926998-45927383	1	142	
863	chr7:46578596-46578859	1	-66	
864	chr7:46663951-46664285	1	115	
865	chr7:55662056-55662407	2	NA	
866	chr7:55917924-55918383	1	-25	
867	chr7:58692610-58692917	1	95	
868	chr7:66059194-66059564	2	NA	
869	chr7:67251796-67252333	1	-148	
870	chr7:73491796-73492278	1	38	
871	chr7:75236137-75236469	2	NA	
872	chr7:79123149-79123405	1	110	
873	chr7:79339395-79339889	1	156	
874	chr7:80083219-80083611	2	NA	
875	chr7:80774652-80774973	1	48	
876	chr7:83531447-83531716	1	-138	
877	chr7:84262657-84263270	2	NA	
878	chr7:90178209-90178436	1	138	
879	chr7:98439896-98440242	1	-122	
880	chr7:99185514-99185952	1	30	
881	chr7:99995569-99995838	1	-96	
882	chr7:100481301-100481634	1	110	
883	chr7:100982377-100982696	1	-124	
884	chr7:100987669-100987792	2	NA	
885	chr7:105610172-105610617	2	NA	
886	chr7:107498905-107499287	1	148	
887	chr7:112113627-112113901	1	159	
888	chr7:114108665-114109031	1	-4	
889	chr7:116125116-116125506	1	-108	
890	chr7:117277524-117277911	1	88	
891	chr7:121924037-121924428	1	-60	
892	chr7:125302568-125302876	1	-61	
893	chr7:125421564-125421881	1	-2	
894	chr7:126076429-126076851	1	-101	
895	chr7:126160516-126160938	1	-98	
896	chr7:126294471-126294791	1	-92	
897	chr7:126903729-126904491	1	91	
898	chr7:127024285-127024561	1	55	
899	chr7:127213070-127213306	1	105	
900	chr7:127667924-127668226	1	-33	
901	chr7:132573516-132573844	1	-145	
902	chr7:141154157-141154550	1	-81	
903	chr7:142804328-142804745	2	NA	
904	chr8:11758054-11758435	1	143	
905	chr8:13213447-13213869	1	-77	
906	chr8:13600067-13600463	1	162	
907	chr8:20439063-20439386	1	-88	
908	chr8:35107741-35108144	1	61	
909	chr8:35684561-35684901	1	-55	
910	chr8:40474191-40474494	1	105	
911	chr8:49212545-49212944	1	97	
912	chr8:72645399-72645724	1	-100	
913	chr8:72830442-72830789	1	-138	
914	chr8:73706054-73706349	2	NA	
915	chr8:74879712-74880140	1	96	
916	chr8:80318986-80319306	1	122	
917	chr8:84393294-84393669	1	95	
918	chr8:85976712-85977077	1	-124	
919	chr8:86498136-86498556	1	-9	
920	chr8:89513954-89514319	1	-187	
921	chr8:98323813-98324168	1	134	
922	chr8:107530770-107531068	1	55	
923	chr8:109463475-109463789	1	-91	
924	chr8:114707878-114708357	1	-2	
925	chr8:116521628-116521948	1	79	
926	chr8:122309710-122310213	1	-130	
927	chr8:123218620-123219084	1	-78	
928	chr8:123289915-123290173	1	-46	
929	chr8:124073708-124074057	1	-124	
930	chr8:125262494-125262902	1	-56	
931	chr8:125928283-125928949	1	-142	
932	chr8:127587093-127587486	1	-49	
933	chr8:127898828-127899203	1	-95	
934	chr8:129086215-129086525	2	NA	
935	chr8:131435839-131436211	1	79	
936	chr9:7239987-7240346	1	107	
937	chr9:7873182-7873717	1	0	
938	chr9:14768544-14769001	1	66	
939	chr9:15030118-15030499	1	166	
940	chr9:20242930-20243373	1	116	
941	chr9:20638372-20638783	1	-83	
942	chr9:20823740-20824125	1	185	
943	chr9:21038446-21038907	1	70	
944	chr9:24292348-24292618	2	NA	
945	chr9:32320245-32320630	1	-100	
946	chr9:37238813-37239158	1	73	
947	chr9:41848011-41848409	1	-41	
948	chr9:44085511-44085943	1	-2	
949	chr9:44399877-44400097	1	-80	
950	chr9:44518558-44518992	1	-156	
951	chr9:44523798-44524016	2	NA	
952	chr9:44619732-44620138	1	181	
953	chr9:48247196-48247593	1	84	
954	chr9:55006966-55007230	1	-84	
955	chr9:55185924-55186322	1	111	
956	chr9:57387467-57387727	1	99	
957	chr9:57563062-57563442	1	107	
958	chr9:60789487-60789803	1	-79	
959	chr9:60796881-60797418	1	104	
960	chr9:61505823-61506358	2	NA	
961	chr9:63504318-63504807	1	-13	
962	chr9:64830304-64830650	1	-56	
963	chr9:64994270-64994697	1	-0	
964	chr9:65922705-65923006	1	-30	
965	chr9:66397608-66397983	2	NA	
966	chr9:71931726-71932067	1	-113	
967	chr9:80052148-80052581	1	-80	
968	chr9:88071233-88071509	1	-34	
969	chr9:88328044-88328404	1	97	
970	chr9:94929440-94929887	1	-43	
971	chr9:96699048-96699476	1	108	
972	chr9:100269509-100269865	2	NA	
973	chr9:103163079-103163430	1	155	
974	chr9:103307282-103307604	1	134	
975	chr9:105353121-105353485	1	-126	
976	chr9:106749843-106750153	1	95	
977	chr9:107192363-107192932	1	133	
978	chr9:108205896-108206149	1	-119	
979	chr9:108506582-108507001	1	121	
980	chr9:110126401-110126611	2	NA	
981	chr9:110321416-110321698	1	-100	
982	chr9:110489988-110490449	1	66	
983	chr9:114601694-114602025	1	-54	
984	chr9:114626740-114626999	2	NA	
985	chr9:116214910-116215318	1	99	
986	chr9:117741353-117741688	2	NA	
987	chr9:119592663-119593052	1	-5	
988	chr9:120425867-120426268	1	67	
989	chr9:120782072-120782431	2	NA	
990	chr9:123720779-123721179	1	189	
991	chrM:10952-15733	2	NA	
992	chrX:44678131-44678498	1	92	
993	chrX:83491005-83491208	2	NA	
994	chrX:100183871-100184196	1	-73	
995	chrX:125895499-125895976	1	-58	
996	chrX:129405460-129405731	1	-172	
997	chrX:138729300-138729505	2	NA	
998	chrX:140609007-140609289	1	-53	
