1	chr1:7078585-7079331	1	-144	NA	NA	NA	NA	NA	
2	chr1:20897558-20898253	4	NA	NA	93	NA	NA	NA	
3	chr1:34379319-34379854	3	NA	NA	NA	NA	NA	NA	
4	chr1:36187975-36188440	3	NA	NA	NA	NA	NA	NA	
5	chr1:36205044-36205382	3	NA	NA	NA	NA	NA	NA	
6	chr1:36491428-36491900	3	NA	NA	NA	NA	NA	NA	
7	chr1:36628703-36628986	2	NA	-101	NA	NA	NA	NA	
8	chr1:36667718-36668080	1	-72	NA	NA	NA	NA	NA	
9	chr1:36704943-36705529	1	-92	NA	NA	NA	NA	NA	
10	chr1:36864725-36865393	5	-14	73	NA	NA	NA	NA	
11	chr1:37261808-37262399	4	NA	NA	-74	NA	NA	NA	
12	chr1:38828193-38828820	1	-25	NA	-122	NA	NA	NA	
13	chr1:39658354-39658840	1	182	NA	NA	NA	NA	NA	
14	chr1:39952515-39952873	1	-79	NA	NA	NA	NA	NA	
15	chr1:40269396-40269769	1	-84	NA	NA	NA	NA	NA	
16	chr1:40420007-40420846	4	NA	NA	52	NA	NA	NA	
17	chr1:43298107-43298437	2	NA	-150	NA	NA	NA	NA	
18	chr1:43483287-43483581	5	-160	80	NA	NA	NA	NA	
19	chr1:43506910-43507196	1	-142	NA	NA	NA	NA	NA	
20	chr1:51538170-51538815	3	NA	NA	NA	NA	NA	NA	
21	chr1:51964069-51964489	1	14	NA	NA	NA	NA	NA	
22	chr1:53739568-53740121	3	NA	NA	NA	NA	NA	NA	
23	chr1:53758912-53759453	2	NA	19	NA	NA	NA	NA	
24	chr1:53796841-53797198	4	NA	NA	-40	NA	NA	NA	
25	chr1:53839015-53839452	1	150	NA	NA	NA	NA	NA	
26	chr1:53853679-53854119	1	73	NA	NA	NA	NA	NA	
27	chr1:58687812-58688066	5	72	113	NA	NA	NA	NA	
28	chr1:60019400-60019855	3	NA	NA	NA	NA	NA	NA	
29	chr1:60721429-60722061	2	NA	72	NA	NA	NA	NA	
30	chr1:60827425-60827710	1	-54	NA	NA	NA	NA	NA	
31	chr1:60930472-60931218	3	NA	NA	NA	NA	NA	NA	
32	chr1:60934649-60935276	3	NA	NA	NA	NA	NA	NA	
33	chr1:64420652-64421007	3	NA	NA	NA	NA	NA	NA	
34	chr1:66485590-66486312	1	-149	NA	NA	NA	NA	NA	
35	chr1:66947412-66947807	2	NA	51	NA	NA	NA	NA	
36	chr1:74195781-74196331	6	NA	NA	NA	-42	NA	NA	
37	chr1:75025484-75025806	4	NA	NA	140	NA	NA	NA	
38	chr1:75199966-75200284	2	NA	-156	NA	NA	NA	NA	
39	chr1:79654995-79655223	3	NA	NA	NA	NA	NA	NA	
40	chr1:80092760-80093376	1	-184	NA	121	NA	NA	NA	
41	chr1:80525553-80526125	2	NA	-132	NA	NA	NA	NA	
42	chr1:87517592-87518130	4	NA	NA	-145	NA	NA	NA	
43	chr1:87625089-87625797	6	NA	NA	NA	-115	NA	NA	
44	chr1:87727764-87728375	1	-107	NA	-93	NA	NA	NA	
45	chr1:88225545-88225984	6	NA	NA	NA	4	NA	NA	
46	chr1:88318423-88319003	3	NA	NA	NA	NA	NA	NA	
47	chr1:89438722-89439239	3	NA	NA	NA	NA	NA	NA	
48	chr1:89730843-89731231	2	NA	50	NA	NA	NA	NA	
49	chr1:90108399-90109459	3	NA	NA	NA	NA	NA	NA	
50	chr1:90306514-90307082	1	140	NA	NA	NA	NA	NA	
51	chr1:90408870-90409549	2	NA	133	NA	NA	NA	NA	
52	chr1:90540132-90540532	2	NA	-123	NA	NA	NA	NA	
53	chr1:93899778-93900164	2	NA	-132	NA	NA	NA	NA	
54	chr1:94471784-94472359	1	-152	NA	NA	NA	NA	NA	
55	chr1:95865687-95866128	3	NA	NA	NA	NA	NA	NA	
56	chr1:97485850-97486532	2	NA	-27	NA	NA	NA	NA	
57	chr1:107718724-107719103	2	NA	15	NA	NA	NA	NA	
58	chr1:108145865-108146218	1	-100	NA	NA	NA	NA	NA	
59	chr1:108490649-108490998	4	NA	NA	-104	NA	NA	NA	
60	chr1:120138749-120139218	4	NA	NA	-102	NA	NA	NA	
61	chr1:121319513-121319832	3	NA	NA	NA	NA	NA	NA	
62	chr1:124184524-124184967	3	NA	NA	NA	NA	NA	NA	
63	chr1:127294093-127294662	5	2	-164	NA	NA	NA	NA	
64	chr1:130442401-130442685	6	NA	NA	NA	-80	NA	NA	
65	chr1:133031837-133032617	1	-73	NA	-90	NA	NA	NA	
66	chr1:133107773-133108163	3	NA	NA	NA	NA	NA	NA	
67	chr1:133401231-133401522	3	NA	NA	NA	NA	NA	NA	
68	chr1:134958354-134958909	1	160	NA	NA	NA	NA	NA	
69	chr1:135372556-135373052	1	94	NA	NA	NA	NA	NA	
70	chr1:135505834-135506428	3	NA	NA	NA	NA	NA	NA	
71	chr1:135881745-135882222	1	-85	NA	NA	NA	NA	NA	
72	chr1:135887988-135888335	4	NA	NA	119	NA	NA	NA	
73	chr1:136681976-136682281	4	NA	NA	-61	NA	NA	NA	
74	chr1:136807952-136808366	3	NA	NA	NA	NA	NA	NA	
75	chr1:136947477-136947981	1	-12	NA	26	NA	NA	NA	
76	chr1:137448091-137448476	5	9	74	NA	NA	NA	NA	
77	chr1:138395666-138396280	2	NA	161	NA	NA	NA	NA	
78	chr1:138416809-138417496	3	NA	NA	NA	NA	NA	NA	
79	chr1:138433684-138434070	1	-118	NA	NA	NA	NA	NA	
80	chr1:138516069-138516344	2	NA	96	NA	NA	NA	NA	
81	chr1:139740243-139740497	1	136	NA	NA	NA	NA	NA	
82	chr1:139952761-139953436	2	NA	70	NA	NA	NA	NA	
83	chr1:140120160-140120954	2	NA	24	NA	NA	NA	NA	
84	chr1:140792175-140792733	3	NA	NA	NA	NA	NA	NA	
85	chr1:145017398-145017793	6	NA	NA	NA	-62	NA	NA	
86	chr1:145678565-145679270	2	NA	-113	NA	NA	NA	NA	
87	chr1:145768561-145769291	2	NA	-147	NA	NA	NA	NA	
88	chr1:145795726-145796038	1	-153	NA	NA	NA	NA	NA	
89	chr1:152940174-152940621	1	-1	NA	78	NA	NA	NA	
90	chr1:153106154-153106727	2	NA	15	NA	NA	NA	NA	
91	chr1:153846913-153847467	5	168	-30	NA	NA	NA	NA	
92	chr1:155142103-155142629	3	NA	NA	NA	NA	NA	NA	
93	chr1:157546502-157546878	4	NA	NA	95	NA	NA	NA	
94	chr1:158510230-158510642	1	-114	NA	NA	NA	NA	NA	
95	chr1:161879220-161879591	4	NA	NA	-81	NA	NA	NA	
96	chr1:161890307-161890805	1	40	NA	NA	NA	NA	NA	
97	chr1:162143998-162144377	5	100	39	NA	NA	NA	NA	
98	chr1:163507508-163508244	1	60	NA	NA	NA	NA	NA	
99	chr1:163598141-163598580	3	NA	NA	NA	NA	NA	NA	
100	chr1:165971932-165972707	5	167	96	NA	NA	NA	NA	
101	chr1:166770364-166770889	1	165	NA	-129	NA	NA	NA	
102	chr1:167664854-167665441	2	NA	144	NA	NA	NA	-51	
103	chr1:167681533-167682232	3	NA	NA	NA	NA	NA	NA	
104	chr1:167822905-167823217	1	121	NA	NA	NA	NA	NA	
105	chr1:172004460-172004866	4	NA	NA	-36	NA	NA	NA	
106	chr1:173083579-173084126	3	NA	NA	NA	NA	NA	NA	
107	chr1:173608696-173609378	6	NA	NA	NA	57	NA	NA	
108	chr1:173758195-173758590	1	-33	NA	NA	NA	NA	NA	
109	chr1:173776063-173776466	1	68	NA	NA	NA	NA	NA	
110	chr1:173851787-173852395	4	NA	NA	-103	NA	NA	NA	
111	chr1:174142969-174143261	3	NA	NA	NA	NA	NA	NA	
112	chr1:178822744-178823266	6	NA	NA	NA	53	NA	NA	
113	chr1:181006446-181006810	2	NA	26	NA	NA	NA	NA	
114	chr1:181077294-181077890	1	79	NA	NA	NA	NA	NA	
115	chr1:182155003-182155371	1	92	NA	NA	NA	NA	NA	
116	chr1:182174953-182175551	2	NA	-121	NA	NA	NA	NA	
117	chr1:182180466-182180987	5	120	97	NA	NA	NA	NA	
118	chr1:184046942-184047318	3	NA	NA	NA	NA	NA	NA	
119	chr1:185688724-185689346	2	NA	141	NA	NA	NA	NA	
120	chr1:186554766-186555061	1	-146	NA	118	NA	NA	NA	
121	chr1:192894424-192894962	4	NA	NA	-34	NA	NA	NA	
122	chr1:196942194-196942698	3	NA	NA	NA	NA	NA	NA	
123	chr10:3167545-3167908	1	79	NA	NA	NA	NA	NA	
124	chr10:7229342-7229698	3	NA	NA	NA	NA	NA	NA	
125	chr10:7352645-7353120	3	NA	NA	NA	NA	NA	NA	
126	chr10:7529641-7530206	2	NA	-29	NA	NA	NA	NA	
127	chr10:13683582-13684071	1	-108	NA	NA	NA	NA	NA	
128	chr10:13689017-13689613	1	30	NA	-9	NA	NA	NA	
129	chr10:13805965-13806687	1	-21	NA	NA	NA	NA	NA	
130	chr10:17418109-17418627	6	NA	NA	NA	30	NA	NA	
131	chr10:17831677-17832043	1	70	NA	NA	NA	NA	NA	
132	chr10:18751500-18752228	1	-158	NA	NA	NA	NA	NA	
133	chr10:18847200-18847589	2	NA	92	NA	NA	NA	NA	
134	chr10:18875702-18876282	1	-181	NA	NA	NA	NA	NA	
135	chr10:19193835-19194213	2	NA	134	NA	NA	NA	NA	
136	chr10:19309225-19309530	1	-0	NA	NA	NA	NA	NA	
137	chr10:19436920-19437594	1	14	NA	NA	NA	NA	NA	
138	chr10:19628546-19629072	1	178	NA	-126	NA	NA	NA	
139	chr10:20002381-20002739	2	NA	-33	NA	NA	NA	NA	
140	chr10:20790069-20790441	3	NA	NA	NA	NA	NA	NA	
141	chr10:23980924-23981406	1	155	NA	NA	NA	NA	NA	
142	chr10:26014552-26015117	2	NA	120	NA	NA	NA	NA	
143	chr10:26048129-26048781	2	NA	-97	NA	NA	NA	NA	
144	chr10:38881958-38882389	2	NA	143	NA	NA	NA	NA	
145	chr10:39680489-39681067	2	NA	67	NA	NA	NA	NA	
146	chr10:41625582-41626005	2	NA	-176	NA	NA	NA	NA	
147	chr10:41719405-41719800	3	NA	NA	NA	NA	NA	NA	
148	chr10:41745633-41746118	1	-139	NA	NA	NA	NA	NA	
149	chr10:43559084-43559420	1	-57	NA	-124	NA	NA	NA	
150	chr10:43685633-43686149	1	-29	NA	NA	NA	NA	NA	
151	chr10:53721077-53721705	1	97	NA	NA	NA	NA	NA	
152	chr10:58787192-58787692	1	-126	NA	NA	NA	NA	NA	
153	chr10:66348670-66349105	3	NA	NA	NA	NA	NA	NA	
154	chr10:67283376-67283709	4	NA	NA	17	NA	NA	NA	
155	chr10:67477160-67477592	1	92	NA	NA	NA	NA	NA	
156	chr10:67500632-67501163	5	155	-121	NA	NA	NA	NA	
157	chr10:68563771-68564216	2	NA	137	NA	NA	NA	NA	
158	chr10:69576090-69576491	1	-88	NA	NA	NA	NA	NA	
159	chr10:74975277-74975926	4	NA	NA	149	NA	NA	NA	
160	chr10:75341074-75341453	2	NA	4	NA	NA	-49	NA	
161	chr10:75395042-75395770	3	NA	NA	NA	NA	NA	NA	
162	chr10:77997518-77998139	4	NA	NA	141	NA	NA	NA	
163	chr10:79386741-79387262	2	NA	-12	NA	NA	NA	NA	
164	chr10:79629864-79630562	4	NA	NA	63	NA	NA	NA	
165	chr10:79836622-79837595	2	NA	-120	NA	NA	NA	NA	
166	chr10:80201558-80202194	2	NA	-71	NA	NA	NA	NA	
167	chr10:80509138-80509482	1	75	NA	NA	NA	NA	NA	
168	chr10:80913362-80913894	1	-7	NA	-42	NA	NA	NA	
169	chr10:82434230-82434586	4	NA	NA	89	NA	NA	NA	
170	chr10:82566744-82567213	5	-113	181	NA	NA	NA	NA	
171	chr10:84816564-84816899	2	NA	121	NA	NA	NA	NA	
172	chr10:92500448-92500728	2	NA	125	NA	NA	NA	NA	
173	chr10:92554085-92554746	6	NA	NA	NA	-8	NA	NA	
174	chr10:92765556-92766104	4	NA	NA	-154	NA	NA	NA	
175	chr10:95309774-95310296	3	NA	NA	NA	NA	NA	NA	
176	chr10:95830473-95830932	1	-5	NA	NA	NA	NA	NA	
177	chr10:96154539-96154947	6	NA	NA	NA	-80	NA	NA	
178	chr10:98546385-98547028	3	NA	NA	NA	NA	NA	NA	
179	chr10:98624216-98624689	1	-178	NA	NA	NA	NA	NA	
180	chr10:98674659-98675036	1	141	NA	NA	NA	NA	NA	
181	chr10:98815516-98816012	1	-35	NA	NA	NA	NA	NA	
182	chr10:98846322-98846873	3	NA	NA	NA	NA	NA	NA	
183	chr10:110506459-110506776	1	-104	NA	NA	NA	NA	NA	
184	chr10:116902034-116902375	2	NA	-142	NA	NA	NA	NA	
185	chr10:117187568-117188142	3	NA	NA	NA	NA	NA	NA	
186	chr10:117263973-117264493	2	NA	56	NA	NA	NA	NA	
187	chr10:117297657-117298182	2	NA	-192	NA	NA	NA	NA	
188	chr10:117321303-117321894	1	176	NA	NA	NA	NA	NA	
189	chr10:117350915-117351311	2	NA	-100	NA	NA	NA	NA	
190	chr10:117355977-117356355	1	6	NA	NA	NA	NA	NA	
191	chr10:117410178-117410654	2	NA	17	NA	NA	NA	NA	
192	chr10:117505927-117506424	1	114	NA	160	NA	NA	NA	
193	chr10:117575544-117575999	2	NA	26	NA	NA	NA	NA	
194	chr10:117884382-117885043	6	NA	NA	NA	51	NA	NA	
195	chr10:119605078-119605435	3	NA	NA	NA	NA	NA	NA	
196	chr10:120298690-120299362	1	81	NA	NA	NA	NA	NA	
197	chr10:120666953-120667499	1	63	NA	NA	NA	NA	NA	
198	chr10:120671871-120672138	4	NA	NA	89	NA	NA	NA	
199	chr10:120822975-120823438	6	NA	NA	NA	-60	NA	NA	
200	chr10:121981808-121982251	1	-28	NA	NA	NA	NA	NA	
201	chr10:122054958-122055525	1	34	NA	NA	NA	NA	NA	
202	chr10:126308477-126308890	3	NA	NA	NA	NA	NA	NA	
203	chr10:126597423-126597829	1	102	NA	NA	NA	NA	NA	
204	chr10:127726556-127727109	4	NA	NA	-9	NA	NA	NA	
205	chr10:127747915-127748350	2	NA	72	NA	NA	NA	NA	
206	chr10:127907476-127907994	1	-188	NA	-96	NA	NA	NA	
207	chr10:129725375-129726070	1	-155	NA	NA	NA	NA	NA	
208	chr10:129739319-129739761	5	-79	114	NA	NA	NA	NA	
209	chr11:3101949-3102202	3	NA	NA	NA	NA	NA	NA	
210	chr11:3213139-3213725	2	NA	96	NA	NA	NA	NA	
211	chr11:4103002-4103586	2	NA	166	NA	NA	NA	NA	
212	chr11:4322939-4323561	5	37	-95	NA	NA	NA	NA	
213	chr11:5153637-5154045	1	10	NA	NA	NA	NA	NA	
214	chr11:5197612-5198156	4	NA	NA	56	NA	NA	NA	
215	chr11:5311504-5312236	3	NA	NA	NA	NA	NA	NA	
216	chr11:5417541-5417843	5	124	111	NA	NA	NA	NA	
217	chr11:5900003-5900451	1	-122	NA	NA	NA	NA	NA	
218	chr11:6428370-6428999	2	NA	-94	NA	NA	NA	NA	
219	chr11:6604803-6605475	1	53	NA	NA	NA	NA	NA	
220	chr11:11463878-11464758	1	-26	NA	NA	NA	NA	NA	
221	chr11:11557116-11557452	1	134	NA	NA	NA	NA	NA	
222	chr11:11579048-11579442	1	10	NA	NA	NA	NA	NA	
223	chr11:11611742-11612151	5	28	14	NA	NA	NA	NA	
224	chr11:11619724-11620099	2	NA	-176	NA	NA	NA	NA	
225	chr11:11625932-11626615	1	-107	NA	NA	NA	NA	NA	
226	chr11:20148717-20149330	1	40	NA	NA	NA	NA	NA	
227	chr11:21002722-21003268	6	NA	NA	NA	-35	NA	NA	
228	chr11:22592568-22593156	2	NA	-113	NA	NA	NA	NA	
229	chr11:22757908-22758210	2	NA	-104	NA	NA	NA	NA	
230	chr11:23701973-23702214	2	NA	83	NA	NA	NA	NA	
231	chr11:31570848-31571157	3	NA	NA	NA	NA	NA	NA	
232	chr11:31961697-31962333	1	-134	NA	NA	NA	NA	NA	
233	chr11:32100173-32100535	3	NA	NA	NA	NA	NA	NA	
234	chr11:33838597-33840267	1	-139	NA	NA	NA	NA	NA	
235	chr11:34626397-34626890	1	-120	NA	NA	NA	NA	NA	
236	chr11:43274189-43274524	1	80	NA	NA	NA	NA	NA	
237	chr11:43336044-43336449	2	NA	109	NA	NA	149	NA	
238	chr11:45637943-45638535	1	-62	NA	NA	NA	NA	NA	
239	chr11:46187027-46187807	1	99	NA	NA	NA	NA	NA	
240	chr11:46232741-46233188	5	-166	97	NA	NA	NA	NA	
241	chr11:46264255-46264952	5	-109	-54	NA	NA	NA	NA	
242	chr11:46519226-46519468	3	NA	NA	NA	NA	NA	NA	
243	chr11:48717942-48718259	1	-77	NA	NA	NA	NA	NA	
244	chr11:49550175-49550540	2	NA	105	NA	NA	NA	NA	
245	chr11:49829731-49830056	3	NA	NA	NA	NA	NA	NA	
246	chr11:52084255-52084607	3	NA	NA	NA	NA	NA	NA	
247	chr11:52127623-52128205	2	NA	103	NA	NA	NA	NA	
248	chr11:52157311-52158286	1	-172	NA	NA	NA	NA	NA	
249	chr11:53188693-53189041	2	NA	43	NA	NA	NA	NA	
250	chr11:53360289-53360727	4	NA	NA	-2	NA	NA	NA	
251	chr11:53906421-53906994	3	NA	NA	NA	NA	NA	NA	
252	chr11:53926191-53926576	2	NA	-31	NA	NA	NA	NA	
253	chr11:53948436-53948737	1	-163	NA	NA	NA	NA	NA	
254	chr11:53983645-53984193	2	NA	-65	NA	NA	NA	NA	
255	chr11:54709979-54710517	3	NA	NA	NA	NA	NA	NA	
256	chr11:57476985-57477415	5	2	-108	NA	NA	NA	NA	
257	chr11:57481006-57481446	1	-38	NA	NA	NA	NA	NA	
258	chr11:57500888-57501531	4	NA	NA	120	NA	NA	NA	
259	chr11:59024268-59024634	2	NA	-108	NA	NA	NA	NA	
260	chr11:61297879-61298431	3	NA	NA	NA	NA	NA	NA	
261	chr11:63724482-63725173	3	NA	NA	NA	NA	NA	NA	
262	chr11:63801057-63801588	3	NA	NA	NA	NA	NA	NA	
263	chr11:68889514-68890009	3	NA	NA	NA	NA	NA	NA	
264	chr11:69074578-69074874	2	NA	-59	NA	NA	NA	NA	
265	chr11:69182588-69183075	3	NA	NA	NA	NA	NA	NA	
266	chr11:69487427-69487932	3	NA	NA	NA	NA	NA	NA	
267	chr11:72262623-72262898	1	101	NA	NA	NA	NA	NA	
268	chr11:72952632-72953301	1	-125	NA	-107	NA	NA	NA	
269	chr11:75011417-75012030	3	NA	NA	NA	NA	NA	NA	
270	chr11:75098821-75099208	1	106	NA	NA	NA	NA	NA	
271	chr11:75772887-75773279	1	30	NA	NA	NA	NA	NA	
272	chr11:75996091-75996527	4	NA	NA	-26	NA	NA	NA	
273	chr11:76295291-76295736	2	NA	-46	NA	NA	NA	NA	
274	chr11:77218585-77219205	6	NA	NA	NA	-134	NA	NA	
275	chr11:78352206-78352982	3	NA	NA	NA	NA	NA	NA	
276	chr11:78514142-78514511	2	NA	-105	NA	NA	NA	NA	
277	chr11:78596267-78596728	3	NA	NA	NA	NA	NA	NA	
278	chr11:78646461-78646870	3	NA	NA	NA	NA	NA	NA	
279	chr11:79070535-79071249	1	-49	NA	NA	NA	NA	NA	
280	chr11:79489760-79490126	5	-58	47	NA	NA	NA	NA	
281	chr11:79686380-79686653	5	-169	-105	NA	NA	NA	NA	
282	chr11:79970030-79970351	2	NA	-50	NA	NA	NA	NA	
283	chr11:80198636-80199284	2	NA	57	NA	NA	NA	NA	
284	chr11:82030680-82030910	1	-75	NA	NA	NA	NA	NA	
285	chr11:82856873-82857608	3	NA	NA	NA	NA	NA	NA	
286	chr11:85270218-85270445	2	NA	-101	NA	NA	NA	NA	
287	chr11:86073632-86073916	3	NA	NA	NA	NA	NA	NA	
288	chr11:86574068-86574706	2	NA	-137	NA	NA	NA	NA	
289	chr11:86644736-86645029	3	NA	NA	NA	NA	NA	NA	
290	chr11:87567753-87568412	2	NA	17	NA	NA	NA	NA	
291	chr11:87575701-87576357	1	133	NA	98	NA	NA	NA	
292	chr11:87961424-87961954	3	NA	NA	NA	NA	NA	NA	
293	chr11:93851935-93852339	1	-97	NA	169	NA	NA	NA	
294	chr11:94407737-94408423	3	NA	NA	NA	NA	NA	NA	
295	chr11:94816459-94817037	1	110	NA	NA	NA	NA	NA	
296	chr11:95172675-95173322	1	-171	NA	NA	NA	NA	NA	
297	chr11:96823388-96823756	1	-28	NA	NA	NA	NA	NA	
298	chr11:96845745-96846128	5	-23	41	NA	NA	NA	NA	
299	chr11:97348269-97348881	2	NA	121	NA	NA	NA	NA	
300	chr11:97481064-97481421	1	-84	NA	NA	NA	NA	NA	
301	chr11:98009209-98009572	3	NA	NA	NA	NA	NA	NA	
302	chr11:98286194-98286831	4	NA	NA	38	NA	NA	NA	
303	chr11:98303735-98304112	5	181	-56	NA	NA	NA	NA	
304	chr11:98313287-98313965	4	NA	NA	104	NA	NA	NA	
305	chr11:98326050-98326723	5	-98	-86	NA	NA	NA	NA	
306	chr11:98798173-98798433	3	NA	NA	NA	NA	NA	NA	
307	chr11:98857999-98858417	3	NA	NA	NA	NA	NA	NA	
308	chr11:98920999-98921686	5	-95	116	NA	NA	NA	NA	
309	chr11:98932019-98932348	1	-101	NA	NA	NA	NA	NA	
310	chr11:99019815-99020346	1	18	NA	NA	NA	NA	NA	
311	chr11:99066709-99066968	2	NA	-99	NA	NA	NA	NA	
312	chr11:101012270-101012717	1	-150	NA	NA	NA	NA	NA	
313	chr11:102038111-102038381	3	NA	NA	NA	NA	NA	NA	
314	chr11:103228168-103228802	3	NA	NA	NA	NA	NA	NA	
315	chr11:104366715-104367178	4	NA	NA	163	NA	NA	NA	
316	chr11:104476966-104477506	4	NA	NA	-143	NA	NA	NA	
317	chr11:104784585-104785106	3	NA	NA	NA	NA	NA	NA	
318	chr11:105882587-105883063	4	NA	NA	-62	NA	NA	NA	
319	chr11:106145838-106146082	2	NA	-97	NA	NA	NA	NA	
320	chr11:106568167-106568693	6	NA	NA	NA	NA	NA	-150	
321	chr11:106940589-106940868	2	NA	101	NA	NA	NA	NA	
322	chr11:107233390-107233969	2	NA	-83	NA	NA	NA	NA	
323	chr11:107271151-107271608	6	NA	NA	NA	-115	NA	NA	
324	chr11:107944664-107944990	6	NA	NA	NA	83	NA	NA	
325	chr11:108726564-108727506	2	NA	167	NA	NA	NA	-121	
326	chr11:109236597-109237185	4	NA	NA	-155	NA	NA	NA	
327	chr11:109256014-109256456	3	NA	NA	NA	NA	NA	NA	
328	chr11:110214736-110215418	4	NA	NA	69	NA	NA	NA	
329	chr11:115152112-115152508	4	NA	NA	-115	NA	NA	NA	
330	chr11:116153462-116153942	1	-183	NA	NA	NA	NA	NA	
331	chr11:116185711-116186014	3	NA	NA	NA	NA	NA	NA	
332	chr11:116598869-116599392	4	NA	NA	30	NA	NA	NA	
333	chr11:117414963-117415673	4	NA	NA	-126	NA	NA	NA	
334	chr11:117694238-117694844	1	126	NA	NA	NA	NA	NA	
335	chr11:117697893-117698476	6	NA	NA	NA	48	NA	NA	
336	chr11:117785879-117786201	5	184	104	NA	NA	NA	NA	
337	chr11:119487165-119487457	5	-141	-58	NA	NA	NA	NA	
338	chr12:3109869-3110413	3	NA	NA	NA	NA	NA	NA	
339	chr12:3264556-3264943	3	NA	NA	NA	NA	NA	NA	
340	chr12:3463156-3463533	1	-80	NA	NA	NA	NA	NA	
341	chr12:4900106-4900386	3	NA	NA	NA	NA	NA	NA	
342	chr12:9055336-9056144	3	NA	NA	NA	NA	NA	NA	
343	chr12:11256556-11257075	3	NA	NA	NA	NA	NA	NA	
344	chr12:12398954-12399516	5	-31	-107	NA	NA	NA	NA	
345	chr12:12426775-12427242	1	-90	NA	NA	NA	NA	NA	
346	chr12:15830237-15830919	4	NA	NA	-165	NA	NA	NA	
347	chr12:16034042-16034576	3	NA	NA	NA	NA	NA	NA	
348	chr12:16613903-16614304	1	-104	NA	NA	NA	NA	NA	
349	chr12:21697639-21698308	1	-90	NA	NA	NA	NA	NA	
350	chr12:25182556-25182926	6	NA	NA	NA	39	NA	NA	
351	chr12:25599530-25600053	4	NA	NA	-106	NA	NA	NA	
352	chr12:29395271-29395628	6	NA	NA	NA	-107	NA	NA	
353	chr12:29431782-29432656	3	NA	NA	NA	NA	NA	NA	
354	chr12:33539677-33540142	1	24	NA	NA	NA	NA	NA	
355	chr12:33768272-33768672	1	103	NA	-89	NA	NA	NA	
356	chr12:36665631-36666490	4	NA	NA	-156	NA	NA	NA	
357	chr12:40547406-40548038	1	-25	NA	NA	NA	NA	NA	
358	chr12:40593631-40593952	1	-82	NA	NA	NA	NA	NA	
359	chr12:55235069-55235451	1	-172	NA	NA	NA	NA	NA	
360	chr12:55381901-55382121	2	NA	-95	NA	NA	NA	NA	
361	chr12:65983811-65984280	3	NA	NA	NA	NA	NA	NA	
362	chr12:70997311-70997758	1	-100	NA	NA	NA	NA	NA	
363	chr12:71129994-71130332	3	NA	NA	NA	NA	NA	NA	
364	chr12:71150880-71151140	1	-130	NA	NA	NA	NA	NA	
365	chr12:73968932-73969259	1	-70	NA	NA	NA	NA	NA	
366	chr12:74301160-74301518	2	NA	34	NA	NA	NA	NA	
367	chr12:74516884-74517680	2	NA	88	NA	NA	NA	28	
368	chr12:74610993-74611568	1	143	NA	NA	NA	NA	NA	
369	chr12:78032211-78032909	1	-107	NA	NA	NA	NA	NA	
370	chr12:79667758-79668159	3	NA	NA	NA	NA	NA	NA	
371	chr12:79925582-79925950	2	NA	37	NA	NA	NA	NA	
372	chr12:80348588-80349116	1	22	NA	NA	NA	NA	NA	
373	chr12:81713718-81714364	1	79	NA	-50	NA	NA	NA	
374	chr12:83084921-83085514	5	186	-148	NA	NA	NA	NA	
375	chr12:84521717-84522112	1	171	NA	NA	NA	NA	NA	
376	chr12:85110790-85111319	3	NA	NA	NA	NA	NA	NA	
377	chr12:85662471-85663135	2	NA	84	NA	NA	NA	NA	
378	chr12:85766618-85766924	1	-156	NA	NA	NA	NA	NA	
379	chr12:86333639-86334234	1	-7	NA	NA	NA	NA	NA	
380	chr12:86361285-86361681	3	NA	NA	NA	NA	NA	NA	
381	chr12:87749189-87749575	3	NA	NA	NA	NA	NA	NA	
382	chr12:87834126-87834776	2	NA	31	NA	NA	NA	NA	
383	chr12:88942170-88942522	1	-114	NA	NA	NA	NA	NA	
384	chr12:91144360-91144668	2	NA	81	NA	NA	NA	NA	
385	chr12:91471007-91471605	2	NA	-75	NA	NA	NA	NA	
386	chr12:98616496-98617065	4	NA	NA	-44	NA	NA	NA	
387	chr12:98647829-98648470	4	NA	NA	-78	NA	NA	NA	
388	chr12:98670576-98671273	1	140	NA	NA	NA	NA	NA	
389	chr12:100053347-100053670	4	NA	NA	64	NA	NA	NA	
390	chr12:101304604-101305141	1	-36	NA	NA	NA	NA	NA	
391	chr12:101395149-101395649	5	69	92	NA	NA	NA	NA	
392	chr12:103006605-103007149	2	NA	72	NA	NA	NA	NA	
393	chr12:103075705-103076091	1	0	NA	NA	NA	NA	NA	
394	chr12:103732262-103733057	6	NA	NA	NA	46	NA	NA	
395	chr12:106090586-106090817	1	187	NA	NA	NA	NA	NA	
396	chr12:106435132-106435837	2	NA	-3	NA	NA	NA	NA	
397	chr12:106711986-106712653	5	-111	5	NA	NA	NA	NA	
398	chr12:106966250-106966871	2	NA	-73	NA	NA	NA	NA	
399	chr12:107059395-107059912	2	NA	44	NA	NA	NA	NA	
400	chr12:107527120-107527539	1	31	NA	NA	NA	NA	NA	
401	chr12:107560904-107561557	2	NA	-139	NA	NA	NA	NA	
402	chr12:107585626-107585949	2	NA	96	NA	NA	NA	NA	
403	chr12:107950141-107950815	1	98	NA	-170	NA	NA	NA	
404	chr12:108176902-108177632	2	NA	91	NA	NA	NA	NA	
405	chr12:108218234-108218675	5	118	147	NA	NA	NA	NA	
406	chr12:108723604-108724117	2	NA	192	NA	NA	NA	NA	
407	chr12:110945189-110945657	6	NA	NA	NA	133	NA	NA	
408	chr12:111185491-111186127	6	NA	NA	NA	-151	NA	NA	
409	chr12:112007751-112008202	3	NA	NA	NA	NA	NA	NA	
410	chr12:113302729-113303293	3	NA	NA	NA	NA	NA	NA	
411	chr12:113397840-113398445	5	-6	-138	NA	NA	NA	NA	
412	chr12:113615827-113616407	1	-145	NA	NA	NA	NA	NA	
413	chr12:115438615-115439136	1	116	NA	170	NA	NA	NA	
414	chr12:116189772-116190043	1	-148	NA	NA	NA	NA	NA	
415	chr12:116696504-116697175	2	NA	-72	NA	NA	NA	NA	
416	chr13:5844219-5844816	1	54	NA	NA	NA	NA	NA	
417	chr13:9010840-9011517	3	NA	NA	NA	NA	NA	NA	
418	chr13:16815845-16816350	1	22	NA	103	NA	NA	NA	
419	chr13:21786554-21786994	3	NA	NA	NA	NA	NA	NA	
420	chr13:23768756-23769289	3	NA	NA	NA	NA	NA	NA	
421	chr13:28700524-28701022	4	NA	NA	-72	NA	NA	NA	
422	chr13:30173522-30174590	3	NA	NA	NA	NA	NA	NA	
423	chr13:30199608-30199867	1	115	NA	NA	NA	NA	NA	
424	chr13:30266702-30267142	3	NA	NA	NA	NA	NA	NA	
425	chr13:30755005-30755516	2	NA	130	NA	NA	NA	NA	
426	chr13:30767810-30768112	3	NA	NA	NA	NA	NA	NA	
427	chr13:34871559-34872416	5	76	-156	NA	NA	NA	NA	
428	chr13:36815368-36816066	3	NA	NA	NA	NA	NA	NA	
429	chr13:37545150-37545772	5	24	42	NA	NA	NA	NA	
430	chr13:41108189-41108859	5	-132	-169	NA	NA	NA	NA	
431	chr13:42311417-42312045	2	NA	53	NA	NA	NA	NA	
432	chr13:44076492-44076999	4	NA	NA	134	NA	NA	NA	
433	chr13:46701651-46702444	5	-13	50	NA	NA	NA	NA	
434	chr13:46790811-46791176	5	2	116	NA	NA	NA	NA	
435	chr13:48540408-48540952	6	NA	NA	NA	NA	-47	NA	
436	chr13:49254519-49254878	2	NA	104	NA	NA	NA	NA	
437	chr13:49318984-49319556	4	NA	NA	55	NA	NA	NA	
438	chr13:52733965-52734403	1	-6	NA	NA	NA	NA	NA	
439	chr13:52813059-52813643	3	NA	NA	NA	NA	NA	NA	
440	chr13:52819833-52820349	2	NA	179	NA	NA	NA	NA	
441	chr13:52995065-52995528	6	NA	NA	NA	-171	NA	NA	
442	chr13:54199610-54199904	3	NA	NA	NA	NA	NA	NA	
443	chr13:54631089-54631678	1	-124	NA	NA	NA	9	NA	
444	chr13:55646167-55646614	2	NA	18	NA	NA	NA	NA	
445	chr13:56486372-56486714	3	NA	NA	NA	NA	NA	NA	
446	chr13:56516413-56517336	3	NA	NA	NA	NA	NA	NA	
447	chr13:56712614-56713976	1	4	NA	NA	NA	NA	NA	
448	chr13:58397615-58398149	2	NA	3	NA	NA	NA	NA	
449	chr13:60748016-60748434	2	NA	-119	NA	NA	NA	NA	
450	chr13:60852526-60852855	1	179	NA	NA	NA	NA	NA	
451	chr13:62889852-62890229	5	-150	-47	NA	NA	NA	NA	
452	chr13:63440645-63441363	4	NA	NA	100	NA	NA	NA	
453	chr13:64425563-64426147	6	NA	NA	NA	-170	NA	NA	
454	chr13:67426247-67426771	2	NA	-189	NA	NA	NA	NA	
455	chr13:77902350-77902726	3	NA	NA	NA	NA	NA	NA	
456	chr13:82136101-82136456	1	-96	NA	NA	NA	NA	NA	
457	chr13:94872025-94872404	2	NA	-141	NA	NA	NA	NA	
458	chr13:96693689-96694076	2	NA	118	NA	NA	NA	NA	
459	chr13:97057159-97057619	4	NA	NA	78	NA	NA	NA	
460	chr13:97488654-97488949	1	-182	NA	NA	NA	NA	NA	
461	chr13:98291141-98291436	3	NA	NA	NA	NA	NA	NA	
462	chr13:98599241-98599712	3	NA	NA	NA	NA	NA	NA	
463	chr13:98862320-98862840	2	NA	-144	NA	NA	NA	NA	
464	chr13:99990943-99991402	3	NA	NA	NA	NA	NA	NA	
465	chr13:102802232-102802752	5	-156	-116	NA	NA	NA	NA	
466	chr13:102807927-102808261	4	NA	NA	-96	NA	NA	NA	
467	chr13:102836853-102837167	5	-150	138	NA	NA	NA	NA	
468	chr13:105694688-105695166	3	NA	NA	NA	NA	NA	NA	
469	chr13:105742783-105743294	1	-139	NA	NA	NA	NA	NA	
470	chr13:108066837-108067508	1	-147	NA	NA	NA	NA	NA	
471	chr13:110352733-110353388	5	-2	52	NA	NA	NA	NA	
472	chr13:110943262-110943809	2	NA	-24	NA	NA	NA	140	
473	chr13:111023394-111023969	3	NA	NA	NA	NA	NA	NA	
474	chr13:111144048-111144300	2	NA	-166	NA	NA	NA	NA	
475	chr13:112917348-112917727	1	109	NA	NA	NA	NA	NA	
476	chr13:113560187-113560660	2	NA	-55	NA	NA	NA	NA	
477	chr13:114700612-114701372	1	35	NA	-102	NA	NA	NA	
478	chr13:114915197-114915866	2	NA	134	NA	NA	NA	NA	
479	chr13:115966750-115967237	2	NA	-112	NA	NA	NA	NA	
480	chr13:116016577-116017188	2	NA	-180	NA	NA	NA	NA	
481	chr13:118335315-118335709	1	-131	NA	80	NA	NA	NA	
482	chr14:6635089-6635639	1	-41	NA	NA	NA	NA	NA	
483	chr14:9095138-9095684	1	166	NA	NA	NA	NA	NA	
484	chr14:14966512-14967108	1	-85	NA	178	NA	NA	NA	
485	chr14:18071189-18071519	3	NA	NA	NA	NA	NA	NA	
486	chr14:19574065-19574500	4	NA	NA	114	NA	NA	NA	
487	chr14:20328171-20328696	3	NA	NA	NA	NA	NA	NA	
488	chr14:24691045-24691476	3	NA	NA	NA	NA	NA	NA	
489	chr14:25471804-25472238	5	-139	56	NA	NA	NA	NA	
490	chr14:29078715-29079018	5	31	-164	NA	NA	NA	NA	
491	chr14:29918735-29919252	3	NA	NA	NA	NA	NA	NA	
492	chr14:30262259-30262838	2	NA	76	NA	NA	NA	NA	
493	chr14:31546024-31546505	1	151	NA	NA	NA	NA	NA	
494	chr14:47344125-47344525	5	112	-88	NA	NA	NA	NA	
495	chr14:48984056-48984489	3	NA	NA	NA	NA	NA	NA	
496	chr14:49746176-49746564	2	NA	23	NA	NA	NA	NA	
497	chr14:52054332-52054695	2	NA	44	NA	NA	-100	NA	
498	chr14:52411991-52412621	1	-142	NA	85	NA	-51	NA	
499	chr14:52861363-52861829	3	NA	NA	NA	NA	NA	NA	
500	chr14:53185265-53185922	2	NA	-89	NA	NA	NA	NA	
501	chr14:53315513-53315902	1	-158	NA	NA	NA	NA	NA	
502	chr14:53418091-53418482	2	NA	-58	NA	NA	NA	NA	
503	chr14:54557699-54558331	1	177	NA	NA	NA	NA	NA	
504	chr14:54572924-54573232	6	NA	NA	NA	-85	NA	NA	
505	chr14:60000011-60000844	1	18	NA	NA	NA	NA	NA	
506	chr14:60001493-60001841	6	NA	NA	NA	88	NA	NA	
507	chr14:61882083-61882635	1	-69	NA	-48	NA	NA	NA	
508	chr14:63331238-63331572	6	NA	NA	NA	125	NA	NA	
509	chr14:63332197-63332630	1	-43	NA	NA	NA	NA	NA	
510	chr14:63838835-63839487	4	NA	NA	43	NA	NA	NA	
511	chr14:63869308-63869861	5	140	-117	NA	NA	NA	NA	
512	chr14:63903815-63904390	3	NA	NA	NA	NA	NA	NA	
513	chr14:64284643-64284939	3	NA	NA	NA	NA	NA	NA	
514	chr14:65143309-65143982	2	NA	-142	NA	NA	NA	57	
515	chr14:68800734-68801140	1	-145	NA	NA	NA	NA	NA	
516	chr14:73643178-73643496	6	NA	NA	NA	-109	NA	NA	
517	chr14:74240241-74240780	1	-170	NA	NA	NA	NA	NA	
518	chr14:77293135-77293632	1	137	NA	NA	NA	NA	NA	
519	chr14:78048662-78049214	4	NA	NA	-168	NA	NA	NA	
520	chr14:85972683-85973333	1	-136	NA	NA	NA	NA	NA	
521	chr14:86271500-86271979	4	NA	NA	16	NA	NA	NA	
522	chr14:100335448-100336117	1	108	NA	175	NA	NA	NA	
523	chr14:101903496-101904009	3	NA	NA	NA	NA	NA	NA	
524	chr14:121050720-121051194	1	187	NA	NA	NA	NA	NA	
525	chr14:121122794-121123315	3	NA	NA	NA	NA	NA	NA	
526	chr14:121135781-121136480	4	NA	NA	-68	NA	NA	NA	
527	chr14:121987628-121988181	1	-173	NA	NA	NA	NA	NA	
528	chr15:5055557-5055903	1	109	NA	NA	NA	NA	NA	
529	chr15:5090449-5091182	3	NA	NA	NA	NA	NA	NA	
530	chr15:6472516-6473024	3	NA	NA	NA	NA	NA	NA	
531	chr15:9477862-9478397	1	-117	NA	NA	NA	NA	NA	
532	chr15:9525317-9526182	1	-3	NA	NA	NA	NA	NA	
533	chr15:12840065-12840604	4	NA	NA	-149	NA	NA	NA	
534	chr15:25214309-25214809	1	-87	NA	NA	NA	NA	NA	
535	chr15:25750367-25750830	6	NA	NA	NA	168	NA	NA	
536	chr15:37589441-37589864	2	NA	-19	NA	NA	NA	NA	
537	chr15:50137409-50137827	1	-160	NA	NA	NA	NA	NA	
538	chr15:53158047-53158402	3	NA	NA	NA	NA	NA	NA	
539	chr15:58840666-58841251	2	NA	102	NA	NA	NA	NA	
540	chr15:59953862-59954382	4	NA	NA	-172	NA	NA	NA	
541	chr15:63992955-63993723	2	NA	121	NA	NA	NA	NA	
542	chr15:66618536-66619219	1	68	NA	NA	NA	NA	NA	
543	chr15:66648231-66648517	4	NA	NA	81	NA	NA	NA	
544	chr15:66958606-66958923	4	NA	NA	-68	NA	NA	NA	
545	chr15:67239599-67240118	4	NA	NA	-81	NA	NA	NA	
546	chr15:72989010-72989549	1	118	NA	NA	NA	NA	NA	
547	chr15:74879709-74880063	3	NA	NA	NA	NA	NA	NA	
548	chr15:74913300-74914403	3	NA	NA	NA	NA	NA	NA	
549	chr15:76498078-76498535	2	NA	25	NA	NA	NA	-61	
550	chr15:77560579-77560950	2	NA	-18	NA	NA	NA	NA	
551	chr15:77798036-77798697	4	NA	NA	159	NA	NA	NA	
552	chr15:78322121-78322765	2	NA	-89	NA	NA	NA	NA	
553	chr15:78403449-78404117	3	NA	NA	NA	NA	NA	NA	
554	chr15:78750706-78751231	1	30	NA	NA	NA	NA	NA	
555	chr15:79710399-79710929	6	NA	NA	NA	60	NA	NA	
556	chr15:80365444-80365899	2	NA	51	NA	NA	NA	NA	
557	chr15:80762146-80762591	1	-70	NA	-32	NA	NA	NA	
558	chr15:81026740-81027081	2	NA	-43	NA	NA	NA	NA	
559	chr15:81350111-81350580	1	-25	NA	NA	NA	NA	NA	
560	chr15:81843477-81843966	3	NA	NA	NA	NA	NA	NA	
561	chr15:82182048-82182457	2	NA	-165	NA	NA	NA	NA	
562	chr15:82742110-82742714	3	NA	NA	NA	NA	NA	NA	
563	chr15:82903482-82903932	2	NA	-37	NA	NA	NA	NA	
564	chr15:83226559-83226876	1	82	NA	NA	NA	NA	NA	
565	chr15:85005410-85005659	5	-28	-50	NA	NA	NA	NA	
566	chr15:85636947-85637236	2	NA	-36	NA	NA	NA	NA	
567	chr15:88974764-88975186	1	-156	NA	NA	NA	NA	NA	
568	chr15:94063226-94063650	6	NA	NA	NA	-105	NA	NA	
569	chr15:96114563-96114983	3	NA	NA	NA	NA	NA	NA	
570	chr15:97201128-97201741	6	NA	NA	NA	59	NA	NA	
571	chr15:97491538-97492001	3	NA	NA	NA	NA	NA	NA	
572	chr15:97618067-97618568	3	NA	NA	NA	NA	NA	NA	
573	chr15:98461916-98462207	2	NA	-70	NA	NA	NA	33	
574	chr15:98820427-98820797	1	-186	NA	-118	NA	NA	NA	
575	chr15:99079622-99080169	1	-183	NA	NA	NA	NA	NA	
576	chr15:99302049-99302345	2	NA	23	NA	NA	NA	NA	
577	chr15:100534350-100534619	1	82	NA	NA	NA	NA	NA	
578	chr15:100725724-100726064	6	NA	NA	NA	-77	NA	NA	
579	chr15:101095703-101096085	4	NA	NA	105	NA	NA	NA	
580	chr15:102053206-102053740	2	NA	186	NA	NA	NA	NA	
581	chr15:102067252-102067660	6	NA	NA	NA	-73	-39	NA	
582	chr15:103097008-103097246	3	NA	NA	NA	NA	NA	NA	
583	chr16:3891640-3891994	1	-147	NA	NA	NA	NA	NA	
584	chr16:4298137-4298523	6	NA	NA	NA	-78	NA	NA	
585	chr16:4499069-4499364	1	130	NA	108	NA	NA	NA	
586	chr16:4697806-4698184	1	-44	NA	NA	NA	NA	NA	
587	chr16:5308775-5309113	2	NA	74	NA	NA	NA	NA	
588	chr16:8322068-8322417	2	NA	-61	NA	NA	-26	NA	
589	chr16:8445318-8445743	5	-70	-11	NA	NA	NA	NA	
590	chr16:8555101-8555428	1	173	NA	NA	NA	NA	NA	
591	chr16:10467515-10467873	3	NA	NA	NA	NA	NA	NA	
592	chr16:10586066-10586573	4	NA	NA	26	NA	NA	NA	
593	chr16:10685623-10686068	1	-167	NA	NA	NA	NA	NA	
594	chr16:10882771-10883278	1	112	NA	NA	NA	NA	NA	
595	chr16:16929323-16929686	4	NA	NA	-148	NA	NA	NA	
596	chr16:17988717-17989104	1	-87	NA	NA	NA	NA	NA	
597	chr16:18373390-18373926	5	-181	-152	NA	NA	NA	NA	
598	chr16:22346896-22347596	1	38	NA	NA	NA	NA	NA	
599	chr16:23089974-23090850	2	NA	-90	NA	NA	NA	NA	
600	chr16:23760144-23760432	4	NA	NA	-81	NA	NA	NA	
601	chr16:24066256-24066878	5	-78	-31	NA	NA	NA	NA	
602	chr16:24454304-24454821	1	-45	NA	NA	NA	NA	NA	
603	chr16:30293932-30294499	2	NA	-189	NA	NA	NA	NA	
604	chr16:32007738-32008213	3	NA	NA	NA	NA	NA	NA	
605	chr16:32082826-32083420	4	NA	NA	177	NA	NA	NA	
606	chr16:32732649-32733123	1	-121	NA	NA	NA	NA	NA	
607	chr16:33263297-33263738	1	-112	NA	-98	NA	NA	NA	
608	chr16:33607517-33608217	1	-41	NA	NA	NA	NA	NA	
609	chr16:35901123-35901607	3	NA	NA	NA	NA	NA	NA	
610	chr16:36396036-36396614	1	-88	NA	NA	NA	NA	NA	
611	chr16:42091699-42092226	1	-46	NA	NA	NA	NA	NA	
612	chr16:43609311-43610082	3	NA	NA	NA	NA	NA	NA	
613	chr16:44610998-44611778	2	NA	104	NA	NA	NA	NA	
614	chr16:44944465-44945189	5	-114	-84	NA	NA	NA	NA	
615	chr16:45861422-45862209	3	NA	NA	NA	NA	NA	NA	
616	chr16:48705805-48706526	2	NA	90	NA	NA	NA	NA	
617	chr16:48728894-48729483	1	102	NA	NA	NA	NA	NA	
618	chr16:49710381-49711040	1	104	NA	44	NA	NA	NA	
619	chr16:49718296-49718859	1	-164	NA	NA	NA	NA	NA	
620	chr16:51594186-51594887	2	NA	-109	NA	NA	NA	NA	
621	chr16:52000769-52001760	1	-188	NA	NA	NA	NA	NA	
622	chr16:62838026-62838418	1	102	NA	NA	NA	NA	NA	
623	chr16:62882591-62882998	2	NA	150	NA	NA	NA	NA	
624	chr16:64700695-64701263	2	NA	-90	NA	NA	NA	NA	
625	chr16:75791775-75792236	2	NA	-53	NA	NA	NA	NA	
626	chr16:76108176-76108606	2	NA	-133	NA	NA	NA	NA	
627	chr16:76132179-76132753	6	NA	NA	NA	93	NA	NA	
628	chr16:76166354-76166896	3	NA	NA	NA	NA	NA	NA	
629	chr16:76181999-76182686	2	NA	-130	NA	NA	NA	NA	
630	chr16:76219594-76219965	3	NA	NA	NA	NA	NA	NA	
631	chr16:76432055-76432670	1	169	NA	60	NA	NA	NA	
632	chr16:76891707-76892177	2	NA	-12	NA	NA	NA	NA	
633	chr16:76977808-76978182	2	NA	121	NA	NA	NA	NA	
634	chr16:78081773-78082161	2	NA	170	NA	NA	NA	NA	
635	chr16:87213797-87214135	1	110	NA	NA	NA	NA	NA	
636	chr16:87550831-87551160	1	-28	NA	NA	NA	NA	NA	
637	chr16:87615148-87615704	2	NA	167	NA	NA	NA	NA	
638	chr16:89724382-89724947	4	NA	NA	-129	NA	NA	NA	
639	chr16:89862000-89862424	1	81	NA	NA	NA	NA	NA	
640	chr16:89874570-89875406	1	160	NA	-90	NA	NA	NA	
641	chr16:91263162-91263801	1	-186	NA	NA	NA	NA	NA	
642	chr16:91337059-91337387	1	34	NA	NA	NA	NA	NA	
643	chr16:91347209-91347664	1	-30	NA	NA	NA	NA	NA	
644	chr16:91359261-91359693	4	NA	NA	-69	NA	NA	NA	
645	chr16:91379608-91380236	4	NA	NA	-46	NA	NA	NA	
646	chr16:91423341-91423663	2	NA	-32	NA	NA	NA	NA	
647	chr16:91434264-91434877	6	NA	NA	NA	83	NA	NA	
648	chr16:92529984-92530375	1	95	NA	NA	NA	NA	NA	
649	chr16:92690496-92690851	2	NA	45	NA	NA	NA	NA	
650	chr16:92744540-92744937	3	NA	NA	NA	NA	NA	NA	
651	chr16:92939894-92940168	1	-79	NA	NA	NA	NA	NA	
652	chr16:93664932-93665408	2	NA	124	NA	NA	NA	NA	
653	chr16:93806876-93807209	1	35	NA	NA	NA	-120	NA	
654	chr16:94422132-94422556	3	NA	NA	NA	NA	NA	NA	
655	chr16:95859000-95859575	1	106	NA	NA	NA	NA	NA	
656	chr16:95965664-95966211	6	NA	NA	NA	74	NA	NA	
657	chr17:5758260-5758894	4	NA	NA	78	NA	NA	NA	
658	chr17:5760770-5761305	1	33	NA	NA	NA	NA	NA	
659	chr17:7018887-7019169	1	-55	NA	NA	NA	NA	NA	
660	chr17:8148984-8149447	2	NA	113	NA	NA	NA	NA	
661	chr17:13418909-13419234	2	NA	19	NA	NA	NA	NA	
662	chr17:15536504-15536761	1	-100	NA	NA	NA	NA	NA	
663	chr17:18422912-18423438	5	-74	-11	NA	NA	NA	-29	
664	chr17:22128698-22129104	3	NA	NA	NA	NA	NA	NA	
665	chr17:23290873-23291727	1	-114	NA	NA	NA	NA	NA	
666	chr17:23344432-23345142	2	NA	-136	NA	NA	NA	NA	
667	chr17:23347997-23348503	3	NA	NA	NA	NA	NA	NA	
668	chr17:23586045-23586816	2	NA	146	NA	NA	NA	NA	
669	chr17:23890650-23891023	3	NA	NA	NA	NA	NA	NA	
670	chr17:24382626-24382889	3	NA	NA	NA	NA	NA	NA	
671	chr17:24414715-24415010	3	NA	NA	NA	NA	NA	NA	
672	chr17:24911745-24912305	1	144	NA	-103	NA	NA	NA	
673	chr17:27519850-27520507	4	NA	NA	-167	NA	NA	NA	
674	chr17:28056059-28056412	2	NA	78	NA	NA	NA	NA	
675	chr17:28340043-28340854	4	NA	NA	42	NA	NA	NA	
676	chr17:28610001-28610316	2	NA	-114	NA	NA	NA	NA	
677	chr17:29074106-29074455	6	NA	NA	NA	91	NA	NA	
678	chr17:29706938-29707473	2	NA	-30	NA	NA	NA	NA	
679	chr17:30952559-30953199	5	189	-124	NA	NA	NA	NA	
680	chr17:31387476-31388066	2	NA	-88	NA	NA	NA	NA	
681	chr17:32052490-32053027	1	-30	NA	75	NA	NA	NA	
682	chr17:32771600-32771989	3	NA	NA	NA	NA	NA	NA	
683	chr17:33055877-33056241	1	-109	NA	NA	NA	NA	NA	
684	chr17:33588940-33589391	2	NA	-29	NA	NA	NA	NA	
685	chr17:34568263-34568603	1	-56	NA	NA	NA	NA	NA	
686	chr17:35334973-35335510	3	NA	NA	NA	NA	NA	NA	
687	chr17:35631615-35632162	1	19	NA	NA	NA	NA	NA	
688	chr17:35839195-35839928	3	NA	NA	NA	NA	NA	NA	
689	chr17:36590453-36590926	5	72	-119	NA	NA	NA	NA	
690	chr17:39450946-39456987	3	NA	NA	NA	NA	NA	NA	
691	chr17:44117600-44118127	1	-49	NA	NA	NA	NA	NA	
692	chr17:46312049-46312315	1	78	NA	NA	NA	NA	NA	
693	chr17:50873200-50873774	1	-95	NA	NA	NA	NA	NA	
694	chr17:51278840-51279584	2	NA	-170	NA	NA	NA	NA	
695	chr17:51627191-51628076	1	-165	NA	NA	NA	NA	NA	
696	chr17:51743480-51743796	1	55	NA	-67	NA	NA	NA	
697	chr17:51813216-51814009	2	NA	-110	NA	NA	NA	NA	
698	chr17:55599056-55599301	3	NA	NA	NA	NA	NA	NA	
699	chr17:55669145-55669517	3	NA	NA	NA	NA	NA	NA	
700	chr17:55924911-55925243	1	-44	NA	NA	NA	-102	NA	
701	chr17:56745272-56746079	4	NA	NA	-138	NA	NA	NA	
702	chr17:57023270-57023805	2	NA	63	NA	NA	NA	NA	
703	chr17:70878024-70878814	1	-74	NA	NA	NA	NA	NA	
704	chr17:70891270-70891820	1	35	NA	NA	NA	NA	NA	
705	chr17:71365051-71365566	1	176	NA	NA	NA	NA	NA	
706	chr17:72844445-72845129	4	NA	NA	56	NA	NA	NA	
707	chr17:72992040-72992468	2	NA	-184	NA	NA	NA	NA	
708	chr17:73047328-73047639	2	NA	-112	NA	NA	NA	NA	
709	chr17:73209242-73209632	1	-170	NA	NA	NA	NA	NA	
710	chr17:80053959-80054563	1	-168	NA	NA	NA	NA	NA	
711	chr17:80083872-80084173	2	NA	109	NA	NA	NA	NA	
712	chr17:83215284-83215715	5	181	-110	NA	NA	NA	NA	
713	chr17:83220708-83221228	1	-153	NA	-114	NA	NA	NA	
714	chr17:83562968-83563604	4	NA	NA	-63	NA	NA	NA	
715	chr17:84024544-84025145	1	167	NA	NA	NA	NA	NA	
716	chr17:84071279-84071754	2	NA	-65	NA	NA	NA	NA	
717	chr17:84238905-84239504	1	-49	NA	NA	NA	NA	NA	
718	chr17:84328154-84328536	4	NA	NA	101	NA	NA	NA	
719	chr17:86209627-86210014	2	NA	77	NA	NA	NA	NA	
720	chr17:86687542-86687848	1	9	NA	NA	NA	NA	NA	
721	chr17:87950688-87951260	1	158	NA	NA	NA	NA	NA	
722	chr18:3005169-3006100	1	184	NA	NA	NA	NA	NA	
723	chr18:3281556-3282014	6	NA	NA	NA	141	NA	NA	
724	chr18:5162053-5162512	3	NA	NA	NA	NA	NA	NA	
725	chr18:13092148-13092648	1	116	NA	NA	NA	NA	NA	
726	chr18:21099920-21100534	3	NA	NA	NA	NA	NA	NA	
727	chr18:33096818-33097405	5	84	-146	NA	NA	NA	NA	
728	chr18:38545110-38545742	1	112	NA	135	NA	NA	NA	
729	chr18:39209006-39209322	3	NA	NA	NA	NA	NA	NA	
730	chr18:39266544-39266937	1	-72	NA	NA	NA	NA	NA	
731	chr18:39645027-39645948	3	NA	NA	NA	NA	NA	NA	
732	chr18:40434048-40434441	3	NA	NA	NA	NA	NA	NA	
733	chr18:42400883-42401611	3	NA	NA	NA	NA	NA	NA	
734	chr18:44527835-44528276	3	NA	NA	NA	NA	NA	NA	
735	chr18:50139648-50140152	2	NA	109	NA	NA	NA	NA	
736	chr18:50153554-50153826	1	124	NA	NA	NA	NA	NA	
737	chr18:54824179-54824419	3	NA	NA	NA	NA	NA	NA	
738	chr18:55592120-55592824	6	NA	NA	NA	50	NA	NA	
739	chr18:56064745-56065081	3	NA	NA	NA	NA	NA	NA	
740	chr18:61098566-61099128	5	-111	-167	NA	NA	NA	NA	
741	chr18:62250813-62251325	6	NA	NA	NA	-179	NA	NA	
742	chr18:62845301-62845918	3	NA	NA	NA	NA	NA	NA	
743	chr18:64613823-64614432	1	126	NA	NA	NA	NA	NA	
744	chr18:65437741-65438259	2	NA	-155	NA	NA	NA	NA	
745	chr18:67405929-67406348	2	NA	-33	NA	NA	NA	NA	
746	chr18:67850232-67850772	1	78	NA	NA	NA	NA	NA	
747	chr18:68352970-68353305	1	-59	NA	NA	NA	NA	NA	
748	chr18:69077000-69077436	3	NA	NA	NA	NA	NA	NA	
749	chr18:73658580-73659009	3	NA	NA	NA	NA	NA	NA	
750	chr18:74393749-74394282	1	30	NA	NA	NA	NA	NA	
751	chr18:75403809-75404533	2	NA	51	NA	NA	NA	NA	
752	chr18:75447445-75448234	3	NA	NA	NA	NA	NA	NA	
753	chr18:75502742-75503380	5	96	-68	NA	NA	NA	NA	
754	chr18:77140032-77140467	4	NA	NA	-95	NA	NA	NA	
755	chr18:79465506-79466155	3	NA	NA	NA	NA	NA	NA	
756	chr18:80900205-80900786	4	NA	NA	175	NA	NA	NA	
757	chr18:82024766-82025190	4	NA	NA	-45	NA	NA	NA	
758	chr18:82355567-82355940	1	-54	NA	NA	NA	NA	NA	
759	chr18:82638038-82638518	3	NA	NA	NA	NA	NA	NA	
760	chr18:82818636-82819061	3	NA	NA	NA	NA	NA	NA	
761	chr18:82826760-82827133	3	NA	NA	NA	NA	NA	NA	
762	chr18:85020823-85021267	3	NA	NA	NA	NA	NA	NA	
763	chr18:85832043-85832514	3	NA	NA	NA	NA	NA	NA	
764	chr18:89340272-89340891	3	NA	NA	NA	NA	NA	NA	
765	chr19:3554329-3554719	3	NA	NA	NA	NA	NA	NA	
766	chr19:4119504-4120125	5	165	-121	NA	NA	NA	NA	
767	chr19:4878417-4879248	3	NA	NA	NA	NA	NA	NA	
768	chr19:5911362-5911792	6	NA	NA	NA	-86	NA	NA	
769	chr19:7019755-7020087	2	NA	-92	NA	NA	NA	NA	
770	chr19:8319179-8319450	3	NA	NA	NA	NA	NA	NA	
771	chr19:9122681-9123127	1	52	NA	NA	NA	NA	NA	
772	chr19:10936622-10936894	2	NA	67	NA	NA	NA	NA	
773	chr19:11368194-11368798	3	NA	NA	NA	NA	NA	NA	
774	chr19:11583793-11584480	2	NA	75	NA	NA	NA	NA	
775	chr19:11656932-11657464	3	NA	NA	NA	NA	NA	NA	
776	chr19:12093505-12094126	1	81	NA	NA	NA	NA	NA	
777	chr19:12608590-12609343	2	NA	112	NA	NA	NA	NA	
778	chr19:12863588-12864077	1	-62	NA	NA	NA	NA	NA	
779	chr19:15991743-15992441	3	NA	NA	NA	NA	NA	NA	
780	chr19:23390214-23390823	1	27	NA	NA	NA	NA	NA	
781	chr19:24622059-24622336	2	NA	-102	NA	NA	NA	NA	
782	chr19:25427723-25428188	2	NA	-7	NA	NA	NA	NA	
783	chr19:29519716-29520457	2	NA	39	NA	NA	NA	NA	
784	chr19:31276346-31276966	4	NA	NA	120	NA	NA	NA	
785	chr19:32214760-32215100	3	NA	NA	NA	NA	NA	NA	
786	chr19:32341351-32342072	2	NA	155	NA	NA	NA	NA	
787	chr19:32531126-32531539	3	NA	NA	NA	NA	NA	NA	
788	chr19:33147398-33148003	5	-10	125	NA	NA	NA	NA	
789	chr19:33432415-33433188	2	NA	16	NA	NA	118	NA	
790	chr19:34549651-34549920	1	-158	NA	NA	NA	NA	NA	
791	chr19:36589581-36590073	3	NA	NA	NA	NA	NA	NA	
792	chr19:37624754-37625187	3	NA	NA	NA	NA	NA	NA	
793	chr19:38118832-38119235	3	NA	NA	NA	NA	NA	NA	
794	chr19:38466528-38466908	5	98	-81	NA	NA	NA	NA	
795	chr19:41075618-41076029	1	78	NA	NA	NA	NA	NA	
796	chr19:43577599-43578183	1	150	NA	NA	NA	NA	NA	
797	chr19:44337852-44338375	3	NA	NA	NA	NA	NA	NA	
798	chr19:45117204-45117580	2	NA	-163	NA	NA	123	NA	
799	chr19:46524181-46524653	2	NA	-158	NA	NA	NA	NA	
800	chr19:47566161-47566702	4	NA	NA	-42	NA	NA	NA	
801	chr19:47971878-47972550	1	-128	NA	NA	NA	NA	NA	
802	chr19:53238819-53239165	3	NA	NA	NA	NA	NA	NA	
803	chr19:54100608-54101120	6	NA	NA	NA	72	NA	NA	
804	chr19:55369479-55369938	3	NA	NA	NA	NA	NA	NA	
805	chr19:55742748-55743208	5	115	-88	NA	NA	NA	NA	
806	chr19:58196849-58197312	3	NA	NA	NA	NA	NA	NA	
807	chr19:61254063-61254594	3	NA	NA	NA	NA	NA	NA	
808	chr2:6637752-6638384	3	NA	NA	NA	NA	NA	NA	
809	chr2:9482437-9482860	2	NA	-3	NA	NA	NA	NA	
810	chr2:9743444-9743930	2	NA	-76	NA	NA	NA	NA	
811	chr2:9796963-9797511	3	NA	NA	NA	NA	NA	NA	
812	chr2:9915412-9915959	4	NA	NA	-74	NA	NA	NA	
813	chr2:11110988-11111529	1	-45	NA	NA	NA	NA	NA	
814	chr2:11112858-11113423	2	NA	-148	NA	NA	NA	NA	
815	chr2:11123631-11124024	1	-104	NA	NA	NA	NA	NA	
816	chr2:11130065-11130481	2	NA	28	NA	NA	NA	NA	
817	chr2:11135918-11136425	1	126	NA	NA	NA	NA	NA	
818	chr2:11580693-11581085	3	NA	NA	NA	NA	NA	NA	
819	chr2:13353328-13353698	2	NA	-184	NA	NA	NA	NA	
820	chr2:13636520-13636845	6	NA	NA	NA	126	NA	NA	
821	chr2:17281388-17281983	4	NA	NA	-82	NA	NA	NA	
822	chr2:22596396-22596919	3	NA	NA	NA	NA	NA	NA	
823	chr2:24571951-24572419	1	163	NA	NA	NA	NA	NA	
824	chr2:25356125-25356628	3	NA	NA	NA	NA	NA	NA	
825	chr2:26560736-26561299	2	NA	143	NA	NA	NA	NA	
826	chr2:26575209-26575846	2	NA	-119	NA	NA	NA	NA	
827	chr2:29494551-29495115	1	-91	NA	NA	NA	NA	NA	
828	chr2:30416606-30417342	4	NA	NA	103	NA	NA	NA	
829	chr2:30937067-30937506	3	NA	NA	NA	NA	NA	NA	
830	chr2:31772874-31773385	2	NA	-111	NA	NA	NA	NA	
831	chr2:31879484-31879982	2	NA	162	NA	NA	NA	NA	
832	chr2:32185395-32185864	2	NA	-55	NA	NA	NA	NA	
833	chr2:32226843-32227130	2	NA	-128	NA	NA	34	NA	
834	chr2:32245390-32245728	1	145	NA	NA	NA	NA	NA	
835	chr2:32317033-32317708	2	NA	-139	NA	NA	NA	NA	
836	chr2:32342398-32342667	3	NA	NA	NA	NA	NA	NA	
837	chr2:32516031-32516486	6	NA	NA	NA	101	NA	NA	
838	chr2:33366001-33366449	1	-39	NA	NA	NA	NA	NA	
839	chr2:34783759-34784244	3	NA	NA	NA	NA	NA	NA	
840	chr2:35244390-35244734	2	NA	-103	NA	NA	NA	NA	
841	chr2:35803828-35804467	2	NA	-34	NA	NA	NA	NA	
842	chr2:37593638-37594279	1	-137	NA	NA	NA	86	NA	
843	chr2:43549638-43550239	4	NA	NA	-130	NA	NA	NA	
844	chr2:43620608-43621008	6	NA	NA	NA	-20	NA	NA	
845	chr2:48295032-48295375	3	NA	NA	NA	NA	NA	NA	
846	chr2:52200838-52201174	1	122	NA	NA	NA	NA	NA	
847	chr2:52873614-52873981	2	NA	42	NA	NA	NA	NA	
848	chr2:57968987-57969564	4	NA	NA	-104	NA	NA	NA	
849	chr2:57994329-57994904	1	64	NA	84	NA	NA	NA	
850	chr2:59270552-59271296	6	NA	NA	NA	94	NA	NA	
851	chr2:59801129-59801428	3	NA	NA	NA	NA	NA	NA	
852	chr2:60724516-60725040	3	NA	NA	NA	NA	NA	NA	
853	chr2:62152900-62153273	5	-55	38	NA	NA	NA	NA	
854	chr2:68231256-68231642	3	NA	NA	NA	NA	NA	NA	
855	chr2:68271965-68272375	1	89	NA	NA	NA	NA	NA	
856	chr2:70675924-70676338	5	141	107	NA	NA	NA	NA	
857	chr2:70833081-70833747	4	NA	NA	-69	NA	NA	NA	
858	chr2:71160936-71161458	2	NA	-49	NA	NA	NA	NA	
859	chr2:71946997-71947442	1	53	NA	NA	NA	NA	NA	
860	chr2:72083422-72084012	2	NA	-130	NA	NA	NA	NA	
861	chr2:72293867-72294377	3	NA	NA	NA	NA	NA	NA	
862	chr2:72658595-72658888	2	NA	-112	NA	NA	NA	NA	
863	chr2:72813472-72813864	3	NA	NA	NA	NA	NA	NA	
864	chr2:74505477-74505852	2	NA	163	NA	NA	NA	NA	
865	chr2:74873725-74874457	1	183	NA	NA	NA	NA	NA	
866	chr2:74920035-74920571	2	NA	48	NA	NA	NA	NA	
867	chr2:75923027-75923496	2	NA	-113	NA	NA	NA	NA	
868	chr2:79038886-79039439	2	NA	-112	NA	NA	NA	NA	
869	chr2:79050467-79051228	6	NA	NA	NA	162	NA	NA	
870	chr2:84580057-84580704	5	-112	-61	NA	NA	NA	NA	
871	chr2:91056949-91057385	3	NA	NA	NA	NA	NA	NA	
872	chr2:91785267-91785511	5	-25	75	NA	NA	NA	NA	
873	chr2:93259783-93260402	1	74	NA	NA	NA	NA	NA	
874	chr2:93272092-93272480	1	-0	NA	NA	NA	NA	NA	
875	chr2:94238700-94239163	2	NA	70	NA	NA	NA	NA	
876	chr2:102652880-102653310	4	NA	NA	-135	NA	NA	NA	
877	chr2:103703212-103703532	1	49	NA	NA	NA	NA	NA	
878	chr2:104326233-104326886	6	NA	NA	NA	-137	NA	NA	
879	chr2:104390936-104391396	3	NA	NA	NA	NA	NA	NA	
880	chr2:117034037-117034716	5	126	111	NA	NA	NA	NA	
881	chr2:117108861-117109412	3	NA	NA	NA	NA	NA	NA	
882	chr2:118329586-118330042	2	NA	102	NA	NA	NA	NA	
883	chr2:118453937-118454288	2	NA	-85	NA	NA	NA	NA	
884	chr2:118942047-118942851	3	NA	NA	NA	NA	NA	NA	
885	chr2:118979879-118980277	1	59	NA	NA	NA	NA	NA	
886	chr2:121109596-121109977	5	-86	118	NA	NA	NA	NA	
887	chr2:122445015-122445489	3	NA	NA	NA	NA	NA	NA	
888	chr2:125468629-125468943	3	NA	NA	NA	NA	NA	NA	
889	chr2:127310753-127311183	1	122	NA	NA	NA	NA	NA	
890	chr2:127618984-127619420	3	NA	NA	NA	NA	NA	NA	
891	chr2:128191124-128191719	3	NA	NA	NA	NA	NA	NA	
892	chr2:128619840-128620379	1	114	NA	NA	NA	NA	NA	
893	chr2:129366433-129366811	2	NA	174	NA	NA	NA	NA	
894	chr2:131114059-131114627	1	5	NA	-111	NA	NA	NA	
895	chr2:131954307-131954594	3	NA	NA	NA	NA	NA	NA	
896	chr2:132299102-132299477	2	NA	-86	NA	NA	NA	NA	
897	chr2:139467705-139468087	4	NA	NA	156	NA	NA	NA	
898	chr2:143991765-143992057	3	NA	NA	NA	NA	NA	NA	
899	chr2:145524003-145524471	1	48	NA	NA	NA	NA	NA	
900	chr2:147074680-147074986	3	NA	NA	NA	NA	NA	NA	
901	chr2:149803039-149803428	1	131	NA	NA	NA	NA	NA	
902	chr2:150358661-150358908	2	NA	-113	NA	NA	NA	NA	
903	chr2:151234989-151235417	3	NA	NA	NA	NA	NA	NA	
904	chr2:152480998-152481285	1	89	NA	NA	NA	NA	NA	
905	chr2:153217065-153217726	5	-182	105	NA	NA	NA	NA	
906	chr2:154546662-154547252	2	NA	-69	NA	NA	NA	NA	
907	chr2:155246023-155246585	1	-23	NA	NA	NA	NA	NA	
908	chr2:155870764-155871445	4	NA	NA	96	NA	NA	NA	
909	chr2:155881511-155881950	1	34	NA	NA	NA	NA	NA	
910	chr2:156813197-156813483	3	NA	NA	NA	NA	NA	NA	
911	chr2:156838813-156839491	6	NA	NA	NA	178	NA	NA	
912	chr2:158100587-158101161	6	NA	NA	NA	38	NA	NA	
913	chr2:162920451-162920986	1	39	NA	NA	NA	NA	NA	
914	chr2:162944616-162945195	4	NA	NA	-187	NA	NA	NA	
915	chr2:163334045-163334605	3	NA	NA	NA	NA	NA	NA	
916	chr2:164225516-164225836	2	NA	-155	NA	NA	NA	NA	
917	chr2:165012798-165013368	4	NA	NA	52	NA	NA	NA	
918	chr2:166347740-166348286	1	-126	NA	NA	NA	NA	NA	
919	chr2:166445959-166446325	2	NA	136	NA	NA	NA	NA	
920	chr2:167325595-167326194	4	NA	NA	-99	NA	NA	NA	
921	chr2:167414969-167415298	6	NA	NA	NA	-143	NA	NA	
922	chr2:167578943-167579592	2	NA	-84	NA	NA	NA	NA	
923	chr2:168286836-168287439	3	NA	NA	NA	NA	NA	NA	
924	chr2:172872527-172873094	1	-146	NA	NA	NA	NA	NA	
925	chr2:172992817-172993187	4	NA	NA	-130	NA	NA	NA	
926	chr2:180203001-180203459	3	NA	NA	NA	NA	NA	NA	
927	chr2:181846591-181847745	6	NA	NA	NA	NA	NA	64	
928	chr3:8749642-8750312	1	-122	NA	NA	NA	NA	NA	
929	chr3:9809231-9809575	2	NA	71	NA	NA	NA	-142	
930	chr3:20414802-20415490	1	-55	NA	97	NA	NA	NA	
931	chr3:28515582-28515982	2	NA	108	NA	NA	NA	NA	
932	chr3:31289377-31290008	2	NA	47	NA	NA	NA	NA	
933	chr3:32851957-32852186	4	NA	NA	-75	NA	NA	NA	
934	chr3:32900462-32901056	3	NA	NA	NA	NA	NA	NA	
935	chr3:37831246-37831605	3	NA	NA	NA	NA	NA	NA	
936	chr3:40841862-40842424	3	NA	NA	NA	NA	NA	NA	
937	chr3:41204075-41204643	4	NA	NA	67	NA	NA	NA	
938	chr3:51427605-51428052	4	NA	NA	-144	NA	NA	NA	
939	chr3:51761645-51762005	1	188	NA	NA	NA	NA	NA	
940	chr3:52285962-52286436	2	NA	-154	NA	NA	NA	NA	
941	chr3:52485832-52486301	1	35	NA	NA	NA	NA	NA	
942	chr3:52546480-52547003	5	-10	28	NA	NA	NA	NA	
943	chr3:52928139-52928569	2	NA	81	NA	NA	NA	NA	
944	chr3:52944439-52944867	2	NA	18	NA	NA	NA	NA	
945	chr3:52966140-52966853	5	-30	75	NA	NA	NA	NA	
946	chr3:54811790-54812176	4	NA	NA	7	NA	NA	NA	
947	chr3:55167916-55168445	1	-151	NA	NA	NA	NA	NA	
948	chr3:55831796-55832312	1	22	NA	NA	NA	NA	NA	
949	chr3:59218489-59218784	2	NA	-106	NA	NA	NA	NA	
950	chr3:60689433-60690100	6	NA	NA	NA	97	NA	NA	
951	chr3:61497514-61497945	1	-182	NA	NA	NA	NA	NA	
952	chr3:64049265-64049541	2	NA	76	NA	NA	NA	NA	
953	chr3:69293176-69293679	5	-137	-17	NA	NA	NA	NA	
954	chr3:69809701-69810153	3	NA	NA	NA	NA	NA	NA	
955	chr3:79213748-79214240	4	NA	NA	-98	NA	NA	NA	
956	chr3:84128429-84129039	2	NA	-28	NA	NA	NA	NA	
957	chr3:84934679-84935288	5	24	-102	NA	NA	NA	NA	
958	chr3:87598159-87598727	1	-64	NA	NA	NA	NA	NA	
959	chr3:88227523-88228244	2	NA	-161	NA	NA	NA	NA	
960	chr3:89467916-89468546	1	-133	NA	-101	NA	NA	NA	
961	chr3:89958173-89958827	4	NA	NA	-42	NA	NA	NA	
962	chr3:90340001-90340426	1	61	NA	NA	NA	NA	NA	
963	chr3:96059168-96059544	2	NA	46	NA	NA	NA	NA	
964	chr3:96642221-96642756	1	184	NA	NA	NA	NA	NA	
965	chr3:96665282-96666054	2	NA	105	NA	NA	NA	NA	
966	chr3:100609514-100609971	3	NA	NA	NA	NA	NA	NA	
967	chr3:100940844-100941345	3	NA	NA	NA	NA	NA	NA	
968	chr3:101425424-101426055	2	NA	-101	NA	NA	NA	NA	
969	chr3:101734712-101735289	1	-77	NA	NA	NA	NA	NA	
970	chr3:103526580-103527032	5	49	-0	NA	NA	NA	NA	
971	chr3:103997248-103997777	6	NA	NA	NA	50	NA	NA	
972	chr3:104745187-104745512	6	NA	NA	NA	-100	NA	NA	
973	chr3:105832974-105833418	2	NA	-35	NA	NA	NA	NA	
974	chr3:105896657-105896975	1	185	NA	NA	NA	NA	NA	
975	chr3:105943171-105943806	3	NA	NA	NA	NA	NA	NA	
976	chr3:106590526-106591139	2	NA	-76	NA	NA	NA	NA	
977	chr3:106916468-106917160	1	-22	NA	NA	NA	NA	NA	
978	chr3:107208804-107209317	2	NA	25	NA	NA	NA	45	
979	chr3:107227892-107228502	2	NA	-134	NA	NA	NA	NA	
980	chr3:109480210-109480721	3	NA	NA	NA	NA	NA	NA	
981	chr3:115674643-115675091	1	21	NA	NA	NA	NA	NA	
982	chr3:115720996-115721716	6	NA	NA	NA	31	NA	NA	
983	chr3:121539815-121540206	3	NA	NA	NA	NA	NA	NA	
984	chr3:126652638-126652961	2	NA	-84	NA	NA	NA	NA	
985	chr3:126826719-126827227	1	119	NA	NA	NA	NA	NA	
986	chr3:127755021-127755813	1	-53	NA	NA	NA	11	NA	
987	chr3:130680350-130680850	2	NA	57	NA	NA	NA	NA	
988	chr3:130799100-130799623	1	125	NA	NA	NA	NA	NA	
989	chr3:131008264-131008778	3	NA	NA	NA	NA	NA	NA	
990	chr3:131101269-131101797	1	22	NA	NA	NA	NA	NA	
991	chr3:131197570-131198317	2	NA	-169	NA	NA	NA	NA	
992	chr3:131323494-131323871	1	175	NA	NA	NA	NA	NA	
993	chr3:135656491-135657027	2	NA	71	NA	NA	NA	NA	
994	chr3:136468995-136469562	5	13	101	NA	NA	NA	NA	
995	chr3:136680056-136680680	1	-137	NA	NA	NA	NA	NA	
996	chr3:136693150-136693558	4	NA	NA	-8	NA	NA	NA	
997	chr3:138680452-138680708	1	-20	NA	NA	NA	NA	NA	
998	chr3:144169464-144169800	1	56	NA	NA	NA	NA	NA	
999	chr3:145887923-145888344	5	41	-73	NA	NA	NA	NA	
1000	chr3:146623659-146624374	3	NA	NA	NA	NA	NA	NA	
1001	chr3:148447744-148448149	1	-24	NA	NA	NA	NA	NA	
1002	chr3:152863662-152863902	3	NA	NA	NA	NA	NA	NA	
1003	chr3:152893407-152894026	3	NA	NA	NA	NA	NA	NA	
1004	chr3:157873904-157874228	1	110	NA	-135	NA	NA	NA	
1005	chr4:6829081-6829763	2	NA	-22	NA	NA	NA	NA	
1006	chr4:6902861-6903554	4	NA	NA	57	NA	NA	NA	
1007	chr4:7375682-7376248	2	NA	116	NA	NA	NA	NA	
1008	chr4:8655922-8656319	3	NA	NA	NA	NA	NA	NA	
1009	chr4:8710253-8710897	6	NA	NA	NA	-82	NA	NA	
1010	chr4:8993462-8994034	5	-143	-54	NA	NA	NA	NA	
1011	chr4:9264520-9264846	2	NA	71	NA	NA	NA	NA	
1012	chr4:10696934-10697674	5	72	-54	NA	NA	NA	NA	
1013	chr4:14809055-14809395	1	-134	NA	NA	NA	NA	NA	
1014	chr4:15200131-15200801	1	-121	NA	NA	NA	NA	NA	
1015	chr4:16090963-16091428	2	NA	26	NA	NA	NA	NA	
1016	chr4:32476798-32477220	1	130	NA	NA	NA	NA	NA	
1017	chr4:32586656-32587275	1	-42	NA	NA	NA	NA	NA	
1018	chr4:32591578-32592223	4	NA	NA	-93	NA	NA	NA	
1019	chr4:32616365-32617060	4	NA	NA	-139	NA	NA	NA	
1020	chr4:32620013-32620662	5	14	-122	NA	NA	NA	NA	
1021	chr4:32716576-32716875	5	128	92	NA	NA	NA	NA	
1022	chr4:33576468-33577254	1	83	NA	NA	NA	NA	NA	
1023	chr4:33617711-33618094	4	NA	NA	-36	NA	NA	NA	
1024	chr4:34316905-34317430	1	86	NA	NA	NA	NA	NA	
1025	chr4:35344796-35345276	3	NA	NA	NA	NA	NA	NA	
1026	chr4:41027864-41028286	1	-168	NA	NA	NA	NA	NA	
1027	chr4:41065329-41065892	6	NA	NA	NA	-10	NA	NA	
1028	chr4:44337370-44337784	1	-76	NA	NA	NA	NA	NA	
1029	chr4:44994586-44995094	3	NA	NA	NA	NA	NA	NA	
1030	chr4:45429933-45430247	3	NA	NA	NA	NA	NA	NA	
1031	chr4:46172665-46173533	5	176	104	NA	NA	NA	NA	
1032	chr4:46409525-46410309	5	-29	50	NA	NA	NA	NA	
1033	chr4:47340512-47341327	1	88	NA	NA	NA	NA	NA	
1034	chr4:53299183-53299598	6	NA	NA	NA	158	NA	NA	
1035	chr4:59385007-59385339	2	NA	99	NA	NA	NA	NA	
1036	chr4:59431905-59432311	2	NA	-96	NA	NA	NA	NA	
1037	chr4:62148033-62148383	2	NA	55	NA	NA	NA	NA	
1038	chr4:62293196-62293428	2	NA	-94	NA	NA	NA	NA	
1039	chr4:69864396-69864719	3	NA	NA	NA	NA	NA	NA	
1040	chr4:86357461-86358042	2	NA	-6	NA	NA	NA	NA	
1041	chr4:87505517-87506142	1	-68	NA	NA	NA	NA	NA	
1042	chr4:87542146-87542409	1	90	NA	108	NA	NA	NA	
1043	chr4:88112263-88112567	3	NA	NA	NA	NA	NA	NA	
1044	chr4:99445884-99446298	1	-52	NA	33	NA	NA	NA	
1045	chr4:102056284-102056545	6	NA	NA	NA	98	NA	NA	
1046	chr4:102209749-102210229	1	-67	NA	NA	NA	NA	NA	
1047	chr4:106292130-106292704	2	NA	-65	NA	NA	NA	NA	
1048	chr4:111185425-111185839	1	-155	NA	NA	NA	NA	NA	
1049	chr4:115513488-115513867	3	NA	NA	NA	NA	NA	NA	
1050	chr4:116975956-116976534	6	NA	NA	NA	-111	NA	NA	
1051	chr4:118607012-118607489	1	-79	NA	NA	NA	NA	NA	
1052	chr4:118625251-118625775	3	NA	NA	NA	NA	NA	NA	
1053	chr4:120483954-120484682	2	NA	63	NA	NA	-2	NA	
1054	chr4:122375239-122375640	2	NA	-144	NA	NA	NA	19	
1055	chr4:124254788-124255187	6	NA	NA	NA	-54	NA	NA	
1056	chr4:124640613-124641110	3	NA	NA	NA	NA	NA	NA	
1057	chr4:125605851-125606557	1	-56	NA	NA	NA	NA	NA	
1058	chr4:128119737-128120079	1	78	NA	NA	NA	NA	NA	
1059	chr4:128643068-128643459	2	NA	-151	NA	NA	NA	NA	
1060	chr4:129203795-129204182	1	-48	NA	NA	NA	NA	NA	
1061	chr4:129296224-129296750	3	NA	NA	NA	NA	NA	NA	
1062	chr4:130186166-130186664	1	-50	NA	NA	NA	NA	NA	
1063	chr4:132013671-132013903	2	NA	-61	NA	NA	NA	84	
1064	chr4:132115154-132115840	2	NA	-153	NA	NA	NA	NA	
1065	chr4:132983705-132984267	1	-62	NA	NA	NA	NA	NA	
1066	chr4:133000141-133000605	1	175	NA	NA	NA	NA	NA	
1067	chr4:133028777-133029113	2	NA	77	NA	NA	NA	NA	
1068	chr4:133099940-133100288	1	-79	NA	NA	NA	NA	NA	
1069	chr4:134478230-134478605	1	94	NA	NA	NA	NA	NA	
1070	chr4:134708371-134708939	1	-73	NA	NA	NA	NA	NA	
1071	chr4:134908685-134909066	2	NA	-41	NA	NA	NA	NA	
1072	chr4:135127623-135128098	2	NA	-52	NA	NA	NA	NA	
1073	chr4:135293640-135294080	3	NA	NA	NA	NA	NA	NA	
1074	chr4:135332076-135332483	4	NA	NA	-151	NA	NA	NA	
1075	chr4:135401722-135401989	3	NA	NA	NA	NA	NA	NA	
1076	chr4:135582427-135582723	2	NA	-130	NA	NA	NA	NA	
1077	chr4:136866437-136867066	1	-14	NA	NA	NA	-79	NA	
1078	chr4:140224504-140225141	6	NA	NA	NA	51	NA	NA	
1079	chr4:140482574-140482955	3	NA	NA	NA	NA	NA	NA	
1080	chr4:147910544-147911199	1	-49	NA	NA	NA	NA	NA	
1081	chr4:148313373-148313815	1	-0	NA	NA	NA	NA	NA	
1082	chr4:148700135-148700660	1	112	NA	NA	NA	NA	NA	
1083	chr4:148715387-148715891	1	17	NA	NA	NA	NA	NA	
1084	chr4:149401719-149402209	4	NA	NA	-142	NA	NA	NA	
1085	chr4:153993957-153994637	2	NA	-87	NA	NA	NA	NA	
1086	chr4:154865851-154866393	5	105	-2	NA	NA	NA	NA	
1087	chr5:8845645-8846099	1	115	NA	NA	NA	NA	NA	
1088	chr5:9003179-9003563	1	77	NA	NA	NA	NA	NA	
1089	chr5:9097424-9097686	3	NA	NA	NA	NA	NA	NA	
1090	chr5:20463717-20464416	6	NA	NA	NA	-165	NA	NA	
1091	chr5:20922993-20923512	2	NA	108	NA	NA	NA	NA	
1092	chr5:23149074-23149632	1	76	NA	NA	NA	NA	NA	
1093	chr5:28402454-28403134	1	51	NA	NA	NA	NA	NA	
1094	chr5:28646414-28646767	1	67	NA	NA	NA	NA	NA	
1095	chr5:30066223-30066839	1	-50	NA	NA	NA	NA	NA	
1096	chr5:31238244-31238550	5	-91	108	NA	NA	NA	NA	
1097	chr5:36017884-36018224	3	NA	NA	NA	NA	NA	NA	
1098	chr5:37010580-37010914	1	123	NA	NA	NA	NA	NA	
1099	chr5:37277465-37278146	3	NA	NA	NA	NA	NA	NA	
1100	chr5:52430221-52430559	1	66	NA	NA	NA	NA	NA	
1101	chr5:53198379-53198692	1	187	NA	NA	NA	NA	NA	
1102	chr5:63079028-63079424	3	NA	NA	NA	NA	NA	NA	
1103	chr5:64659598-64660191	2	NA	133	NA	NA	NA	NA	
1104	chr5:64955624-64956327	2	NA	-75	NA	NA	NA	NA	
1105	chr5:65086012-65086425	4	NA	NA	138	NA	NA	NA	
1106	chr5:65093715-65094046	4	NA	NA	-88	NA	NA	NA	
1107	chr5:65305185-65305507	6	NA	NA	NA	62	NA	NA	
1108	chr5:65381663-65382013	4	NA	NA	66	NA	NA	NA	
1109	chr5:66152347-66152925	5	9	89	NA	NA	NA	NA	
1110	chr5:66200467-66201006	2	NA	19	NA	NA	NA	NA	
1111	chr5:72451642-72452145	1	173	NA	NA	NA	NA	NA	
1112	chr5:72913816-72914453	2	NA	-97	NA	NA	NA	NA	
1113	chr5:87145850-87146302	4	NA	NA	108	NA	NA	NA	
1114	chr5:92026756-92027200	6	NA	NA	NA	-45	NA	NA	
1115	chr5:93402495-93403073	1	102	NA	NA	NA	NA	NA	
1116	chr5:93564752-93565202	1	173	NA	NA	NA	NA	NA	
1117	chr5:94208622-94209029	3	NA	NA	NA	NA	NA	NA	
1118	chr5:97065207-97065675	2	NA	-135	NA	NA	NA	NA	
1119	chr5:97153139-97153375	1	-118	NA	NA	NA	NA	NA	
1120	chr5:101112207-101112539	2	NA	-111	NA	NA	NA	NA	
1121	chr5:103741491-103741874	4	NA	NA	68	NA	NA	NA	
1122	chr5:105222901-105223194	5	55	111	NA	NA	NA	NA	
1123	chr5:105758407-105758976	2	NA	9	NA	NA	NA	NA	
1124	chr5:105925269-105925557	1	88	NA	NA	NA	NA	NA	
1125	chr5:107256056-107256387	2	NA	-191	NA	NA	NA	NA	
1126	chr5:107499893-107500369	3	NA	NA	NA	NA	NA	NA	
1127	chr5:107505126-107505825	2	NA	90	NA	NA	NA	NA	
1128	chr5:107535461-107535963	3	NA	NA	NA	NA	NA	NA	
1129	chr5:107989222-107989863	6	NA	NA	NA	97	NA	NA	
1130	chr5:110334665-110335076	1	-102	NA	NA	NA	NA	NA	
1131	chr5:110524910-110525256	3	NA	NA	NA	NA	NA	NA	
1132	chr5:111079860-111080447	3	NA	NA	NA	NA	NA	NA	
1133	chr5:111298732-111299210	2	NA	59	NA	NA	NA	NA	
1134	chr5:111570757-111571283	3	NA	NA	NA	NA	NA	NA	
1135	chr5:111749194-111749812	1	147	NA	NA	NA	NA	NA	
1136	chr5:112511391-112512169	1	166	NA	NA	NA	NA	NA	
1137	chr5:112527032-112527605	2	NA	-122	NA	NA	NA	-81	
1138	chr5:114766222-114766548	3	NA	NA	NA	NA	NA	NA	
1139	chr5:114900320-114900790	1	28	NA	NA	NA	NA	NA	
1140	chr5:115183197-115183680	3	NA	NA	NA	NA	NA	NA	
1141	chr5:115344477-115344724	1	121	NA	NA	NA	NA	NA	
1142	chr5:115352845-115353447	2	NA	-110	NA	NA	NA	NA	
1143	chr5:116015882-116016247	5	-116	-145	NA	NA	NA	NA	
1144	chr5:118297872-118298346	1	-34	NA	NA	NA	NA	NA	
1145	chr5:118330422-118330826	2	NA	-90	NA	NA	NA	NA	
1146	chr5:118342844-118343484	2	NA	111	NA	NA	NA	-12	
1147	chr5:120909215-120909554	2	NA	47	NA	NA	NA	NA	
1148	chr5:122492377-122492937	1	96	NA	NA	NA	NA	NA	
1149	chr5:122632768-122633340	1	-60	NA	NA	NA	NA	NA	
1150	chr5:122661992-122662259	1	-119	NA	NA	NA	NA	NA	
1151	chr5:123250928-123251711	3	NA	NA	NA	NA	NA	NA	
1152	chr5:124335444-124336103	3	NA	NA	NA	NA	NA	NA	
1153	chr5:125730527-125730921	3	NA	NA	NA	NA	NA	NA	
1154	chr5:130131212-130131866	2	NA	-125	NA	NA	NA	NA	
1155	chr5:130488733-130489168	4	NA	NA	-63	NA	NA	NA	
1156	chr5:134550423-134550872	1	110	NA	NA	NA	NA	NA	
1157	chr5:134767022-134767600	3	NA	NA	NA	NA	NA	NA	
1158	chr5:135226422-135226992	2	NA	51	NA	NA	NA	NA	
1159	chr5:135244835-135245392	3	NA	NA	NA	NA	NA	NA	
1160	chr5:135309571-135309897	3	NA	NA	NA	NA	NA	NA	
1161	chr5:136420681-136421106	1	153	NA	NA	NA	NA	NA	
1162	chr5:137448901-137449335	3	NA	NA	NA	NA	NA	NA	
1163	chr5:137814910-137815381	1	32	NA	NA	NA	NA	NA	
1164	chr5:138017082-138017615	5	186	-157	NA	NA	NA	NA	
1165	chr5:138887190-138887832	1	-43	NA	NA	NA	NA	NA	
1166	chr5:139635559-139636232	3	NA	NA	NA	NA	NA	NA	
1167	chr5:141297347-141297885	1	-38	NA	-117	NA	NA	NA	
1168	chr5:141314750-141315117	5	35	104	NA	NA	NA	NA	
1169	chr5:142692115-142692796	3	NA	NA	NA	NA	NA	NA	
1170	chr5:143397928-143398470	2	NA	144	NA	NA	NA	NA	
1171	chr5:144476966-144477407	1	35	NA	NA	NA	NA	NA	
1172	chr5:145484953-145485379	2	NA	30	NA	NA	NA	NA	
1173	chr5:147469754-147470102	2	NA	-116	NA	NA	NA	NA	
1174	chr5:148709574-148710311	1	108	NA	NA	NA	NA	NA	
1175	chr5:149556464-149556837	2	NA	-71	NA	NA	NA	-87	
1176	chr5:150044442-150044988	1	33	NA	NA	NA	NA	NA	
1177	chr5:150808322-150808894	3	NA	NA	NA	NA	NA	NA	
1178	chr6:17015381-17015831	1	-52	NA	NA	NA	NA	NA	
1179	chr6:22299371-22299998	2	NA	-153	NA	NA	NA	NA	
1180	chr6:28300866-28301603	3	NA	NA	NA	NA	NA	NA	
1181	chr6:29803546-29804131	1	-106	NA	NA	NA	NA	NA	
1182	chr6:30251663-30251900	6	NA	NA	NA	75	NA	NA	
1183	chr6:30290261-30290563	3	NA	NA	NA	NA	NA	NA	
1184	chr6:30301121-30301580	6	NA	NA	NA	-153	NA	NA	
1185	chr6:34086215-34086760	2	NA	70	NA	NA	NA	NA	
1186	chr6:34247532-34248106	1	-56	NA	NA	NA	NA	NA	
1187	chr6:35064115-35064465	1	21	NA	-62	NA	NA	NA	
1188	chr6:39308730-39309406	3	NA	NA	NA	NA	NA	NA	
1189	chr6:41483744-41484443	2	NA	0	NA	NA	NA	NA	
1190	chr6:47325469-47325984	5	-188	-70	NA	NA	NA	NA	
1191	chr6:48013214-48013491	1	-137	NA	103	NA	NA	NA	
1192	chr6:48609474-48609974	3	NA	NA	NA	NA	NA	NA	
1193	chr6:48662416-48662960	2	NA	96	NA	NA	NA	NA	
1194	chr6:49938902-49939520	1	-110	NA	NA	NA	NA	NA	
1195	chr6:50346467-50346953	1	-32	NA	-81	NA	NA	NA	
1196	chr6:51310757-51311343	4	NA	NA	-42	NA	NA	NA	
1197	chr6:51438863-51439268	2	NA	-12	NA	NA	NA	NA	
1198	chr6:52045369-52045819	2	NA	98	NA	NA	NA	NA	
1199	chr6:56852989-56853459	3	NA	NA	NA	NA	NA	NA	
1200	chr6:58762181-58762767	2	NA	70	NA	NA	NA	NA	
1201	chr6:59355569-59356101	3	NA	NA	NA	NA	NA	NA	
1202	chr6:65927799-65928387	4	NA	NA	138	NA	NA	NA	
1203	chr6:66966800-66967307	6	NA	NA	NA	-46	NA	NA	
1204	chr6:66985558-66985918	1	183	NA	165	NA	NA	NA	
1205	chr6:70745122-70745538	2	NA	51	NA	NA	NA	NA	
1206	chr6:70773335-70773840	2	NA	0	NA	NA	NA	NA	
1207	chr6:71850263-71850699	1	125	NA	NA	NA	NA	NA	
1208	chr6:71892219-71892602	3	NA	NA	NA	NA	NA	NA	
1209	chr6:71909720-71910210	2	NA	-149	NA	NA	NA	NA	
1210	chr6:72403251-72403609	2	NA	126	NA	NA	NA	NA	
1211	chr6:72441797-72442429	3	NA	NA	NA	NA	NA	NA	
1212	chr6:72531194-72531641	1	138	NA	NA	NA	NA	NA	
1213	chr6:72922748-72923411	2	NA	-71	NA	NA	NA	NA	
1214	chr6:82837678-82838063	3	NA	NA	NA	NA	NA	NA	
1215	chr6:82887261-82888135	2	NA	-76	NA	NA	NA	NA	
1216	chr6:83456248-83456790	4	NA	NA	-53	NA	NA	NA	
1217	chr6:84622183-84622746	4	NA	NA	-93	NA	NA	NA	
1218	chr6:86816054-86816585	5	152	-166	NA	NA	NA	NA	
1219	chr6:86875576-86876029	2	NA	-48	NA	NA	NA	NA	
1220	chr6:87006448-87007068	6	NA	NA	NA	-171	NA	NA	
1221	chr6:87507612-87508271	1	79	NA	NA	NA	NA	NA	
1222	chr6:90638803-90639223	1	-110	NA	NA	NA	NA	NA	
1223	chr6:90747882-90748212	2	NA	-143	NA	NA	NA	NA	
1224	chr6:91090453-91090879	1	-68	NA	NA	NA	NA	NA	
1225	chr6:94630569-94631180	3	NA	NA	NA	NA	NA	NA	
1226	chr6:94792212-94792449	3	NA	NA	NA	NA	NA	NA	
1227	chr6:97488472-97488902	4	NA	NA	112	NA	NA	NA	
1228	chr6:98989061-98989372	2	NA	-177	NA	NA	NA	NA	
1229	chr6:99186038-99186526	2	NA	21	NA	NA	NA	NA	
1230	chr6:99226307-99226729	2	NA	-24	NA	NA	NA	NA	
1231	chr6:99354559-99355016	2	NA	-43	NA	NA	NA	NA	
1232	chr6:99623899-99624488	3	NA	NA	NA	NA	NA	NA	
1233	chr6:99631258-99631930	1	108	NA	NA	NA	NA	NA	
1234	chr6:100403846-100404395	1	-123	NA	NA	NA	NA	NA	
1235	chr6:103614717-103615066	3	NA	NA	NA	NA	NA	NA	
1236	chr6:108135169-108135682	3	NA	NA	NA	NA	NA	NA	
1237	chr6:108470624-108470952	1	133	NA	NA	NA	NA	NA	
1238	chr6:108798675-108799234	4	NA	NA	138	NA	NA	NA	
1239	chr6:117857742-117857973	5	103	135	NA	NA	NA	NA	
1240	chr6:119868077-119868475	5	-76	-36	NA	NA	NA	NA	
1241	chr6:120013197-120013868	4	NA	NA	-68	NA	NA	NA	
1242	chr6:120322825-120323176	3	NA	NA	NA	NA	NA	NA	
1243	chr6:120801546-120801965	1	-90	NA	NA	NA	NA	NA	
1244	chr6:121183524-121183885	5	-101	116	NA	NA	NA	NA	
1245	chr6:122707897-122708541	2	NA	123	NA	NA	NA	-142	
1246	chr6:124630547-124630926	2	NA	-20	NA	NA	NA	NA	
1247	chr6:124715931-124716510	4	NA	NA	-112	NA	NA	NA	
1248	chr6:125230765-125231228	3	NA	NA	NA	NA	NA	NA	
1249	chr6:125391656-125392483	1	-68	NA	NA	NA	-142	NA	
1250	chr6:126814602-126815033	1	115	NA	NA	NA	NA	NA	
1251	chr6:127075177-127075525	2	NA	-151	NA	NA	NA	NA	
1252	chr6:127107871-127108377	4	NA	NA	-162	NA	NA	NA	
1253	chr6:127437431-127438247	1	54	NA	NA	NA	NA	NA	
1254	chr6:127439314-127439944	4	NA	NA	-133	NA	NA	NA	
1255	chr6:129032694-129033080	4	NA	NA	135	NA	NA	NA	
1256	chr6:129175929-129176629	5	-101	-122	NA	NA	NA	NA	
1257	chr6:129203434-129203807	5	-81	24	NA	NA	NA	NA	
1258	chr6:129573880-129574526	1	-146	NA	NA	NA	NA	NA	
1259	chr6:134330339-134330766	1	-71	NA	NA	NA	NA	NA	
1260	chr6:134498753-134499182	2	NA	-48	NA	NA	NA	NA	
1261	chr6:134606419-134606844	3	NA	NA	NA	NA	NA	NA	
1262	chr6:134887082-134887409	1	-21	NA	NA	NA	NA	NA	
1263	chr6:135402038-135402482	3	NA	NA	NA	NA	NA	NA	
1264	chr6:136455432-136456380	3	NA	NA	NA	NA	NA	NA	
1265	chr6:136483332-136483995	2	NA	-93	NA	NA	NA	NA	
1266	chr6:136707722-136708354	2	NA	-98	NA	NA	NA	NA	
1267	chr6:136905860-136906237	1	64	NA	NA	NA	NA	NA	
1268	chr6:137456066-137456320	1	116	NA	NA	NA	NA	NA	
1269	chr6:142529186-142529701	2	NA	-54	NA	NA	NA	124	
1270	chr6:143023736-143024416	3	NA	NA	NA	NA	NA	NA	
1271	chr6:143072393-143073004	2	NA	94	NA	NA	NA	NA	
1272	chr6:143448261-143448580	1	158	NA	NA	NA	NA	NA	
1273	chr6:144627566-144628070	5	29	46	NA	NA	NA	NA	
1274	chr6:144944412-144944753	2	NA	-91	NA	NA	NA	NA	
1275	chr6:145374796-145375461	2	NA	103	NA	NA	NA	NA	
1276	chr6:145881909-145882187	1	149	NA	-80	NA	NA	NA	
1277	chr6:146034198-146034644	3	NA	NA	NA	NA	NA	NA	
1278	chr6:146101909-146102344	2	NA	11	NA	NA	NA	NA	
1279	chr6:146228519-146228943	3	NA	NA	NA	NA	NA	NA	
1280	chr6:146473078-146473556	2	NA	88	NA	NA	NA	NA	
1281	chr6:148169130-148169491	2	NA	96	NA	NA	NA	NA	
1282	chr7:3247541-3247903	2	NA	-26	NA	NA	NA	NA	
1283	chr7:11810320-11810940	2	NA	6	NA	NA	NA	NA	
1284	chr7:15107693-15108197	1	54	NA	NA	NA	NA	NA	
1285	chr7:19104167-19104745	3	NA	NA	NA	NA	NA	NA	
1286	chr7:24087015-24087553	1	-139	NA	76	NA	NA	NA	
1287	chr7:24115642-24116276	1	33	NA	NA	NA	48	NA	
1288	chr7:25389282-25389949	3	NA	NA	NA	NA	NA	NA	
1289	chr7:27641980-27642526	1	177	NA	NA	NA	NA	NA	
1290	chr7:27877408-27878038	4	NA	NA	43	NA	NA	NA	
1291	chr7:28091670-28092274	2	NA	44	NA	NA	NA	NA	
1292	chr7:28155204-28155645	1	-67	NA	NA	NA	NA	NA	
1293	chr7:28385720-28386270	1	141	NA	NA	NA	NA	NA	
1294	chr7:28450328-28450842	1	-189	NA	NA	NA	NA	NA	
1295	chr7:28572390-28572634	1	-122	NA	NA	NA	NA	NA	
1296	chr7:28843354-28843841	3	NA	NA	NA	NA	NA	NA	
1297	chr7:29662203-29662593	6	NA	NA	NA	8	NA	NA	
1298	chr7:30082353-30082589	1	42	NA	NA	NA	NA	NA	
1299	chr7:30111184-30111432	2	NA	101	NA	NA	NA	NA	
1300	chr7:30199002-30199478	2	NA	-66	NA	NA	-13	NA	
1301	chr7:37198901-37199631	1	83	NA	NA	NA	NA	NA	
1302	chr7:39425531-39426019	2	NA	-5	NA	NA	NA	NA	
1303	chr7:43430146-43430496	1	69	NA	NA	NA	NA	NA	
1304	chr7:45003454-45003885	2	NA	-68	NA	NA	NA	NA	
1305	chr7:45378367-45378762	5	-135	81	NA	NA	NA	NA	
1306	chr7:45393928-45394556	1	52	NA	NA	NA	NA	NA	
1307	chr7:45441847-45442440	2	NA	155	NA	NA	NA	NA	
1308	chr7:45511638-45512387	1	31	NA	NA	NA	NA	NA	
1309	chr7:45734422-45734914	3	NA	NA	NA	NA	NA	NA	
1310	chr7:46475081-46475454	2	NA	0	NA	NA	NA	NA	
1311	chr7:48005470-48005720	3	NA	NA	NA	NA	NA	NA	
1312	chr7:58319960-58320315	3	NA	NA	NA	NA	NA	NA	
1313	chr7:58525794-58526283	1	9	NA	NA	NA	NA	NA	
1314	chr7:63937355-63937866	2	NA	-146	NA	NA	NA	NA	
1315	chr7:68007254-68007744	3	NA	NA	NA	NA	NA	NA	
1316	chr7:68196528-68197076	3	NA	NA	NA	NA	NA	NA	
1317	chr7:72181653-72181982	1	-11	NA	NA	NA	NA	NA	
1318	chr7:73442575-73442845	1	122	NA	NA	NA	NA	NA	
1319	chr7:73457301-73457937	2	NA	71	NA	NA	NA	NA	
1320	chr7:73486136-73486683	2	NA	-18	NA	NA	NA	NA	
1321	chr7:74571199-74571883	3	NA	NA	NA	NA	NA	NA	
1322	chr7:75258025-75258546	4	NA	NA	-146	NA	NA	NA	
1323	chr7:75328628-75328930	1	110	NA	NA	NA	NA	NA	
1324	chr7:75359544-75360045	1	102	NA	NA	NA	NA	NA	
1325	chr7:75559602-75560040	3	NA	NA	NA	NA	NA	NA	
1326	chr7:78739222-78739624	2	NA	82	NA	NA	NA	NA	
1327	chr7:79236794-79237195	3	NA	NA	NA	NA	NA	NA	
1328	chr7:80508154-80508637	2	NA	-130	NA	NA	NA	NA	
1329	chr7:80570573-80570848	3	NA	NA	NA	NA	NA	NA	
1330	chr7:82864859-82865490	3	NA	NA	NA	NA	NA	NA	
1331	chr7:83494037-83494500	2	NA	-156	NA	NA	NA	NA	
1332	chr7:90229026-90229568	1	11	NA	NA	NA	NA	NA	
1333	chr7:98438175-98438500	4	NA	NA	-69	NA	NA	NA	
1334	chr7:98569305-98569587	5	-124	-98	NA	NA	NA	NA	
1335	chr7:100805821-100806242	4	NA	NA	53	NA	NA	NA	
1336	chr7:101429280-101429548	2	NA	115	NA	NA	NA	NA	
1337	chr7:101454629-101454995	5	-120	81	NA	NA	NA	NA	
1338	chr7:109742632-109743065	1	71	NA	NA	NA	NA	NA	
1339	chr7:109955043-109955720	6	NA	NA	NA	16	NA	NA	
1340	chr7:110223141-110223901	2	NA	166	NA	NA	NA	NA	
1341	chr7:113952109-113952751	1	-119	NA	-145	NA	NA	NA	
1342	chr7:114004479-114005247	1	-82	NA	NA	NA	NA	NA	
1343	chr7:114270797-114271623	1	-84	NA	NA	NA	NA	NA	
1344	chr7:115406823-115407295	1	13	NA	NA	NA	NA	NA	
1345	chr7:117920055-117920562	3	NA	NA	NA	NA	NA	NA	
1346	chr7:118050860-118051455	6	NA	NA	NA	-45	NA	NA	
1347	chr7:118479483-118479814	6	NA	NA	NA	-62	29	NA	
1348	chr7:122875680-122876175	3	NA	NA	NA	NA	NA	NA	
1349	chr7:123168897-123169343	2	NA	165	NA	NA	NA	NA	
1350	chr7:125263172-125263994	4	NA	NA	99	NA	NA	NA	
1351	chr7:125278154-125278610	3	NA	NA	NA	NA	NA	NA	
1352	chr7:125302883-125303463	4	NA	NA	-162	NA	NA	NA	
1353	chr7:125973570-125973980	4	NA	NA	88	NA	NA	NA	
1354	chr7:126261330-126261727	1	-43	NA	NA	NA	NA	NA	
1355	chr7:126397636-126398329	3	NA	NA	NA	NA	NA	NA	
1356	chr7:126653024-126653675	6	NA	NA	NA	-66	NA	NA	
1357	chr7:127011426-127011852	3	NA	NA	NA	NA	NA	NA	
1358	chr7:127023696-127024140	2	NA	151	NA	NA	NA	NA	
1359	chr7:127303061-127303522	1	155	NA	NA	NA	NA	NA	
1360	chr7:128174870-128175371	3	NA	NA	NA	NA	NA	NA	
1361	chr7:128527481-128527842	2	NA	163	NA	NA	NA	NA	
1362	chr7:131161883-131162398	3	NA	NA	NA	NA	NA	NA	
1363	chr7:132494844-132495280	1	-126	NA	NA	NA	-156	NA	
1364	chr7:139536004-139536515	3	NA	NA	NA	NA	NA	NA	
1365	chr7:140058189-140058775	2	NA	70	NA	NA	NA	NA	
1366	chr7:142163121-142163756	2	NA	-66	NA	NA	NA	NA	
1367	chr7:143437837-143438541	3	NA	NA	NA	NA	NA	NA	
1368	chr7:144256784-144257090	1	-88	NA	NA	NA	NA	NA	
1369	chr7:145052579-145052841	3	NA	NA	NA	NA	NA	NA	
1370	chr8:13213421-13213865	1	92	NA	NA	NA	NA	NA	
1371	chr8:13600990-13601719	1	176	NA	NA	NA	NA	NA	
1372	chr8:13675459-13675866	2	NA	-157	NA	NA	NA	NA	
1373	chr8:13964526-13965069	2	NA	-82	NA	NA	NA	NA	
1374	chr8:15017919-15018467	5	-80	155	NA	NA	NA	NA	
1375	chr8:20439103-20439370	1	169	NA	NA	NA	NA	NA	
1376	chr8:27119389-27119998	3	NA	NA	NA	NA	NA	NA	
1377	chr8:28602957-28603400	2	NA	70	NA	NA	NA	NA	
1378	chr8:35576915-35577536	1	-29	NA	NA	NA	NA	NA	
1379	chr8:37065463-37066024	4	NA	NA	-78	NA	NA	NA	
1380	chr8:37102446-37102934	1	169	NA	NA	NA	NA	NA	
1381	chr8:37662618-37663089	5	24	83	NA	NA	NA	NA	
1382	chr8:40513900-40514307	2	NA	9	NA	NA	NA	NA	
1383	chr8:42832805-42833385	2	NA	-124	NA	NA	NA	NA	
1384	chr8:60379114-60379758	3	NA	NA	NA	NA	NA	NA	
1385	chr8:73478772-73479100	1	-38	NA	NA	NA	NA	NA	
1386	chr8:73602372-73603086	4	NA	NA	75	NA	NA	NA	
1387	chr8:73706102-73706504	1	-182	NA	NA	NA	NA	NA	
1388	chr8:75065612-75065941	1	187	NA	NA	NA	NA	NA	
1389	chr8:75168350-75168743	2	NA	-191	NA	NA	NA	NA	
1390	chr8:75206313-75206616	2	NA	-68	NA	NA	NA	78	
1391	chr8:84467873-84468507	3	NA	NA	NA	NA	NA	NA	
1392	chr8:84599767-84600185	1	17	NA	NA	NA	NA	NA	
1393	chr8:86669693-86670024	4	NA	NA	95	NA	NA	NA	
1394	chr8:91588204-91588687	2	NA	-157	NA	NA	NA	NA	
1395	chr8:93685456-93685903	1	-29	NA	NA	NA	NA	NA	
1396	chr8:97226546-97227104	1	-170	NA	NA	NA	NA	NA	
1397	chr8:97281386-97281625	5	-159	-118	NA	NA	NA	NA	
1398	chr8:101771570-101771809	2	NA	-125	NA	NA	NA	NA	
1399	chr8:107128846-107129353	6	NA	NA	NA	179	NA	NA	
1400	chr8:108525417-108525958	2	NA	31	NA	NA	NA	NA	
1401	chr8:109491827-109492219	3	NA	NA	NA	NA	NA	NA	
1402	chr8:109512100-109512734	2	NA	-131	NA	NA	NA	NA	
1403	chr8:109532186-109532556	1	-104	NA	NA	NA	NA	NA	
1404	chr8:109825133-109825491	1	-140	NA	NA	NA	NA	NA	
1405	chr8:113825825-113826352	1	131	NA	NA	NA	NA	NA	
1406	chr8:114482263-114483047	5	125	110	NA	NA	NA	NA	
1407	chr8:114862967-114863563	1	99	NA	NA	NA	NA	NA	
1408	chr8:116521546-116522031	2	NA	-166	NA	NA	NA	NA	
1409	chr8:117768122-117768816	2	NA	-189	NA	NA	NA	NA	
1410	chr8:117827451-117828096	1	71	NA	NA	NA	NA	NA	
1411	chr8:119476354-119477063	4	NA	NA	-85	NA	NA	NA	
1412	chr8:119939127-119939507	3	NA	NA	NA	NA	NA	NA	
1413	chr8:120434477-120434769	5	16	138	NA	NA	NA	NA	
1414	chr8:122716278-122716901	6	NA	NA	NA	-157	NA	NA	
1415	chr8:122990464-122990815	4	NA	NA	-74	NA	NA	NA	
1416	chr8:123614553-123614963	2	NA	1	NA	NA	NA	NA	
1417	chr8:124488981-124489348	2	NA	44	NA	NA	-77	NA	
1418	chr8:125168768-125169142	2	NA	-106	NA	NA	NA	NA	
1419	chr8:125169955-125171290	2	NA	-130	NA	NA	NA	NA	
1420	chr8:126731239-126731521	5	-134	91	NA	NA	NA	NA	
1421	chr8:127161724-127162355	1	53	NA	NA	NA	NA	NA	
1422	chr8:127607985-127608748	4	NA	NA	-152	NA	NA	NA	
1423	chr8:127953499-127954027	2	NA	99	NA	NA	NA	NA	
1424	chr8:128552869-128553234	3	NA	NA	NA	NA	NA	NA	
1425	chr8:129753950-129754407	3	NA	NA	NA	NA	NA	NA	
1426	chr8:130176081-130176649	2	NA	97	NA	NA	NA	NA	
1427	chr8:131375454-131375876	6	NA	NA	NA	-49	NA	NA	
1428	chr9:3258733-3258987	3	NA	NA	NA	NA	NA	NA	
1429	chr9:13840782-13841280	1	-64	NA	NA	NA	NA	NA	
1430	chr9:13865895-13866169	4	NA	NA	91	NA	NA	NA	
1431	chr9:14626516-14626829	2	NA	-83	NA	NA	NA	NA	
1432	chr9:14779446-14779715	2	NA	-77	NA	NA	NA	NA	
1433	chr9:15300465-15301443	5	138	-178	NA	NA	NA	NA	
1434	chr9:20242950-20243378	2	NA	-67	NA	NA	NA	NA	
1435	chr9:20911829-20912367	3	NA	NA	NA	NA	NA	NA	
1436	chr9:21199963-21200845	3	NA	NA	NA	NA	NA	NA	
1437	chr9:21886559-21886975	3	NA	NA	NA	NA	NA	NA	
1438	chr9:22391044-22391420	1	-143	NA	NA	NA	NA	NA	
1439	chr9:22396534-22397415	1	-141	NA	NA	NA	NA	NA	
1440	chr9:22401182-22401503	1	-109	NA	NA	NA	NA	NA	
1441	chr9:22407567-22408048	1	-146	NA	NA	NA	NA	NA	
1442	chr9:24292316-24292634	3	NA	NA	NA	NA	NA	NA	
1443	chr9:32245115-32245772	3	NA	NA	NA	NA	NA	NA	
1444	chr9:32253029-32253543	1	-14	NA	NA	NA	NA	NA	
1445	chr9:32255564-32256070	4	NA	NA	156	NA	NA	NA	
1446	chr9:32287272-32288174	3	NA	NA	NA	NA	NA	NA	
1447	chr9:32358529-32358894	1	-102	NA	NA	NA	NA	NA	
1448	chr9:32455643-32456450	1	158	NA	NA	NA	NA	NA	
1449	chr9:32462660-32463117	2	NA	-170	NA	NA	NA	NA	
1450	chr9:32481257-32481925	3	NA	NA	NA	NA	NA	NA	
1451	chr9:32490371-32491159	5	-171	-30	NA	NA	NA	NA	
1452	chr9:32677960-32678722	1	140	NA	NA	NA	NA	NA	
1453	chr9:32810445-32811052	1	156	NA	67	NA	NA	NA	
1454	chr9:36516612-36517107	2	NA	28	NA	NA	NA	NA	
1455	chr9:40532974-40533582	1	21	NA	NA	NA	NA	NA	
1456	chr9:40868896-40869774	3	NA	NA	NA	NA	NA	NA	
1457	chr9:41783481-41783895	5	131	154	NA	NA	NA	NA	
1458	chr9:43763608-43764161	2	NA	41	NA	NA	NA	NA	
1459	chr9:43827800-43828049	3	NA	NA	NA	NA	NA	NA	
1460	chr9:44288867-44289288	1	99	NA	NA	NA	NA	NA	
1461	chr9:44467980-44468503	2	NA	73	NA	NA	NA	21	
1462	chr9:44705423-44705701	2	NA	67	NA	NA	NA	NA	
1463	chr9:44737072-44737685	3	NA	NA	NA	NA	NA	NA	
1464	chr9:44747632-44747847	5	-62	-98	NA	NA	NA	NA	
1465	chr9:45905313-45905912	1	120	NA	134	NA	NA	NA	
1466	chr9:47490321-47490570	2	NA	-79	NA	NA	NA	NA	
1467	chr9:48290109-48290718	2	NA	-173	NA	NA	NA	NA	
1468	chr9:50222524-50222970	1	102	NA	NA	NA	NA	NA	
1469	chr9:50937564-50938006	1	65	NA	NA	NA	NA	NA	
1470	chr9:53033738-53034449	2	NA	142	NA	NA	NA	NA	
1471	chr9:57445616-57446303	2	NA	-159	NA	NA	NA	NA	
1472	chr9:57664602-57665276	1	-51	NA	NA	NA	NA	NA	
1473	chr9:57932115-57932613	1	-1	NA	NA	NA	NA	NA	
1474	chr9:61467789-61468319	1	-148	NA	NA	NA	NA	NA	
1475	chr9:61477694-61478121	1	-94	NA	NA	NA	NA	NA	
1476	chr9:61505733-61506251	2	NA	102	NA	NA	NA	-9	
1477	chr9:62774965-62775652	1	-133	NA	NA	NA	NA	NA	
1478	chr9:63080054-63080564	2	NA	-37	NA	NA	NA	NA	
1479	chr9:63518741-63519426	2	NA	41	NA	NA	NA	NA	
1480	chr9:64577628-64578193	4	NA	NA	-16	NA	NA	NA	
1481	chr9:65464070-65464348	2	NA	68	NA	NA	-98	NA	
1482	chr9:65867272-65867711	6	NA	NA	NA	-165	NA	NA	
1483	chr9:66406715-66407508	2	NA	34	NA	NA	NA	NA	
1484	chr9:66718282-66719007	6	NA	NA	NA	-109	NA	NA	
1485	chr9:68833387-68834340	3	NA	NA	NA	NA	NA	NA	
1486	chr9:70890439-70891035	2	NA	-175	NA	NA	NA	NA	
1487	chr9:71703800-71704324	4	NA	NA	-59	NA	NA	NA	
1488	chr9:72264306-72264804	1	80	NA	NA	NA	NA	NA	
1489	chr9:75195844-75196540	5	92	-137	NA	NA	NA	NA	
1490	chr9:75344679-75345099	5	-155	-87	NA	NA	NA	NA	
1491	chr9:77255390-77255784	1	-122	NA	NA	NA	NA	NA	
1492	chr9:77962461-77962927	1	-39	NA	NA	NA	NA	NA	
1493	chr9:78233546-78234111	2	NA	-29	NA	NA	NA	NA	
1494	chr9:79566936-79567385	3	NA	NA	NA	NA	NA	NA	
1495	chr9:90010837-90011254	1	124	NA	NA	NA	NA	NA	
1496	chr9:94477687-94478359	2	NA	108	NA	NA	NA	NA	
1497	chr9:94922544-94923047	2	NA	131	NA	NA	NA	NA	
1498	chr9:96505627-96506192	3	NA	NA	NA	NA	NA	NA	
1499	chr9:98105493-98106158	4	NA	NA	87	NA	NA	NA	
1500	chr9:100263720-100264183	1	1	NA	NA	NA	NA	NA	
1501	chr9:100331250-100331950	1	164	NA	-124	NA	NA	NA	
1502	chr9:107136755-107136997	3	NA	NA	NA	NA	NA	NA	
1503	chr9:107147761-107148433	3	NA	NA	NA	NA	NA	NA	
1504	chr9:107153645-107154270	3	NA	NA	NA	NA	NA	NA	
1505	chr9:107594109-107594784	1	135	NA	NA	NA	NA	NA	
1506	chr9:107844437-107844847	3	NA	NA	NA	NA	NA	NA	
1507	chr9:108916432-108917096	4	NA	NA	118	NA	NA	NA	
1508	chr9:110126365-110126781	3	NA	NA	NA	NA	NA	NA	
1509	chr9:110305800-110306154	2	NA	86	NA	NA	NA	NA	
1510	chr9:112019414-112020154	2	NA	-114	NA	NA	NA	NA	
1511	chr9:114270420-114270807	6	NA	NA	NA	-104	NA	NA	
1512	chr9:114289209-114289788	2	NA	96	NA	NA	NA	NA	
1513	chr9:114578671-114578938	4	NA	NA	135	NA	NA	NA	
1514	chr9:115283287-115283709	1	172	NA	154	NA	NA	NA	
1515	chr9:115472582-115473130	3	NA	NA	NA	NA	NA	NA	
1516	chr9:116186803-116187369	5	-179	120	NA	NA	NA	NA	
1517	chr9:116217622-116218301	3	NA	NA	NA	NA	NA	NA	
1518	chr9:117750952-117751478	1	184	NA	-85	NA	NA	NA	
1519	chr9:117998383-117998749	1	45	NA	NA	NA	NA	NA	
1520	chr9:118236166-118236795	1	8	NA	NA	NA	NA	NA	
1521	chr9:119592495-119593169	2	NA	-134	NA	NA	NA	NA	
1522	chr9:119878962-119879662	3	NA	NA	NA	NA	NA	NA	
1523	chr9:119923131-119923794	1	-181	NA	NA	NA	NA	NA	
1524	chr9:119933114-119933505	2	NA	-53	NA	NA	NA	NA	
1525	chr9:119940284-119940867	2	NA	114	NA	NA	NA	NA	
1526	chr9:121275124-121275530	2	NA	135	NA	NA	NA	NA	
1527	chr9:122037386-122037774	1	-100	NA	NA	NA	NA	NA	
1528	chr9:123358468-123358892	5	179	25	NA	NA	NA	NA	
1529	chr9:123603018-123603503	3	NA	NA	NA	NA	NA	NA	
1530	chr9:123605506-123605960	2	NA	49	NA	NA	NA	NA	
1531	chrX:6727616-6728206	2	NA	40	NA	NA	NA	NA	
1532	chrX:6805567-6806058	2	NA	125	NA	NA	NA	NA	
1533	chrX:7120944-7121371	3	NA	NA	NA	NA	NA	NA	
1534	chrX:15776486-15776827	3	NA	NA	NA	NA	NA	NA	
1535	chrX:22924667-22925116	3	NA	NA	NA	NA	NA	NA	
1536	chrX:38587967-38588719	4	NA	NA	124	NA	NA	NA	
1537	chrX:38755634-38756269	1	-151	NA	NA	NA	NA	NA	
1538	chrX:44683631-44684189	2	NA	107	NA	NA	NA	NA	
1539	chrX:47174909-47175247	1	-106	NA	NA	NA	NA	NA	
1540	chrX:53533857-53534509	3	NA	NA	NA	NA	NA	NA	
1541	chrX:71347599-71348011	1	178	NA	NA	NA	NA	NA	
1542	chrX:71896154-71896892	3	NA	NA	NA	NA	NA	NA	
1543	chrX:81479731-81480066	1	155	NA	NA	NA	NA	NA	
1544	chrX:81826949-81827339	4	NA	NA	120	NA	NA	NA	
1545	chrX:83490972-83491244	3	NA	NA	NA	NA	NA	NA	
1546	chrX:97424872-97425328	4	NA	NA	42	NA	NA	NA	
1547	chrX:98234493-98235010	2	NA	29	NA	NA	NA	NA	
1548	chrX:100217881-100218378	1	39	NA	NA	NA	NA	NA	
1549	chrX:102246602-102247068	3	NA	NA	NA	NA	NA	NA	
1550	chrX:103290966-103291279	2	NA	80	NA	NA	NA	NA	
1551	chrX:103624039-103624474	1	12	NA	NA	NA	NA	NA	
1552	chrX:109064485-109064823	6	NA	NA	NA	73	NA	NA	
1553	chrX:131962269-131962717	1	-47	NA	NA	NA	NA	NA	
1554	chrX:131992363-131992720	1	37	NA	NA	NA	NA	NA	
1555	chrX:137635649-137636307	2	NA	-192	NA	NA	NA	NA	
1556	chrX:137711238-137711700	1	30	NA	NA	NA	NA	NA	
1557	chrX:138729265-138729582	3	NA	NA	NA	NA	NA	NA	
1558	chrX:154400000-154400362	6	NA	NA	NA	169	NA	NA	
1559	chrX:154646968-154647520	2	NA	76	NA	NA	NA	NA	
1560	chrX:154891207-154891540	1	120	NA	NA	NA	NA	NA	
1561	chrX:155021800-155022098	5	45	186	NA	NA	NA	NA	
1562	chrX:155479981-155480578	1	21	NA	NA	NA	NA	NA	
1563	chrX:159294970-159295351	6	NA	NA	NA	57	NA	NA	
