1	chr1:20897671-20898254	1	NA	NA	NA	NA	
2	chr1:23487160-23488639	1	NA	NA	NA	NA	
3	chr1:24566603-24569405	1	NA	NA	NA	NA	
4	chr1:36864939-36865549	2	33	NA	NA	359	
5	chr1:40419842-40420980	3	NA	-536	NA	NA	
6	chr1:51393030-51393679	1	NA	NA	NA	NA	
7	chr1:51538255-51538850	1	NA	NA	NA	NA	
8	chr1:63599505-63600306	1	NA	NA	NA	NA	
9	chr1:80092639-80093456	3	-404	449	NA	NA	
10	chr1:81169061-81169940	1	NA	NA	NA	NA	
11	chr1:90306610-90307201	2	-228	NA	540	NA	
12	chr1:120138586-120139086	3	-380	398	NA	NA	
13	chr1:132907236-132907871	1	NA	NA	NA	NA	
14	chr1:133031701-133032548	3	498	515	NA	NA	
15	chr1:134692915-134693672	1	NA	NA	NA	NA	
16	chr1:138416585-138417422	3	111	-131	NA	NA	
17	chr1:145768540-145769187	2	NA	NA	-210	-553	
18	chr1:155141987-155142749	1	NA	NA	NA	NA	
19	chr1:163507438-163508304	2	310	NA	NA	-412	
20	chr1:167681556-167682229	2	NA	NA	256	NA	
21	chr1:175877427-175878443	2	-195	NA	888	349	
22	chr1:186554726-186555192	3	NA	-205	376	NA	
23	chr1:192894188-192894901	3	234	438	NA	NA	
24	chr10:13688877-13689651	3	-372	346	NA	NA	
25	chr10:19628484-19629258	3	-403	350	NA	NA	
26	chr10:26048076-26048757	2	NA	NA	NA	494	
27	chr10:39680230-39680917	1	NA	NA	NA	NA	
28	chr10:79836617-79837582	2	NA	NA	795	-292	
29	chr10:80201629-80202126	1	NA	NA	NA	NA	
30	chr10:80509162-80509451	1	NA	NA	NA	NA	
31	chr10:80913080-80914050	3	420	489	NA	NA	
32	chr10:92765660-92766028	3	NA	223	NA	NA	
33	chr10:95507165-95507559	1	NA	NA	NA	NA	
34	chr10:117575269-117576136	2	NA	NA	NA	427	
35	chr10:127907437-127908080	3	385	293	NA	NA	
36	chr11:11463847-11464873	3	665	-118	NA	NA	
37	chr11:20148735-20149275	1	NA	NA	NA	NA	
38	chr11:21002515-21003402	1	NA	NA	NA	NA	
39	chr11:22592459-22593403	1	NA	NA	NA	NA	
40	chr11:31570379-31571478	2	-240	NA	NA	NA	
41	chr11:33838628-33839502	2	NA	NA	33	-264	
42	chr11:34011946-34012343	3	NA	111	NA	NA	
43	chr11:46232528-46233371	1	NA	NA	NA	NA	
44	chr11:52157518-52158138	1	NA	NA	NA	NA	
45	chr11:54710065-54710643	1	NA	NA	NA	NA	
46	chr11:54975394-54975873	1	NA	NA	NA	NA	
47	chr11:65610863-65611587	2	31	NA	-0	-694	
48	chr11:66907517-66907837	1	NA	NA	NA	NA	
49	chr11:69182625-69183167	2	NA	NA	-420	NA	
50	chr11:78352158-78353054	1	NA	NA	NA	NA	
51	chr11:82856905-82857744	3	556	-579	NA	NA	
52	chr11:87567616-87568360	3	328	-466	NA	NA	
53	chr11:87575311-87576385	1	NA	NA	NA	NA	
54	chr11:94407912-94408440	1	NA	NA	NA	NA	
55	chr11:98285951-98286753	3	-324	-499	NA	NA	
56	chr11:98303628-98304127	2	NA	NA	442	-248	
57	chr11:99016186-99016820	1	NA	NA	NA	NA	
58	chr11:108726757-108727516	2	NA	NA	-297	NA	
59	chr11:108827597-108828258	1	NA	NA	NA	NA	
60	chr11:110214719-110215313	3	389	-327	NA	NA	
61	chr12:3109876-3110267	1	NA	NA	NA	NA	
62	chr12:21697626-21698281	3	NA	377	-158	NA	
63	chr12:74516842-74517755	2	NA	NA	-878	NA	
64	chr12:74611051-74611820	1	NA	NA	NA	NA	
65	chr12:85110891-85111217	1	NA	NA	NA	NA	
66	chr12:85662394-85663104	2	NA	NA	NA	519	
67	chr12:87833977-87834760	1	NA	NA	NA	NA	
68	chr12:101395027-101395767	2	-341	NA	NA	363	
69	chr12:103732184-103733079	1	NA	NA	NA	NA	
70	chr12:111185530-111186215	2	-325	NA	209	NA	
71	chr12:116670716-116671691	1	NA	NA	NA	NA	
72	chr12:116696429-116697160	2	-394	NA	-306	NA	
73	chr13:6452426-6453172	3	-527	-434	NA	NA	
74	chr13:34871906-34872409	2	-57	NA	NA	-142	
75	chr13:36815339-36816442	1	NA	NA	NA	NA	
76	chr13:42311565-42312103	1	NA	NA	NA	NA	
77	chr13:51779697-51780541	1	NA	NA	NA	NA	
78	chr13:51982514-51983079	3	154	-348	452	NA	
79	chr13:63334054-63334722	1	NA	NA	NA	NA	
80	chr13:85599706-85600597	2	NA	NA	709	NA	
81	chr13:98291101-98291428	1	NA	NA	NA	NA	
82	chr13:114700773-114701501	3	-234	220	575	NA	
83	chr14:39187378-39187979	1	NA	NA	NA	NA	
84	chr14:53185159-53186012	2	382	NA	67	-420	
85	chr14:54557679-54558308	2	NA	NA	116	NA	
86	chr14:61072465-61073256	3	746	722	NA	NA	
87	chr14:61881997-61882684	3	NA	309	NA	NA	
88	chr14:64284388-64285040	1	NA	NA	NA	NA	
89	chr14:85972789-85973327	1	NA	NA	NA	NA	
90	chr15:5393222-5393977	3	NA	514	NA	NA	
91	chr15:9605852-9606768	2	NA	NA	NA	-351	
92	chr15:62592966-62593637	1	NA	NA	NA	NA	
93	chr15:63993065-63993580	3	-329	-307	NA	NA	
94	chr15:66337449-66338120	1	NA	NA	NA	NA	
95	chr15:74913207-74914442	2	NA	NA	-451	-878	
96	chr15:77798192-77798626	3	NA	-233	118	NA	
97	chr15:78321935-78322773	2	401	NA	NA	-494	
98	chr15:85217626-85218190	3	NA	312	NA	NA	
99	chr15:97200981-97201852	2	NA	NA	NA	-449	
100	chr15:98820398-98820814	3	-387	231	NA	NA	
101	chr16:4498946-4499528	1	NA	NA	NA	NA	
102	chr16:5308541-5309404	2	NA	NA	NA	376	
103	chr16:22346867-22347825	1	NA	NA	NA	NA	
104	chr16:36396194-36396562	1	NA	NA	NA	NA	
105	chr16:44611240-44611788	1	NA	NA	NA	NA	
106	chr16:48705868-48706443	1	NA	NA	NA	NA	
107	chr16:52000683-52001866	3	668	683	NA	NA	
108	chr16:76237355-76237591	1	NA	NA	NA	NA	
109	chr16:76431954-76432667	3	385	-368	NA	NA	
110	chr16:84595380-84596017	1	NA	NA	NA	NA	
111	chr16:89724342-89725127	3	-749	350	NA	-673	
112	chr16:89861897-89862591	3	-296	620	NA	NA	
113	chr17:7013440-7014049	1	NA	NA	NA	NA	
114	chr17:8089621-8090408	1	NA	NA	NA	NA	
115	chr17:24911700-24912500	3	380	327	NA	NA	
116	chr17:28339999-28340883	3	-279	-391	NA	NA	
117	chr17:28463477-28463989	1	NA	NA	NA	NA	
118	chr17:35631650-35632237	1	NA	NA	NA	NA	
119	chr17:35839180-35839776	1	NA	NA	NA	NA	
120	chr17:39450927-39457022	2	NA	NA	-5508	477	
121	chr17:50873139-50873988	3	715	439	589	-262	
122	chr17:51627199-51628395	3	1004	491	NA	NA	
123	chr17:56745210-56746144	3	31	502	NA	NA	
124	chr17:70877881-70878757	3	511	762	NA	NA	
125	chr17:83220692-83221326	3	-1	289	-116	NA	
126	chr17:84024265-84024986	2	NA	NA	200	-455	
127	chr18:3005202-3006082	2	NA	NA	-24	-443	
128	chr18:39208843-39209539	2	NA	NA	NA	-87	
129	chr18:40433910-40434388	2	NA	NA	-459	NA	
130	chr18:75447304-75448028	2	NA	NA	NA	396	
131	chr18:75502743-75503477	2	-314	NA	526	-283	
132	chr18:82355522-82355995	1	NA	NA	NA	NA	
133	chr18:89340229-89341162	2	NA	NA	NA	-450	
134	chr19:4119455-4120306	2	-437	NA	NA	-377	
135	chr19:4878447-4879352	1	NA	NA	NA	NA	
136	chr19:33432275-33433175	3	-76	-617	NA	NA	
137	chr19:59455157-59455890	1	NA	NA	NA	NA	
138	chr2:11534585-11535092	1	NA	NA	NA	NA	
139	chr2:26575280-26576001	1	NA	NA	NA	NA	
140	chr2:30416593-30417348	2	NA	NA	224	NA	
141	chr2:32317221-32317640	2	NA	NA	-225	NA	
142	chr2:32516115-32516586	1	NA	NA	NA	NA	
143	chr2:35803851-35804358	3	NA	229	NA	NA	
144	chr2:37593767-37594274	1	NA	NA	NA	NA	
145	chr2:38293709-38294207	1	NA	NA	NA	NA	
146	chr2:65845877-65846273	2	NA	NA	NA	-36	
147	chr2:70675780-70676704	1	NA	NA	NA	NA	
148	chr2:80262489-80263065	1	NA	NA	NA	NA	
149	chr2:84579863-84580784	1	NA	NA	NA	NA	
150	chr2:98462929-98463961	2	NA	NA	NA	33	
151	chr2:98466950-98468313	1	NA	NA	NA	NA	
152	chr2:104326422-104326932	1	NA	NA	NA	NA	
153	chr2:117034052-117034623	2	NA	NA	NA	334	
154	chr2:118942201-118942891	3	NA	-268	NA	NA	
155	chr2:118979737-118980443	1	NA	NA	NA	NA	
156	chr2:153217149-153217865	2	327	NA	629	250	
157	chr2:157258762-157259369	2	NA	NA	NA	-5	
158	chr2:158100548-158101312	1	NA	NA	NA	NA	
159	chr2:167578972-167579448	2	NA	NA	-286	-407	
160	chr2:170194522-170195043	2	NA	NA	NA	183	
161	chr2:181846625-181847434	1	NA	NA	NA	NA	
162	chr3:52966229-52966809	2	-167	NA	-305	NA	
163	chr3:56663271-56663681	1	NA	NA	NA	NA	
164	chr3:89958063-89958718	3	466	270	NA	NA	
165	chr3:96665260-96666201	2	NA	NA	725	412	
166	chr3:107924572-107925196	3	NA	-257	NA	NA	
167	chr3:109324309-109324904	2	NA	NA	NA	-270	
168	chr3:126826614-126827447	2	-378	NA	NA	NA	
169	chr3:127755015-127755843	1	NA	NA	NA	NA	
170	chr3:136680046-136680862	1	NA	NA	NA	NA	
171	chr4:16090973-16091493	1	NA	NA	NA	NA	
172	chr4:32616412-32617225	3	626	338	NA	NA	
173	chr4:63984012-63984382	1	NA	NA	NA	NA	
174	chr4:69864482-69864755	1	NA	NA	NA	NA	
175	chr4:87505686-87506215	2	110	NA	NA	NA	
176	chr4:100665417-100666293	1	NA	NA	NA	NA	
177	chr4:102209371-102210241	2	NA	NA	-575	NA	
178	chr4:116975974-116976664	2	-187	NA	NA	-288	
179	chr4:120483941-120484702	3	NA	-336	NA	NA	
180	chr4:125605762-125606487	2	NA	NA	NA	389	
181	chr4:135332186-135332481	3	NA	143	NA	NA	
182	chr5:2999879-3002720	1	NA	NA	NA	NA	
183	chr5:20922938-20923479	3	467	3	NA	NA	
184	chr5:65614599-65614890	1	NA	NA	NA	NA	
185	chr5:72451736-72452199	1	NA	NA	NA	NA	
186	chr5:99739819-99740642	2	NA	NA	-782	NA	
187	chr5:105925213-105925733	1	NA	NA	NA	NA	
188	chr5:107535406-107536158	2	NA	NA	-117	NA	
189	chr5:111080072-111080554	1	NA	NA	NA	NA	
190	chr5:113931504-113932117	1	NA	NA	NA	NA	
191	chr5:114900498-114900854	1	NA	NA	NA	NA	
192	chr5:138017044-138017774	3	NA	360	403	NA	
193	chr5:138887064-138887932	1	NA	NA	NA	NA	
194	chr5:139635703-139636371	2	485	NA	NA	-282	
195	chr5:146564914-146565732	3	NA	-214	NA	NA	
196	chr6:22299145-22300111	1	NA	NA	NA	NA	
197	chr6:41483560-41484175	1	NA	NA	NA	NA	
198	chr6:50346312-50347226	1	NA	NA	NA	NA	
199	chr6:82887059-82887868	1	NA	NA	NA	NA	
200	chr6:87507541-87508280	2	-264	NA	348	NA	
201	chr6:98957869-98958615	1	NA	NA	NA	NA	
202	chr6:103614677-103615208	1	NA	NA	NA	NA	
203	chr6:124715721-124716488	3	NA	510	NA	NA	
204	chr6:140582661-140583333	1	NA	NA	NA	NA	
205	chr6:142874566-142875347	2	-745	NA	759	NA	
206	chr6:143448247-143448538	2	-231	NA	NA	170	
207	chr6:144627485-144628192	3	-262	-275	NA	NA	
208	chr7:15107437-15108187	2	NA	NA	-144	162	
209	chr7:27642021-27642590	3	-309	331	NA	NA	
210	chr7:28091616-28092165	2	NA	NA	514	299	
211	chr7:28843157-28843775	1	NA	NA	NA	NA	
212	chr7:45378170-45378868	2	NA	NA	485	NA	
213	chr7:45459955-45460620	1	NA	NA	NA	NA	
214	chr7:67944245-67944875	1	NA	NA	NA	NA	
215	chr7:89882241-89882812	3	NA	-318	NA	NA	
216	chr7:110223126-110223883	1	NA	NA	NA	NA	
217	chr7:114270709-114271789	1	NA	NA	NA	NA	
218	chr7:125263193-125263754	3	NA	-389	NA	NA	
219	chr8:18863700-18864409	3	NA	365	NA	NA	
220	chr8:24560844-24561472	1	NA	NA	NA	NA	
221	chr8:26739623-26740148	3	NA	400	NA	NA	
222	chr8:27119284-27120036	1	NA	NA	NA	NA	
223	chr8:37662390-37663098	1	NA	NA	NA	NA	
224	chr8:73602383-73603191	3	NA	-321	NA	NA	
225	chr8:108155588-108156379	2	-580	NA	NA	NA	
226	chr8:114482228-114482870	3	NA	-433	-142	NA	
227	chr8:118271658-118272375	3	NA	349	NA	NA	
228	chr8:125169965-125171088	2	NA	NA	-17	NA	
229	chr8:127608056-127608718	3	NA	361	NA	NA	
230	chr8:130848661-130849522	1	NA	NA	NA	NA	
231	chr9:21199954-21200829	1	NA	NA	NA	NA	
232	chr9:24292320-24292667	1	NA	NA	NA	NA	
233	chr9:32810190-32811196	3	NA	-525	43	NA	
234	chr9:35054745-35055295	1	NA	NA	NA	NA	
235	chr9:44288655-44289439	1	NA	NA	NA	NA	
236	chr9:57664560-57665271	2	329	NA	218	NA	
237	chr9:60796844-60797427	2	-372	NA	539	NA	
238	chr9:63518829-63519421	2	-532	NA	NA	194	
239	chr9:63536164-63536742	1	NA	NA	NA	NA	
240	chr9:66718328-66718862	2	29	NA	NA	NA	
241	chr9:68833530-68834353	2	175	NA	NA	450	
242	chr9:72264394-72264682	3	NA	155	NA	NA	
243	chr9:75195785-75196662	1	NA	NA	NA	NA	
244	chr9:85210246-85211249	2	-982	NA	31	167	
245	chr9:100331404-100331968	3	205	219	128	NA	
246	chr9:107136568-107137167	1	NA	NA	NA	NA	
247	chr9:107147611-107148252	3	NA	197	NA	NA	
248	chr9:110530301-110530814	1	NA	NA	NA	NA	
249	chr9:119592533-119593099	2	-235	NA	NA	NA	
250	chr9:119879098-119879479	1	NA	NA	NA	NA	
251	chr9:119923130-119923715	2	NA	NA	NA	-282	
252	chr9:119940332-119941120	1	NA	NA	NA	NA	
253	chr9:120006807-120007177	2	185	NA	NA	228	
254	chrX:38587943-38588780	3	-580	-424	-153	NA	
255	chrX:73676122-73676707	1	NA	NA	NA	NA	
256	chrX:98234436-98235044	2	NA	NA	504	NA	
257	chrX:138729250-138729574	1	NA	NA	NA	NA	
