Number of sequences: 2054
Number of programs: 5
Number of motifs: 15
Motif widths: 12 12 17 12 11 12 12 32 16 21 14 38 14 12 13 
Program 1: total 747
 motif #1: 338 of 747 (0.452489 posterior)
 motif #3: 438 of 747 (0.586322 posterior)
 motif #4: 150 of 747 (0.200883 posterior)
 motif #5: 24 of 747 (0.032254 posterior)
 motif #6: 140 of 747 (0.187500 posterior)
 motif #7: 86 of 747 (0.115230 posterior)
 motif #8: 76 of 747 (0.101847 posterior)
 motif #9: 53 of 747 (0.071065 posterior)
 motif #10: 45 of 747 (0.060359 posterior)
 motif #11: 12 of 747 (0.016194 posterior)
 motif #12: 17 of 747 (0.022885 posterior)
 motif #13: 9 of 747 (0.012179 posterior)
 motif #14: 10 of 747 (0.013517 posterior)
 motif #15: 13 of 747 (0.017532 posterior)

Program 2: total 528
 motif #1: 145 of 528 (0.274707 posterior)
 motif #2: 526 of 528 (0.996024 posterior)
 motif #3: 7 of 528 (0.013442 posterior)
 motif #4: 67 of 528 (0.127035 posterior)
 motif #5: 1 of 528 (0.002083 posterior)
 motif #6: 74 of 528 (0.140288 posterior)
 motif #7: 58 of 528 (0.109996 posterior)
 motif #8: 26 of 528 (0.049413 posterior)
 motif #9: 20 of 528 (0.038054 posterior)
 motif #11: 17 of 528 (0.032374 posterior)
 motif #12: 12 of 528 (0.022908 posterior)
 motif #13: 20 of 528 (0.038054 posterior)
 motif #14: 13 of 528 (0.024801 posterior)
 motif #15: 1 of 528 (0.002083 posterior)

Program 3: total 509

Program 4: total 237
 motif #1: 58 of 237 (0.244941 posterior)
 motif #4: 41 of 237 (0.173272 posterior)
 motif #5: 234 of 237 (0.986931 posterior)
 motif #6: 25 of 237 (0.105818 posterior)
 motif #8: 23 of 237 (0.097386 posterior)
 motif #9: 7 of 237 (0.029933 posterior)
 motif #11: 9 of 237 (0.038364 posterior)
 motif #12: 6 of 237 (0.025717 posterior)
 motif #13: 2 of 237 (0.008853 posterior)
 motif #14: 2 of 237 (0.008853 posterior)
 motif #15: 8 of 237 (0.034148 posterior)

Program 5: total 33
 motif #4: 1 of 33 (0.033133 posterior)
 motif #10: 22 of 33 (0.665663 posterior)
 motif #11: 13 of 33 (0.394578 posterior)

Motif #1
total sequences 541
A	[ 523.0	-0.0	25.0	526.0	530.0	237.0	81.0	214.0	237.0	257.0	201.0	192.0	]
C	[ 0.0	-0.0	0.0	15.0	-0.0	0.0	47.0	33.0	39.0	58.0	85.0	105.0	]
G	[ 16.0	539.0	516.0	0.0	11.0	304.0	134.0	294.0	265.0	131.0	166.0	153.0	]
T	[ 2.0	2.0	-0.0	0.0	-0.0	-0.0	279.0	0.0	0.0	95.0	89.0	91.0	]
Motif #2
total sequences 526
A	[ 382.0	14.0	524.0	-0.0	437.0	382.0	111.0	213.0	495.0	35.0	1.0	166.0	]
C	[ 3.0	-0.0	-0.0	-0.0	-0.0	19.0	157.0	147.0	16.0	29.0	457.0	9.0	]
G	[ 4.0	512.0	2.0	1.0	7.0	91.0	181.0	142.0	15.0	20.0	47.0	24.0	]
T	[ 137.0	-0.0	-0.0	525.0	82.0	34.0	77.0	24.0	-0.0	442.0	21.0	327.0	]
Motif #3
total sequences 445
A	[ 59.0	50.0	43.0	46.0	408.0	0.0	0.0	110.0	34.0	71.0	112.0	136.0	66.0	360.0	0.0	0.0	163.0	]
C	[ 99.0	170.0	72.0	35.0	23.0	7.0	394.0	2.0	156.0	140.0	99.0	86.0	207.0	46.0	35.0	392.0	7.0	]
G	[ 58.0	91.0	6.0	-0.0	2.0	1.0	-0.0	7.0	112.0	57.0	107.0	70.0	105.0	3.0	12.0	21.0	0.0	]
T	[ 229.0	134.0	324.0	364.0	12.0	437.0	51.0	326.0	143.0	177.0	127.0	153.0	67.0	36.0	398.0	32.0	275.0	]
Motif #4
total sequences 259
A	[ 99.0	39.0	11.0	0.0	237.0	-0.0	3.0	4.0	80.0	46.0	93.0	63.0	]
C	[ 0.0	9.0	0.0	153.0	17.0	6.0	0.0	4.0	84.0	54.0	0.0	44.0	]
G	[ 1.0	41.0	102.0	0.0	0.0	0.0	0.0	0.0	59.0	2.0	0.0	21.0	]
T	[ 159.0	170.0	146.0	106.0	5.0	253.0	256.0	251.0	36.0	157.0	166.0	131.0	]
Motif #5
total sequences 259
A	[ 165.0	-0.0	214.0	1.0	14.0	-0.0	32.0	259.0	0.0	0.0	79.0	]
C	[ 14.0	-0.0	23.0	-0.0	112.0	45.0	3.0	-0.0	8.0	259.0	-0.0	]
G	[ 10.0	259.0	7.0	4.0	84.0	16.0	-0.0	-0.0	-0.0	0.0	9.0	]
T	[ 70.0	-0.0	15.0	254.0	49.0	198.0	224.0	0.0	251.0	-0.0	171.0	]
Motif #6
total sequences 239
A	[ 13.0	1.0	63.0	0.0	11.0	1.0	0.0	29.0	-0.0	31.0	33.0	0.0	]
C	[ 26.0	64.0	66.0	-0.0	-0.0	-0.0	-0.0	0.0	31.0	0.0	0.0	45.0	]
G	[ 109.0	84.0	0.0	29.0	182.0	-0.0	239.0	210.0	0.0	0.0	48.0	96.0	]
T	[ 91.0	90.0	110.0	210.0	46.0	238.0	-0.0	0.0	208.0	208.0	158.0	98.0	]
Motif #7
total sequences 144
A	[ 132.0	144.0	94.0	95.0	130.0	144.0	144.0	142.0	97.0	121.0	144.0	144.0	]
C	[ -0.0	0.0	-0.0	29.0	0.0	0.0	-0.0	-0.0	47.0	7.0	-0.0	0.0	]
G	[ -0.0	-0.0	50.0	10.0	14.0	0.0	0.0	2.0	0.0	16.0	0.0	-0.0	]
T	[ 12.0	-0.0	0.0	10.0	0.0	-0.0	0.0	-0.0	0.0	0.0	-0.0	0.0	]
Motif #8
total sequences 125
A	[ 21.0	19.0	7.0	2.0	10.0	28.0	12.0	17.0	33.0	8.0	19.0	15.0	-0.0	3.0	1.0	12.0	31.0	6.0	-0.0	-0.0	7.0	34.0	39.0	33.0	15.0	20.0	22.0	35.0	26.0	0.0	1.0	19.0	]
C	[ 33.0	33.0	37.0	55.0	50.0	72.0	63.0	76.0	25.0	50.0	83.0	53.0	79.0	68.0	75.0	91.0	28.0	78.0	93.0	89.0	106.0	51.0	63.0	68.0	82.0	105.0	63.0	39.0	48.0	99.0	93.0	27.0	]
G	[ 5.0	15.0	44.0	4.0	10.0	12.0	-0.0	4.0	12.0	26.0	3.0	13.0	4.0	14.0	6.0	-0.0	-0.0	4.0	1.0	-0.0	4.0	-0.0	14.0	9.0	0.0	-0.0	-0.0	6.0	19.0	10.0	5.0	5.0	]
T	[ 66.0	58.0	37.0	64.0	55.0	13.0	50.0	28.0	55.0	41.0	20.0	44.0	42.0	40.0	43.0	22.0	66.0	37.0	31.0	36.0	8.0	40.0	9.0	15.0	28.0	0.0	40.0	45.0	32.0	16.0	26.0	74.0	]
Motif #9
total sequences 80
A	[ 15.0	39.0	41.0	48.0	57.0	-0.0	80.0	4.0	0.0	79.0	57.0	3.0	12.0	14.0	0.0	16.0	]
C	[ 22.0	10.0	17.0	-0.0	0.0	53.0	-0.0	-0.0	-0.0	0.0	-0.0	0.0	7.0	1.0	-0.0	-0.0	]
G	[ 30.0	23.0	18.0	21.0	23.0	27.0	0.0	76.0	80.0	1.0	4.0	77.0	-0.0	40.0	65.0	45.0	]
T	[ 13.0	8.0	4.0	11.0	-0.0	0.0	-0.0	-0.0	0.0	-0.0	19.0	-0.0	61.0	25.0	15.0	19.0	]
Motif #10
total sequences 67
A	[ 10.0	7.0	-0.0	2.0	64.0	-0.0	0.0	5.0	5.0	15.0	23.0	9.0	67.0	-0.0	0.0	15.0	11.0	5.0	23.0	15.0	22.0	]
C	[ 22.0	33.0	14.0	0.0	0.0	1.0	67.0	6.0	32.0	18.0	13.0	37.0	0.0	0.0	67.0	-0.0	18.0	41.0	13.0	18.0	31.0	]
G	[ 8.0	14.0	0.0	0.0	3.0	-0.0	0.0	0.0	3.0	3.0	6.0	16.0	-0.0	0.0	0.0	0.0	20.0	11.0	-0.0	20.0	2.0	]
T	[ 27.0	13.0	53.0	65.0	0.0	66.0	-0.0	56.0	27.0	31.0	25.0	5.0	0.0	67.0	0.0	52.0	18.0	10.0	31.0	14.0	12.0	]
Motif #11
total sequences 51
A	[ 6.0	11.0	0.0	0.0	21.0	1.0	0.0	0.0	21.0	2.0	0.0	0.0	1.0	16.0	]
C	[ 21.0	0.0	51.0	51.0	30.0	23.0	51.0	0.0	0.0	11.0	0.0	0.0	1.0	13.0	]
G	[ 4.0	40.0	0.0	0.0	0.0	0.0	0.0	0.0	30.0	36.0	0.0	51.0	44.0	5.0	]
T	[ 20.0	0.0	0.0	0.0	0.0	27.0	0.0	51.0	0.0	2.0	51.0	0.0	5.0	17.0	]
Motif #12
total sequences 35
A	[ 2.0	13.0	16.0	15.0	20.0	23.0	18.0	23.0	19.0	35.0	30.0	18.0	19.0	35.0	31.0	31.0	4.0	31.0	33.0	28.0	14.0	18.0	35.0	30.0	17.0	24.0	20.0	22.0	24.0	18.0	30.0	24.0	15.0	13.0	18.0	18.0	10.0	11.0	]
C	[ 7.0	7.0	9.0	0.0	9.0	6.0	10.0	-0.0	6.0	0.0	5.0	10.0	16.0	0.0	4.0	4.0	31.0	3.0	2.0	6.0	18.0	17.0	0.0	5.0	17.0	8.0	15.0	7.0	1.0	9.0	2.0	8.0	11.0	18.0	9.0	5.0	10.0	15.0	]
G	[ 9.0	6.0	3.0	8.0	-0.0	6.0	5.0	4.0	4.0	0.0	0.0	6.0	0.0	0.0	0.0	0.0	0.0	0.0	0.0	0.0	2.0	0.0	0.0	-0.0	0.0	0.0	0.0	4.0	8.0	8.0	-0.0	0.0	4.0	-0.0	0.0	10.0	6.0	0.0	]
T	[ 17.0	9.0	7.0	12.0	6.0	-0.0	2.0	8.0	6.0	0.0	0.0	1.0	0.0	0.0	0.0	0.0	0.0	1.0	0.0	1.0	1.0	0.0	0.0	0.0	1.0	3.0	0.0	2.0	2.0	0.0	3.0	3.0	5.0	4.0	8.0	2.0	9.0	9.0	]
Motif #13
total sequences 31
A	[ 5.0	0.0	0.0	0.0	0.0	3.0	0.0	0.0	0.0	0.0	0.0	0.0	0.0	5.0	]
C	[ 1.0	0.0	0.0	0.0	0.0	4.0	0.0	0.0	0.0	4.0	0.0	0.0	0.0	2.0	]
G	[ 9.0	26.0	0.0	31.0	0.0	24.0	0.0	31.0	0.0	27.0	0.0	31.0	5.0	18.0	]
T	[ 16.0	5.0	31.0	0.0	31.0	0.0	31.0	0.0	31.0	0.0	31.0	0.0	26.0	6.0	]
Motif #14
total sequences 25
A	[ -0.0	4.0	24.0	25.0	25.0	20.0	25.0	25.0	25.0	22.0	25.0	25.0	]
C	[ -0.0	0.0	-0.0	-0.0	-0.0	-0.0	0.0	0.0	0.0	3.0	-0.0	0.0	]
G	[ 0.0	-0.0	1.0	-0.0	-0.0	4.0	-0.0	-0.0	-0.0	-0.0	-0.0	-0.0	]
T	[ 25.0	21.0	0.0	0.0	0.0	1.0	-0.0	-0.0	0.0	0.0	0.0	0.0	]
Motif #15
total sequences 22
A	[ 0.0	2.0	8.0	0.0	0.0	0.0	0.0	4.0	0.0	0.0	0.0	10.0	6.0	]
C	[ 0.0	18.0	9.0	0.0	22.0	0.0	0.0	0.0	0.0	0.0	15.0	0.0	5.0	]
G	[ 0.0	2.0	4.0	0.0	0.0	0.0	5.0	0.0	22.0	10.0	0.0	0.0	4.0	]
T	[ 22.0	0.0	1.0	22.0	0.0	22.0	17.0	18.0	0.0	12.0	7.0	12.0	7.0	]
Motif #1; total sequences 541; AGGAAgtgRNNN / NNNYcacTTCCT
Motif #2; total sequences 526; aGATAaNNATCt / aGATNNtTATCt
Motif #3; total sequences 445; tNtTATCtNNNNNATCt / aGATNNNNNaGATAaNa
Motif #4; total sequences 259; tttcATTTNttt / aaaNAAATgaaa
Motif #5; total sequences 259; aGATNtTATCt / aGATAaNATCt
Motif #6; total sequences 239; NNNTgTGGTTtN / NaAACCAcANNN
Motif #7; total sequences 144; AAaaAAAAaAAA / TTTtTTTTttTT
Motif #8; total sequences 125; tNNtNcccNNcNcccctcccCNcccCcNNcct / aggNNgGgggNGgggaggggNgNNgggNaNNa
Motif #9; total sequences 80; NNaaacAGGAaGtNGg / cCNaCtTCCTgtttNN
Motif #10; total sequences 67; NNtTATCTNNNcATCtNcNNN / NNNgNaGATgNNNAGATAaNN
Motif #11; total sequences 51; NgCCctCTggTGGN / NCCAccAGagGGcN
Motif #12; total sequences 35; NNNNaaaaaAAaaAAACAAacaAAMaaaaaAaNcaaNN / NNttgNtTtttttKTTtgtTTGTTTttTTtttttNNNN
Motif #13; total sequences 31; tGTGTgTGTGTGTg / cACACACAcACACa
Motif #14; total sequences 25; TTAAAaAAAAAA / TTTTTTtTTTAA
Motif #15; total sequences 22; TCNTCTtTGtctN / NagaCAaAGANGA

Full posterior for run 2 is 18002.233927
