1	chr1:9929134-9929463	1	-194	NA	NA	NA	273	NA	
2	chr1:13147608-13147885	1	-175	NA	NA	NA	NA	NA	
3	chr1:16213243-16213581	1	173	NA	NA	NA	-62	NA	
4	chr1:36706194-36706628	1	-59	NA	NA	154	NA	NA	
5	chr1:37374560-37374990	1	72	-416	NA	NA	NA	NA	
6	chr1:44066774-44067225	1	-183	NA	NA	98	NA	NA	
7	chr1:48826053-48826244	2	NA	NA	NA	NA	NA	NA	
8	chr1:51422667-51423113	2	NA	NA	NA	NA	NA	NA	
9	chr1:51529362-51529858	2	NA	NA	NA	NA	NA	NA	
10	chr1:52789342-52789659	1	-144	NA	NA	NA	25	NA	
11	chr1:53735937-53736287	1	116	-322	NA	NA	NA	NA	
12	chr1:53795914-53796239	1	93	-158	NA	NA	-56	NA	
13	chr1:54786424-54786744	1	-76	NA	NA	166	NA	NA	
14	chr1:55075461-55076145	1	341	NA	NA	NA	NA	NA	
15	chr1:58248282-58248551	1	7	74	NA	NA	NA	NA	
16	chr1:62809902-62810351	1	171	NA	NA	NA	NA	NA	
17	chr1:63048302-63048770	1	31	NA	NA	NA	NA	NA	
18	chr1:64056024-64056657	1	-515	NA	NA	NA	NA	NA	
19	chr1:64466157-64466627	1	-299	NA	NA	NA	NA	NA	
20	chr1:64731523-64731869	1	189	NA	NA	NA	323	NA	
21	chr1:65120861-65121169	2	NA	NA	NA	NA	NA	NA	
22	chr1:74169482-74169912	2	NA	NA	NA	NA	NA	NA	
23	chr1:88017874-88018193	1	247	NA	NA	NA	NA	NA	
24	chr1:89586959-89587292	1	60	NA	NA	NA	NA	NA	
25	chr1:90108341-90109036	1	441	NA	NA	NA	NA	NA	
26	chr1:92433636-92434009	3	NA	NA	NA	NA	-282	NA	
27	chr1:93289823-93290190	1	125	NA	NA	NA	NA	NA	
28	chr1:93894733-93895095	1	-173	157	NA	NA	NA	NA	
29	chr1:95584957-95585561	3	NA	NA	338	NA	NA	NA	
30	chr1:95634100-95634360	1	-156	-144	NA	NA	NA	NA	
31	chr1:124184601-124184929	2	NA	NA	NA	NA	NA	NA	
32	chr1:127262950-127263636	1	321	511	282	NA	-619	263	
33	chr1:129453121-129453436	1	165	-145	NA	NA	NA	NA	
34	chr1:130439331-130439625	1	242	222	NA	NA	NA	NA	
35	chr1:130594423-130594860	1	-266	NA	NA	NA	NA	NA	
36	chr1:132853427-132853831	1	-239	NA	NA	NA	NA	NA	
37	chr1:133177192-133177533	1	-140	NA	NA	NA	NA	NA	
38	chr1:134857401-134857637	1	70	NA	NA	NA	NA	NA	
39	chr1:134958689-134959185	1	-270	83	NA	NA	NA	NA	
40	chr1:135437679-135437981	1	-155	NA	NA	NA	NA	NA	
41	chr1:135506373-135506729	1	-185	NA	NA	-143	NA	NA	
42	chr1:136231684-136232007	1	193	NA	-72	NA	NA	NA	
43	chr1:137475944-137476229	1	-171	NA	NA	NA	-124	NA	
44	chr1:146092500-146092923	1	305	52	NA	NA	NA	NA	
45	chr1:154016100-154016487	1	-210	NA	NA	NA	NA	NA	
46	chr1:154665084-154665488	1	237	NA	NA	NA	NA	NA	
47	chr1:154847298-154847840	1	259	NA	NA	NA	-79	NA	
48	chr1:162049576-162049910	1	49	NA	NA	NA	NA	-228	
49	chr1:163233132-163233395	1	-71	NA	NA	NA	NA	NA	
50	chr1:163603114-163603649	3	NA	NA	424	-334	NA	NA	
51	chr1:165972005-165972458	1	134	NA	NA	NA	NA	NA	
52	chr1:167695078-167696923	1	232	NA	NA	NA	400	829	
53	chr1:172011810-172012077	1	247	128	NA	NA	NA	NA	
54	chr1:173225379-173225780	1	-240	NA	NA	NA	NA	NA	
55	chr1:174212915-174213280	1	-302	NA	NA	NA	NA	NA	
56	chr1:174349675-174349991	1	-174	282	NA	NA	NA	NA	
57	chr1:180242826-180243240	1	-23	233	315	NA	NA	NA	
58	chr1:181382831-181383268	1	230	NA	NA	NA	NA	NA	
59	chr1:182192895-182193206	1	254	NA	120	NA	NA	NA	
60	chr1:182777455-182777846	2	NA	NA	NA	NA	NA	NA	
61	chr1:184376940-184377311	1	-163	-200	NA	NA	NA	NA	
62	chr1:194874164-194874627	1	-10	NA	NA	NA	NA	NA	
63	chr1:196695859-196696277	1	213	NA	NA	282	NA	NA	
64	chr1:196942268-196942662	2	NA	NA	NA	NA	NA	NA	
65	chr10:7229379-7229659	2	NA	NA	NA	NA	NA	NA	
66	chr10:7646322-7646843	1	-389	NA	NA	NA	222	NA	
67	chr10:7904190-7904487	1	-195	NA	-234	NA	NA	NA	
68	chr10:9874621-9874979	1	246	NA	NA	NA	131	NA	
69	chr10:10839483-10839808	1	148	NA	NA	NA	-217	NA	
70	chr10:13673113-13673705	1	155	NA	NA	-418	NA	NA	
71	chr10:14395444-14395799	1	256	NA	-26	NA	NA	NA	
72	chr10:18793964-18794422	1	-245	NA	NA	NA	NA	NA	
73	chr10:19596738-19597057	2	NA	NA	NA	NA	NA	NA	
74	chr10:20886008-20886327	1	127	NA	NA	NA	NA	NA	
75	chr10:21595151-21595342	1	-94	NA	NA	NA	NA	NA	
76	chr10:21665667-21666045	1	243	184	NA	NA	NA	NA	
77	chr10:21832108-21832449	2	NA	NA	NA	NA	NA	NA	
78	chr10:22420618-22421142	1	230	NA	-322	NA	NA	NA	
79	chr10:26210285-26210619	1	-189	NA	NA	NA	NA	NA	
80	chr10:28283305-28283702	1	96	NA	NA	NA	NA	NA	
81	chr10:29889842-29890189	1	-195	-176	NA	NA	NA	NA	
82	chr10:33862102-33862496	1	95	NA	NA	NA	NA	NA	
83	chr10:39091926-39092383	1	177	153	NA	NA	NA	NA	
84	chr10:42586029-42586382	1	-169	NA	NA	NA	NA	NA	
85	chr10:43229277-43229517	1	147	NA	NA	NA	NA	NA	
86	chr10:57523574-57523765	3	NA	NA	NA	159	NA	NA	
87	chr10:57842111-57842410	2	NA	NA	NA	NA	NA	NA	
88	chr10:58616937-58617392	1	-258	NA	NA	NA	NA	NA	
89	chr10:59292226-59292604	1	164	320	NA	NA	NA	NA	
90	chr10:59369564-59370028	1	185	NA	NA	NA	NA	NA	
91	chr10:60670926-60671385	1	278	NA	NA	NA	NA	NA	
92	chr10:61301744-61302000	1	-175	NA	NA	NA	-240	NA	
93	chr10:61506230-61506488	1	-146	NA	NA	NA	NA	NA	
94	chr10:61938945-61939351	1	107	338	NA	NA	NA	NA	
95	chr10:66259879-66260253	1	62	219	NA	NA	NA	NA	
96	chr10:66464364-66464653	1	-132	NA	NA	NA	NA	NA	
97	chr10:75009124-75009597	1	-364	NA	NA	NA	NA	NA	
98	chr10:75750389-75750761	1	-241	NA	NA	NA	NA	NA	
99	chr10:75912440-75912715	1	-144	NA	NA	NA	NA	NA	
100	chr10:76702785-76703211	1	-227	NA	NA	NA	NA	NA	
101	chr10:77563905-77564276	1	140	161	NA	NA	NA	NA	
102	chr10:77647659-77647927	1	136	NA	NA	NA	NA	NA	
103	chr10:77701067-77701568	1	-399	NA	-289	NA	NA	NA	
104	chr10:80006199-80006455	1	168	NA	NA	NA	-24	NA	
105	chr10:80530601-80530994	1	-198	NA	232	NA	NA	NA	
106	chr10:80732337-80732731	1	-212	NA	NA	NA	NA	NA	
107	chr10:81030626-81030922	1	-96	NA	-157	NA	NA	NA	
108	chr10:82973601-82973997	1	-16	194	-134	NA	NA	NA	
109	chr10:87819384-87819747	1	163	NA	NA	NA	NA	NA	
110	chr10:87850568-87850798	1	105	66	NA	NA	NA	NA	
111	chr10:92511386-92511646	2	NA	NA	NA	NA	NA	NA	
112	chr10:92554042-92554357	1	-244	NA	NA	NA	299	NA	
113	chr10:95611052-95611384	2	NA	NA	NA	NA	NA	NA	
114	chr10:95800720-95801075	1	102	NA	NA	NA	NA	NA	
115	chr10:98698415-98698875	1	-244	NA	NA	NA	NA	NA	
116	chr10:105245268-105245716	1	-213	NA	-110	NA	NA	NA	
117	chr10:112332741-112333261	1	352	NA	NA	NA	387	NA	
118	chr10:117873519-117874002	1	393	291	NA	NA	-331	NA	
119	chr10:120019780-120020109	1	103	NA	NA	-25	NA	NA	
120	chr10:122218109-122218453	1	233	203	NA	NA	NA	NA	
121	chr10:126783394-126783664	1	-114	NA	NA	NA	NA	NA	
122	chr10:127901632-127901888	1	103	-209	NA	NA	NA	NA	
123	chr11:3081093-3081681	2	NA	NA	NA	NA	NA	NA	
124	chr11:4168476-4168925	2	NA	NA	NA	NA	NA	NA	
125	chr11:4189267-4189733	1	-22	NA	NA	NA	NA	NA	
126	chr11:5737620-5737839	1	-155	NA	NA	NA	NA	NA	
127	chr11:6100004-6100324	1	191	NA	NA	NA	NA	NA	
128	chr11:6375999-6376260	2	NA	NA	NA	NA	NA	NA	
129	chr11:6446682-6447028	1	-170	NA	-121	NA	NA	NA	
130	chr11:17059071-17059493	1	-23	NA	NA	NA	NA	NA	
131	chr11:23397682-23397984	2	NA	NA	NA	NA	NA	NA	
132	chr11:23746496-23746815	1	-68	NA	NA	NA	91	NA	
133	chr11:30671581-30671871	1	-139	-74	NA	NA	NA	NA	
134	chr11:30854295-30854576	1	82	NA	NA	NA	52	NA	
135	chr11:32482833-32483189	1	175	NA	NA	NA	NA	NA	
136	chr11:33964037-33964473	1	204	NA	NA	NA	NA	NA	
137	chr11:44313554-44314231	1	-358	400	NA	NA	NA	NA	
138	chr11:45798797-45799050	1	-37	NA	NA	NA	NA	NA	
139	chr11:46519262-46519433	2	NA	NA	NA	NA	NA	NA	
140	chr11:48660309-48660930	1	514	NA	185	-210	-268	NA	
141	chr11:49046648-49047096	1	-4	-145	NA	NA	NA	NA	
142	chr11:53143851-53144327	1	296	NA	NA	NA	-154	NA	
143	chr11:53607105-53607514	3	NA	NA	197	NA	-134	NA	
144	chr11:54365799-54366307	1	-316	NA	NA	NA	395	NA	
145	chr11:54866480-54866837	1	-164	NA	NA	NA	-49	NA	
146	chr11:57485668-57486087	1	266	NA	NA	NA	43	NA	
147	chr11:58683169-58683654	1	213	NA	NA	NA	NA	-235	
148	chr11:58979563-58979947	1	-22	NA	NA	NA	NA	-315	
149	chr11:60729867-60730199	1	-129	NA	NA	NA	NA	NA	
150	chr11:60751571-60751818	1	147	NA	NA	NA	NA	NA	
151	chr11:61418946-61419385	1	205	-166	NA	-77	NA	NA	
152	chr11:62001120-62001395	1	161	13	NA	NA	NA	NA	
153	chr11:63791454-63791866	1	171	NA	NA	NA	NA	NA	
154	chr11:66868651-66869013	1	-191	NA	NA	NA	NA	NA	
155	chr11:69710896-69711202	1	-151	NA	NA	NA	-134	NA	
156	chr11:70485350-70485652	1	-185	NA	272	NA	NA	-118	
157	chr11:70580380-70580925	1	-248	NA	NA	NA	-127	NA	
158	chr11:72954475-72954709	1	-99	NA	NA	NA	NA	NA	
159	chr11:74372174-74372590	1	252	NA	NA	NA	NA	NA	
160	chr11:75495309-75495677	1	158	NA	NA	NA	NA	NA	
161	chr11:75752035-75752351	1	135	-110	NA	NA	NA	NA	
162	chr11:76550809-76551118	1	153	NA	NA	NA	NA	NA	
163	chr11:77202452-77202810	1	203	NA	NA	48	NA	NA	
164	chr11:81999475-81999841	1	158	19	NA	NA	NA	NA	
165	chr11:82894300-82894582	1	-174	73	NA	NA	NA	NA	
166	chr11:83115074-83115380	1	136	NA	NA	NA	NA	NA	
167	chr11:83780492-83780746	1	-121	NA	NA	NA	NA	174	
168	chr11:84645146-84645531	1	-250	4	NA	NA	NA	NA	
169	chr11:86573461-86574399	1	553	-521	571	NA	NA	NA	
170	chr11:87259598-87259876	2	NA	NA	NA	NA	NA	NA	
171	chr11:87408201-87408572	1	-193	-278	-75	NA	NA	NA	
172	chr11:87575257-87576027	3	NA	-630	-661	NA	NA	NA	
173	chr11:87624444-87624781	1	319	NA	NA	NA	NA	NA	
174	chr11:87669224-87669695	1	417	NA	NA	NA	-36	NA	
175	chr11:88020423-88020769	1	171	NA	NA	NA	17	NA	
176	chr11:94365100-94365417	1	-197	NA	-173	NA	NA	NA	
177	chr11:94445752-94446045	1	-108	NA	NA	NA	NA	NA	
178	chr11:94806902-94807207	1	-90	NA	NA	NA	NA	NA	
179	chr11:95621168-95621376	1	155	-108	NA	NA	NA	NA	
180	chr11:96257636-96258036	1	-255	NA	NA	NA	NA	NA	
181	chr11:96593571-96593933	1	-214	NA	NA	NA	NA	NA	
182	chr11:97476242-97476515	1	189	NA	NA	NA	NA	NA	
183	chr11:97641234-97641567	1	204	NA	NA	247	NA	NA	
184	chr11:97771273-97771648	1	-145	NA	NA	NA	NA	NA	
185	chr11:98216245-98216604	1	-305	NA	-46	NA	NA	NA	
186	chr11:98498594-98498830	2	NA	NA	NA	NA	NA	NA	
187	chr11:98757865-98758421	1	450	NA	NA	429	NA	NA	
188	chr11:101474516-101474753	2	NA	NA	NA	NA	NA	NA	
189	chr11:102990988-102991560	1	-360	NA	NA	NA	NA	NA	
190	chr11:105882667-105883036	1	209	NA	NA	NA	NA	NA	
191	chr11:106204070-106204388	1	153	93	NA	NA	NA	NA	
192	chr11:106843857-106844239	1	202	NA	NA	NA	NA	NA	
193	chr11:107233230-107233635	1	44	-93	NA	-284	NA	NA	
194	chr11:107295448-107295804	1	149	NA	46	NA	NA	NA	
195	chr11:108827667-108828199	2	NA	NA	NA	NA	NA	NA	
196	chr11:109242064-109242405	1	205	128	NA	NA	-54	NA	
197	chr11:109248535-109248922	1	-184	NA	NA	-247	NA	NA	
198	chr11:109466873-109467318	1	154	NA	NA	NA	NA	371	
199	chr11:109676249-109676626	1	190	NA	NA	NA	NA	NA	
200	chr11:113500012-113500330	1	131	NA	34	NA	NA	NA	
201	chr11:114370164-114370361	1	-116	NA	NA	NA	104	NA	
202	chr11:114989797-114990048	1	-110	NA	NA	NA	NA	NA	
203	chr11:116122736-116123087	1	101	216	113	NA	NA	NA	
204	chr11:116659197-116659851	1	481	NA	NA	NA	NA	NA	
205	chr11:117648547-117648958	1	-241	166	NA	NA	NA	NA	
206	chr11:117802734-117803120	1	-209	NA	NA	NA	NA	NA	
207	chr11:119307261-119307628	1	-194	288	NA	NA	NA	NA	
208	chr11:119741362-119741645	1	-89	-106	NA	NA	NA	NA	
209	chr11:119958630-119958999	1	-133	NA	NA	225	96	NA	
210	chr11:120300533-120300989	1	-364	NA	NA	NA	-434	NA	
211	chr11:120389112-120389786	1	418	NA	-312	NA	NA	NA	
212	chr11:120488921-120489354	1	-132	NA	144	NA	NA	NA	
213	chr11:120835587-120835951	2	NA	NA	NA	NA	NA	NA	
214	chr11:121170260-121170646	1	-213	NA	NA	NA	NA	NA	
215	chr12:3109868-3110193	2	NA	NA	NA	NA	NA	NA	
216	chr12:3426617-3426951	1	-136	-82	-149	NA	NA	NA	
217	chr12:3959864-3960246	1	151	NA	NA	89	NA	NA	
218	chr12:8547447-8547819	1	201	-144	NA	NA	NA	NA	
219	chr12:16557847-16558206	1	-236	-198	NA	NA	NA	NA	
220	chr12:17373698-17374097	1	-203	6	-259	NA	NA	NA	
221	chr12:17742809-17743037	1	103	NA	NA	NA	185	NA	
222	chr12:21472854-21473145	2	NA	NA	NA	NA	NA	NA	
223	chr12:21619925-21620343	1	-141	NA	NA	NA	NA	NA	
224	chr12:25902263-25902610	2	NA	NA	NA	NA	NA	NA	
225	chr12:26041968-26042232	1	-47	19	NA	NA	NA	NA	
226	chr12:32964051-32964645	1	433	NA	NA	NA	NA	NA	
227	chr12:33539625-33539960	1	219	NA	NA	NA	NA	NA	
228	chr12:56316649-56317009	1	-279	NA	NA	-250	NA	NA	
229	chr12:59979289-59979625	1	208	NA	NA	NA	NA	NA	
230	chr12:60049334-60049635	2	NA	NA	NA	NA	NA	NA	
231	chr12:70115532-70116004	2	NA	NA	NA	NA	NA	NA	
232	chr12:70341440-70341780	1	210	NA	NA	NA	-34	NA	
233	chr12:71137729-71138094	1	-223	NA	NA	NA	-193	NA	
234	chr12:71371465-71371864	1	-243	NA	-288	NA	NA	NA	
235	chr12:73583389-73583774	1	119	NA	NA	NA	NA	NA	
236	chr12:73762968-73763514	1	243	412	NA	NA	NA	NA	
237	chr12:77005356-77005695	1	178	-325	NA	NA	NA	NA	
238	chr12:77014214-77014432	1	101	NA	NA	NA	NA	NA	
239	chr12:77456242-77456648	1	-232	NA	99	NA	NA	NA	
240	chr12:78707167-78707551	1	233	142	NA	-91	NA	NA	
241	chr12:79899571-79899837	1	75	-145	NA	NA	NA	NA	
242	chr12:81034405-81034825	1	238	NA	NA	NA	NA	NA	
243	chr12:83127554-83127892	1	164	NA	NA	NA	NA	NA	
244	chr12:84521834-84522194	1	-151	NA	NA	NA	NA	NA	
245	chr12:85065458-85065785	1	206	-14	NA	NA	NA	NA	
246	chr12:85999740-86000021	1	193	NA	NA	NA	NA	NA	
247	chr12:86549995-86550400	1	-221	NA	-10	NA	NA	NA	
248	chr12:87130727-87131164	1	-235	NA	NA	NA	NA	NA	
249	chr12:98973291-98973632	1	206	NA	NA	NA	NA	NA	
250	chr12:100285291-100285750	1	-191	NA	NA	NA	NA	NA	
251	chr12:102703390-102703672	1	164	116	NA	NA	NA	NA	
252	chr12:102870056-102870330	1	-109	NA	NA	NA	NA	NA	
253	chr12:105402022-105402280	1	182	74	NA	NA	NA	NA	
254	chr12:108440885-108441243	1	152	NA	19	NA	NA	NA	
255	chr12:111439275-111439618	1	-186	NA	310	NA	NA	NA	
256	chr12:112139095-112139405	1	-185	NA	NA	NA	NA	NA	
257	chr12:113270953-113271355	2	NA	NA	NA	NA	NA	NA	
258	chr12:113497615-113498012	1	206	NA	NA	175	NA	NA	
259	chr12:113616035-113616344	1	95	NA	NA	NA	NA	NA	
260	chr12:115705625-115706006	1	-160	NA	NA	NA	NA	NA	
261	chr13:3372098-3372547	2	NA	NA	NA	NA	NA	NA	
262	chr13:5844887-5845226	1	-207	-144	-221	NA	NA	NA	
263	chr13:5912532-5912831	1	124	NA	NA	NA	NA	NA	
264	chr13:9010876-9011173	2	NA	NA	NA	NA	NA	NA	
265	chr13:9011308-9011480	2	NA	NA	NA	NA	NA	NA	
266	chr13:13356648-13357015	1	224	NA	NA	NA	NA	NA	
267	chr13:17589958-17590517	2	NA	NA	NA	NA	NA	NA	
268	chr13:19146562-19146976	1	-205	401	NA	NA	NA	NA	
269	chr13:19189739-19190126	1	131	NA	NA	NA	NA	NA	
270	chr13:23628945-23629625	2	NA	NA	NA	NA	NA	NA	
271	chr13:23746149-23746750	1	433	NA	NA	NA	NA	NA	
272	chr13:30981309-30981617	2	NA	NA	NA	NA	NA	NA	
273	chr13:33079387-33079806	1	-183	NA	NA	NA	NA	NA	
274	chr13:37627316-37627643	1	-6	NA	NA	NA	NA	NA	
275	chr13:38044602-38044895	1	106	NA	NA	NA	NA	NA	
276	chr13:41497908-41498558	1	471	-389	176	-149	NA	NA	
277	chr13:43261648-43262069	1	-58	NA	195	NA	NA	NA	
278	chr13:43491877-43492445	2	NA	NA	NA	NA	NA	NA	
279	chr13:45660210-45660474	1	-91	NA	NA	NA	NA	NA	
280	chr13:46350869-46351236	2	NA	NA	NA	NA	NA	NA	
281	chr13:46941794-46942014	1	155	NA	NA	NA	NA	NA	
282	chr13:49432869-49433426	1	-249	NA	NA	NA	NA	NA	
283	chr13:51663863-51664408	1	282	NA	NA	NA	NA	NA	
284	chr13:52038799-52039271	1	-163	NA	NA	NA	NA	NA	
285	chr13:53001446-53001762	2	NA	NA	NA	NA	NA	NA	
286	chr13:54219572-54219900	1	-146	NA	NA	-90	NA	NA	
287	chr13:54631328-54631584	1	-56	NA	NA	NA	NA	130	
288	chr13:54703265-54703799	1	325	NA	-304	NA	NA	NA	
289	chr13:55644435-55644794	1	192	NA	NA	NA	NA	NA	
290	chr13:59779390-59779767	1	-180	NA	42	NA	NA	NA	
291	chr13:59832485-59833052	1	239	NA	NA	NA	NA	NA	
292	chr13:74069861-74070204	1	169	234	NA	NA	NA	NA	
293	chr13:74674547-74674872	1	166	NA	NA	NA	NA	NA	
294	chr13:74783072-74783400	1	-52	NA	NA	NA	NA	NA	
295	chr13:76484340-76484712	1	-213	NA	331	NA	NA	NA	
296	chr13:77902386-77902654	2	NA	NA	NA	NA	NA	NA	
297	chr13:84695233-84695639	1	-75	NA	44	NA	NA	NA	
298	chr13:85662364-85662722	2	NA	NA	NA	NA	NA	NA	
299	chr13:85762177-85762648	1	137	-101	-323	NA	NA	NA	
300	chr13:92015262-92015580	1	-38	NA	NA	NA	NA	NA	
301	chr13:94194560-94195370	1	525	586	NA	NA	NA	NA	
302	chr13:94694066-94694424	1	204	NA	NA	245	NA	NA	
303	chr13:96475877-96476215	1	-216	NA	NA	NA	NA	NA	
304	chr13:96719033-96719441	2	NA	NA	NA	NA	NA	NA	
305	chr13:97587937-97588260	1	26	NA	NA	NA	NA	NA	
306	chr13:98057190-98057583	2	NA	NA	NA	NA	NA	NA	
307	chr13:98291174-98291397	2	NA	NA	NA	NA	NA	NA	
308	chr13:98542521-98542997	1	-210	NA	NA	NA	326	NA	
309	chr13:100444655-100445054	1	236	NA	NA	NA	NA	300	
310	chr13:102640629-102640978	1	224	-277	265	124	NA	NA	
311	chr13:113184529-113184925	3	NA	NA	NA	NA	-305	NA	
312	chr14:6564338-6564765	2	NA	NA	NA	NA	NA	NA	
313	chr14:17458846-17459125	1	-92	NA	NA	NA	NA	NA	
314	chr14:18797131-18797334	1	-93	NA	NA	NA	NA	NA	
315	chr14:18873370-18873951	1	-55	NA	-128	NA	NA	NA	
316	chr14:19334466-19334896	1	-166	NA	NA	NA	NA	NA	
317	chr14:23995007-23995499	1	320	52	NA	NA	NA	NA	
318	chr14:24350367-24350756	1	259	172	NA	NA	NA	NA	
319	chr14:29780113-29780507	1	-151	NA	NA	NA	NA	NA	
320	chr14:30080010-30080647	1	88	NA	NA	NA	-59	NA	
321	chr14:30264915-30265312	1	-193	NA	NA	NA	NA	NA	
322	chr14:30323949-30324279	1	82	NA	NA	NA	NA	NA	
323	chr14:30360742-30361246	1	-211	NA	NA	NA	NA	NA	
324	chr14:31030857-31031127	1	-82	NA	NA	NA	7	NA	
325	chr14:39187452-39187907	2	NA	NA	NA	NA	NA	NA	
326	chr14:45743745-45744086	1	308	NA	70	NA	NA	NA	
327	chr14:47368103-47368552	1	-207	32	NA	NA	154	NA	
328	chr14:47988136-47988577	1	-215	NA	NA	NA	NA	NA	
329	chr14:49986762-49987052	3	NA	NA	NA	130	109	NA	
330	chr14:53191300-53191679	1	-280	242	NA	NA	NA	NA	
331	chr14:53380906-53381284	1	206	-139	NA	157	NA	NA	
332	chr14:53472770-53473266	1	-232	NA	NA	NA	NA	NA	
333	chr14:56953219-56953479	1	77	NA	NA	NA	NA	-122	
334	chr14:58394881-58395326	1	269	NA	NA	NA	NA	NA	
335	chr14:59620370-59620732	1	265	NA	NA	-128	NA	NA	
336	chr14:60543836-60544139	1	85	NA	NA	NA	NA	NA	
337	chr14:68791971-68792432	1	-206	NA	405	-341	NA	NA	
338	chr14:68888470-68889015	1	-436	NA	NA	NA	NA	NA	
339	chr14:68894725-68895157	1	-179	NA	NA	NA	NA	NA	
340	chr14:69068719-69069090	1	244	NA	NA	NA	325	NA	
341	chr14:69394176-69394499	1	252	NA	NA	NA	NA	NA	
342	chr14:71622840-71623190	1	118	NA	NA	NA	NA	NA	
343	chr14:72119196-72119486	1	240	NA	NA	NA	72	NA	
344	chr14:73581757-73582142	2	NA	NA	NA	NA	NA	NA	
345	chr14:73961635-73961961	1	-184	120	NA	NA	NA	NA	
346	chr14:75290626-75290980	1	-218	NA	NA	NA	NA	NA	
347	chr14:85568486-85568768	2	NA	NA	NA	NA	NA	NA	
348	chr14:103408156-103408456	1	-254	NA	NA	NA	NA	NA	
349	chr14:104144298-104144695	1	-182	NA	NA	NA	NA	NA	
350	chr14:117557282-117557508	1	-110	NA	NA	NA	NA	NA	
351	chr14:119540380-119540681	1	194	NA	NA	NA	NA	NA	
352	chr14:120300015-120300392	1	221	350	NA	NA	NA	NA	
353	chr14:120613172-120613742	1	-473	490	NA	-190	-351	NA	
354	chr14:122048134-122048440	1	-190	NA	NA	NA	NA	NA	
355	chr15:5055595-5055823	1	-144	170	NA	NA	NA	NA	
356	chr15:5063455-5064059	1	-381	445	NA	-140	NA	NA	
357	chr15:9452510-9453073	1	-126	NA	NA	NA	NA	NA	
358	chr15:10430574-10430981	1	71	-334	NA	NA	NA	NA	
359	chr15:12369044-12369370	1	-79	NA	NA	NA	NA	NA	
360	chr15:30555193-30555561	1	-143	NA	NA	NA	NA	NA	
361	chr15:31475601-31475922	1	98	NA	NA	NA	NA	NA	
362	chr15:36159179-36159767	1	-242	301	-533	NA	-518	NA	
363	chr15:36507398-36507772	1	-113	-150	NA	NA	NA	NA	
364	chr15:38942547-38943066	1	143	NA	254	NA	NA	NA	
365	chr15:51566728-51567106	1	-194	NA	NA	NA	-207	NA	
366	chr15:58763693-58764037	1	-119	NA	NA	144	161	NA	
367	chr15:59949635-59949996	1	-49	198	NA	180	NA	NA	
368	chr15:62007463-62007778	1	33	NA	NA	96	NA	NA	
369	chr15:65556659-65557070	1	-214	NA	NA	NA	NA	NA	
370	chr15:66274940-66275317	1	-332	NA	NA	NA	NA	NA	
371	chr15:72692746-72693051	1	-178	NA	NA	-14	NA	NA	
372	chr15:74913327-74913858	2	NA	NA	NA	NA	NA	NA	
373	chr15:74913893-74914367	1	-265	-119	NA	NA	NA	198	
374	chr15:75768160-75768435	1	141	NA	NA	NA	NA	NA	
375	chr15:75896861-75897313	1	254	NA	NA	NA	NA	NA	
376	chr15:75907658-75908298	1	-239	NA	202	NA	NA	-462	
377	chr15:77560579-77560885	1	29	-176	NA	NA	NA	NA	
378	chr15:78391189-78391604	3	NA	NA	-267	NA	-201	NA	
379	chr15:78662453-78662835	1	-290	144	NA	NA	NA	NA	
380	chr15:79566562-79566969	1	229	NA	NA	NA	NA	NA	
381	chr15:79783791-79784090	1	-1	151	NA	NA	NA	NA	
382	chr15:80508687-80508881	1	-100	NA	NA	127	NA	NA	
383	chr15:80524771-80525188	1	-132	NA	NA	243	NA	NA	
384	chr15:80642117-80642480	1	-140	NA	NA	NA	NA	NA	
385	chr15:81128448-81128788	2	NA	NA	NA	NA	NA	NA	
386	chr15:84513276-84513555	1	122	NA	NA	NA	NA	NA	
387	chr15:85005449-85005622	1	13	NA	NA	NA	NA	NA	
388	chr15:85078143-85078585	1	-342	NA	NA	NA	NA	NA	
389	chr15:93226323-93226619	1	-41	NA	NA	NA	NA	NA	
390	chr15:96537510-96537767	1	-152	NA	-230	NA	NA	NA	
391	chr15:98590997-98591395	1	-179	NA	NA	NA	NA	NA	
392	chr15:98659299-98659761	1	228	NA	NA	NA	NA	NA	
393	chr15:99160911-99161261	1	217	-88	NA	258	72	NA	
394	chr15:100534272-100534678	1	-233	NA	NA	NA	NA	NA	
395	chr15:100733055-100733483	1	-147	NA	NA	-337	-194	NA	
396	chr15:101216267-101216527	1	-65	NA	NA	NA	NA	NA	
397	chr15:102053135-102053582	1	-252	NA	NA	NA	NA	NA	
398	chr15:102178649-102178968	1	-137	278	NA	NA	NA	NA	
399	chr16:3891614-3891914	1	175	NA	NA	250	NA	NA	
400	chr16:4589280-4589655	1	228	NA	NA	NA	-211	NA	
401	chr16:11362141-11362609	1	-283	NA	NA	NA	NA	NA	
402	chr16:13694156-13694486	1	112	NA	-125	NA	NA	NA	
403	chr16:13758672-13758958	1	-184	NA	NA	126	NA	-226	
404	chr16:20430400-20430802	1	-115	NA	-68	NA	NA	NA	
405	chr16:21247215-21247523	1	131	NA	NA	NA	NA	151	
406	chr16:23022475-23022942	1	109	NA	NA	NA	NA	NA	
407	chr16:30107655-30108016	1	-111	NA	NA	NA	NA	NA	
408	chr16:31120810-31121111	1	125	NA	NA	NA	NA	NA	
409	chr16:31868081-31868505	1	243	NA	NA	NA	NA	NA	
410	chr16:32027390-32027752	1	189	NA	NA	NA	NA	NA	
411	chr16:32049922-32050291	1	-147	-271	NA	NA	NA	NA	
412	chr16:32570734-32571171	1	227	NA	NA	NA	NA	NA	
413	chr16:32972823-32973183	2	NA	NA	NA	NA	NA	NA	
414	chr16:33671408-33671757	1	168	NA	NA	NA	NA	NA	
415	chr16:35689947-35690290	1	-331	NA	NA	NA	NA	NA	
416	chr16:35901270-35901571	2	NA	NA	NA	NA	NA	NA	
417	chr16:36396166-36396445	1	-207	NA	NA	147	NA	NA	
418	chr16:38481985-38482262	3	NA	NA	NA	135	-205	NA	
419	chr16:44665142-44665558	1	-123	NA	-208	NA	NA	NA	
420	chr16:46039399-46039760	1	-178	NA	NA	NA	NA	NA	
421	chr16:50291899-50292295	1	-199	NA	NA	NA	NA	NA	
422	chr16:55962562-55962894	1	-196	NA	NA	NA	NA	NA	
423	chr16:57392523-57392842	1	128	NA	NA	NA	NA	NA	
424	chr16:58440929-58441277	1	-171	NA	NA	NA	NA	NA	
425	chr16:84617775-84618105	2	NA	NA	NA	NA	NA	NA	
426	chr16:84717345-84717684	1	-191	NA	NA	NA	NA	-300	
427	chr16:87384938-87385264	1	154	NA	NA	NA	NA	NA	
428	chr16:91423376-91423656	2	NA	NA	NA	NA	NA	NA	
429	chr16:91678674-91679054	2	NA	NA	NA	NA	NA	NA	
430	chr16:91714667-91715031	1	185	NA	NA	NA	NA	NA	
431	chr16:92533635-92534006	1	-69	-92	NA	NA	NA	NA	
432	chr16:93720556-93720929	1	-197	NA	NA	NA	NA	289	
433	chr16:94635196-94635689	3	NA	NA	-145	NA	NA	NA	
434	chr16:96089871-96090149	2	NA	NA	NA	NA	NA	NA	
435	chr16:96187150-96187524	1	-210	NA	NA	NA	NA	NA	
436	chr16:96378248-96378521	1	205	-130	NA	NA	NA	NA	
437	chr16:98006546-98006889	1	-210	NA	NA	NA	-106	NA	
438	chr17:3071196-3071670	2	NA	NA	NA	NA	NA	NA	
439	chr17:6677618-6678081	1	280	141	NA	NA	NA	NA	
440	chr17:8089888-8090169	1	133	NA	NA	NA	NA	NA	
441	chr17:12589239-12589410	1	100	NA	NA	NA	NA	NA	
442	chr17:14679647-14679958	1	96	42	NA	NA	NA	NA	
443	chr17:17329165-17330222	1	-873	NA	NA	782	NA	NA	
444	chr17:19363275-19363500	2	NA	NA	NA	NA	NA	NA	
445	chr17:20649943-20650298	1	4	NA	NA	NA	NA	255	
446	chr17:23326498-23326889	1	-337	-136	NA	NA	NA	NA	
447	chr17:24911851-24912331	1	-218	NA	NA	288	NA	NA	
448	chr17:26322992-26323329	1	-94	NA	NA	NA	NA	NA	
449	chr17:26700550-26701000	2	NA	NA	NA	NA	NA	NA	
450	chr17:26931432-26931891	2	NA	NA	NA	NA	NA	NA	
451	chr17:27069984-27070306	1	303	NA	NA	NA	87	NA	
452	chr17:27567472-27567792	1	-163	-138	NA	NA	NA	NA	
453	chr17:27743102-27743335	1	-68	NA	NA	NA	NA	NA	
454	chr17:27935244-27935574	1	124	NA	NA	NA	NA	NA	
455	chr17:29122455-29122773	1	184	NA	NA	NA	NA	NA	
456	chr17:29217703-29218135	2	NA	NA	NA	NA	NA	NA	
457	chr17:29227873-29228259	1	147	NA	-3	364	NA	NA	
458	chr17:31240839-31241217	1	165	NA	NA	NA	NA	NA	
459	chr17:31564476-31564719	1	-95	NA	NA	NA	NA	NA	
460	chr17:31782830-31783160	1	-197	NA	NA	106	NA	NA	
461	chr17:32206681-32206893	1	-78	NA	NA	NA	NA	NA	
462	chr17:34830441-34830755	1	-3	-143	NA	NA	NA	NA	
463	chr17:35374510-35374868	1	-117	-260	NA	-58	NA	NA	
464	chr17:35478280-35478732	1	-106	NA	NA	NA	NA	NA	
465	chr17:35839246-35839710	1	22	NA	NA	NA	NA	NA	
466	chr17:36559567-36559942	1	168	NA	-328	NA	NA	NA	
467	chr17:39450982-39456951	3	NA	2125	NA	NA	NA	NA	
468	chr17:44680822-44681242	1	209	-190	NA	NA	NA	NA	
469	chr17:45027289-45027675	3	NA	NA	-139	NA	NA	NA	
470	chr17:45574484-45574717	1	-79	NA	NA	NA	NA	110	
471	chr17:46215206-46215494	1	-61	NA	NA	NA	NA	NA	
472	chr17:49651192-49651597	1	214	NA	NA	NA	378	NA	
473	chr17:49775932-49776345	1	115	-249	NA	NA	NA	NA	
474	chr17:49935935-49936381	1	255	NA	NA	NA	NA	NA	
475	chr17:50197429-50197774	1	155	NA	NA	NA	NA	NA	
476	chr17:55599095-55599266	2	NA	NA	NA	NA	NA	NA	
477	chr17:56140831-56141142	1	200	-239	NA	NA	156	NA	
478	chr17:56294671-56295003	1	164	NA	NA	NA	NA	NA	
479	chr17:56976000-56976364	1	128	-192	NA	NA	NA	NA	
480	chr17:64476014-64476345	1	211	NA	NA	255	NA	NA	
481	chr17:66010945-66011250	1	-147	NA	119	NA	NA	NA	
482	chr17:69322151-69322554	1	-108	NA	NA	NA	NA	NA	
483	chr17:70906809-70907221	1	251	NA	NA	-273	NA	NA	
484	chr17:72823071-72823455	3	NA	NA	186	NA	89	NA	
485	chr17:73857107-73857492	1	-107	NA	NA	-194	NA	NA	
486	chr17:78267261-78267872	1	-241	NA	NA	-384	NA	NA	
487	chr17:80115383-80115784	2	NA	NA	NA	NA	NA	NA	
488	chr17:83681155-83681565	1	146	23	NA	NA	9	NA	
489	chr17:84024631-84025129	2	NA	NA	NA	NA	NA	NA	
490	chr17:84238798-84239205	1	232	NA	NA	355	NA	NA	
491	chr17:84753200-84753545	1	242	256	NA	310	NA	NA	
492	chr17:87252674-87253025	1	-163	NA	NA	NA	NA	NA	
493	chr17:87882930-87883277	1	226	NA	332	NA	NA	NA	
494	chr18:3005665-3006061	1	-53	NA	NA	NA	NA	NA	
495	chr18:9957924-9958284	1	311	NA	NA	NA	NA	NA	
496	chr18:10181142-10181718	1	227	NA	NA	NA	NA	NA	
497	chr18:10609967-10610365	1	102	NA	NA	NA	NA	NA	
498	chr18:10617679-10618000	1	-84	-156	NA	NA	NA	NA	
499	chr18:12728036-12728446	2	NA	NA	NA	NA	NA	NA	
500	chr18:13092351-13092633	3	NA	NA	NA	NA	-75	NA	
501	chr18:14825638-14825943	2	NA	NA	NA	NA	NA	NA	
502	chr18:34345635-34346017	1	-131	NA	NA	NA	NA	89	
503	chr18:34455692-34456146	1	264	NA	NA	NA	-73	NA	
504	chr18:36795998-36796351	1	280	NA	NA	NA	NA	NA	
505	chr18:38757613-38757956	1	-87	NA	NA	NA	NA	NA	
506	chr18:40434007-40434384	2	NA	NA	NA	NA	NA	NA	
507	chr18:50142123-50142490	1	7	NA	NA	NA	NA	NA	
508	chr18:56064777-56065028	2	NA	NA	NA	NA	NA	NA	
509	chr18:56572432-56572705	1	-38	NA	NA	NA	NA	NA	
510	chr18:57100593-57100906	1	169	NA	NA	NA	105	NA	
511	chr18:61302194-61302744	1	-222	NA	NA	NA	-323	NA	
512	chr18:61851599-61851876	1	160	NA	NA	NA	NA	NA	
513	chr18:63817602-63817992	1	232	NA	-131	NA	NA	NA	
514	chr18:65507188-65507559	1	166	77	NA	NA	NA	NA	
515	chr18:65556245-65556591	1	148	NA	33	NA	NA	NA	
516	chr18:67849594-67849924	1	114	NA	NA	NA	NA	NA	
517	chr18:67900401-67900790	1	-194	NA	NA	NA	NA	NA	
518	chr18:73658617-73658974	3	NA	NA	NA	NA	-80	NA	
519	chr18:73879577-73879969	2	NA	NA	NA	NA	NA	NA	
520	chr18:75130949-75131414	1	-162	NA	NA	NA	-308	NA	
521	chr18:81561973-81562369	1	171	155	NA	NA	NA	NA	
522	chr18:82355686-82355916	1	169	NA	NA	NA	NA	NA	
523	chr18:85832131-85832478	2	NA	NA	NA	NA	NA	NA	
524	chr19:3665690-3665949	1	-68	NA	NA	-103	NA	NA	
525	chr19:4012480-4012878	1	-233	NA	NA	NA	NA	NA	
526	chr19:4119719-4120098	1	-173	-191	-85	NA	NA	NA	
527	chr19:4184933-4185390	1	-232	NA	NA	NA	NA	NA	
528	chr19:4475613-4475973	1	-241	NA	NA	NA	NA	NA	
529	chr19:8319229-8319401	2	NA	NA	NA	NA	NA	NA	
530	chr19:8802764-8803058	1	-91	NA	NA	NA	NA	NA	
531	chr19:8841646-8841959	1	-112	NA	NA	NA	NA	NA	
532	chr19:10049516-10049974	1	256	NA	91	NA	NA	NA	
533	chr19:11046899-11047294	1	351	-369	-166	NA	NA	NA	
534	chr19:14418618-14419046	2	NA	NA	NA	NA	NA	NA	
535	chr19:17406649-17406904	2	NA	NA	NA	NA	NA	NA	
536	chr19:18779828-18780277	1	292	NA	NA	NA	NA	NA	
537	chr19:23390232-23390590	1	77	NA	NA	-212	NA	NA	
538	chr19:29707074-29707421	3	NA	NA	NA	-125	-187	NA	
539	chr19:31403469-31403880	1	208	238	NA	NA	NA	NA	
540	chr19:34258448-34258829	1	198	281	NA	NA	NA	NA	
541	chr19:36588035-36588234	2	NA	NA	NA	NA	NA	NA	
542	chr19:37441086-37441396	3	NA	NA	229	NA	NA	NA	
543	chr19:38461005-38461346	3	NA	NA	NA	NA	-16	NA	
544	chr19:40947710-40948640	1	7	NA	NA	NA	NA	NA	
545	chr19:41317186-41317656	1	145	NA	NA	NA	NA	NA	
546	chr19:42142374-42142724	1	-284	NA	NA	NA	NA	NA	
547	chr19:42223783-42223992	1	-125	NA	NA	NA	NA	NA	
548	chr19:42359622-42359839	1	-95	NA	NA	NA	114	NA	
549	chr19:44160612-44160928	1	187	NA	NA	NA	NA	NA	
550	chr19:46098179-46098527	1	-170	NA	NA	NA	NA	NA	
551	chr19:47784325-47784745	1	54	-210	369	NA	NA	NA	
552	chr19:53477889-53478225	1	239	NA	NA	NA	NA	NA	
553	chr19:53517873-53518444	1	332	NA	NA	NA	NA	NA	
554	chr19:53573355-53573574	1	-71	NA	NA	NA	NA	NA	
555	chr19:53860588-53860950	1	93	NA	NA	NA	NA	NA	
556	chr19:53997216-53997594	1	350	NA	NA	NA	NA	NA	
557	chr19:56583810-56584232	1	223	-190	NA	NA	NA	NA	
558	chr19:57172082-57172415	1	-116	NA	NA	NA	NA	NA	
559	chr19:57177079-57177459	2	NA	NA	NA	NA	NA	NA	
560	chr19:57397094-57397535	1	214	-172	NA	NA	NA	NA	
561	chr19:58166504-58166743	2	NA	NA	NA	NA	NA	NA	
562	chr19:61254204-61254542	2	NA	NA	NA	NA	NA	NA	
563	chr2:10232605-10232849	1	160	NA	NA	NA	NA	NA	
564	chr2:13331336-13331684	1	164	NA	NA	NA	NA	NA	
565	chr2:13675569-13675889	1	163	NA	NA	NA	NA	NA	
566	chr2:19306522-19306899	1	228	NA	NA	NA	NA	NA	
567	chr2:25077196-25077668	1	-220	NA	-259	NA	NA	NA	
568	chr2:25248530-25248965	1	-258	NA	NA	NA	NA	NA	
569	chr2:25287738-25288120	1	198	NA	NA	NA	NA	NA	
570	chr2:26211045-26211545	1	-296	NA	-283	NA	NA	NA	
571	chr2:26490670-26491106	1	-190	NA	NA	NA	NA	NA	
572	chr2:26724713-26725099	1	-183	-289	NA	-218	NA	NA	
573	chr2:26755231-26755580	1	-158	NA	NA	NA	NA	NA	
574	chr2:27336731-27337115	1	-86	68	NA	NA	NA	NA	
575	chr2:29757242-29757630	1	-169	NA	NA	NA	NA	NA	
576	chr2:30180995-30181291	1	115	NA	NA	NA	NA	NA	
577	chr2:30650104-30650481	1	-190	NA	-43	NA	122	NA	
578	chr2:30904773-30905127	1	214	NA	NA	-132	NA	NA	
579	chr2:30974222-30974455	1	-98	NA	NA	-113	NA	141	
580	chr2:31885040-31885476	1	-234	NA	NA	NA	NA	NA	
581	chr2:32536805-32537481	1	481	NA	NA	239	NA	NA	
582	chr2:32547455-32547860	1	-116	NA	NA	NA	NA	NA	
583	chr2:32788863-32789169	1	79	NA	NA	NA	5	NA	
584	chr2:33730351-33730597	1	171	NA	NA	NA	NA	NA	
585	chr2:35483513-35483725	1	67	-52	NA	NA	NA	NA	
586	chr2:35511982-35512282	1	91	NA	NA	NA	-280	NA	
587	chr2:38294832-38295201	1	-261	NA	NA	-184	NA	NA	
588	chr2:38358379-38358780	1	153	NA	NA	NA	NA	NA	
589	chr2:38829813-38830196	1	-244	NA	NA	NA	NA	NA	
590	chr2:52564057-52564663	1	-403	NA	NA	NA	NA	NA	
591	chr2:53013731-53014189	1	-102	NA	-341	NA	NA	NA	
592	chr2:62241885-62242154	1	89	NA	NA	NA	NA	NA	
593	chr2:69181230-69181581	1	144	NA	NA	NA	NA	NA	
594	chr2:70462126-70462580	1	26	NA	NA	NA	NA	NA	
595	chr2:71444820-71445106	1	-161	NA	NA	NA	NA	NA	
596	chr2:71971432-71971700	2	NA	NA	NA	NA	NA	NA	
597	chr2:72779700-72780101	1	-238	NA	NA	NA	295	NA	
598	chr2:72813510-72813827	2	NA	NA	NA	NA	NA	NA	
599	chr2:74626478-74626825	1	-146	NA	NA	NA	NA	NA	
600	chr2:76170703-76171009	1	-132	NA	NA	NA	NA	NA	
601	chr2:79435916-79436222	1	-70	NA	NA	NA	NA	NA	
602	chr2:83445178-83445464	1	112	NA	63	NA	NA	NA	
603	chr2:90871148-90871425	1	-146	122	NA	NA	-195	NA	
604	chr2:90883789-90884129	1	142	NA	NA	122	NA	NA	
605	chr2:98463003-98463901	1	26	840	NA	NA	NA	NA	
606	chr2:98464407-98464994	1	526	NA	NA	NA	NA	NA	
607	chr2:98465657-98466130	2	NA	NA	NA	NA	NA	NA	
608	chr2:98467008-98468241	2	NA	NA	NA	NA	NA	NA	
609	chr2:112255678-112256005	1	187	239	NA	NA	-145	NA	
610	chr2:120661995-120662378	1	180	NA	NA	NA	-322	NA	
611	chr2:121809522-121809913	1	258	-5	NA	NA	NA	-279	
612	chr2:122343829-122344163	1	108	NA	-55	NA	NA	NA	
613	chr2:126297465-126297843	1	-191	NA	NA	278	NA	NA	
614	chr2:126366491-126367133	1	262	NA	NA	NA	NA	NA	
615	chr2:126624353-126624713	1	163	205	NA	NA	NA	NA	
616	chr2:126700030-126700366	1	-103	NA	NA	NA	NA	NA	
617	chr2:128875112-128875511	1	-168	NA	NA	NA	NA	NA	
618	chr2:129870548-129870885	1	263	NA	NA	NA	19	NA	
619	chr2:129975708-129975978	1	209	NA	NA	NA	137	NA	
620	chr2:130115924-130116388	1	-312	NA	-336	NA	NA	NA	
621	chr2:130231805-130232104	3	NA	NA	NA	-133	NA	NA	
622	chr2:131201210-131201530	1	174	NA	NA	NA	NA	NA	
623	chr2:148134930-148135285	1	121	159	NA	NA	NA	NA	
624	chr2:151233756-151234111	1	163	149	-224	NA	NA	NA	
625	chr2:152063556-152063843	1	203	NA	NA	NA	NA	NA	
626	chr2:152595414-152595793	1	249	204	NA	NA	NA	NA	
627	chr2:154064026-154064279	2	NA	NA	NA	NA	NA	NA	
628	chr2:154482598-154483050	1	-251	NA	NA	NA	NA	NA	
629	chr2:156003340-156004117	1	-626	NA	NA	382	661	NA	
630	chr2:156569258-156569625	1	82	NA	NA	NA	NA	NA	
631	chr2:156810462-156810840	1	-179	NA	NA	NA	NA	NA	
632	chr2:157857999-157858434	1	-188	NA	NA	NA	NA	NA	
633	chr2:158052788-158053148	1	-154	NA	NA	NA	NA	NA	
634	chr2:158357887-158358227	1	143	NA	NA	NA	NA	NA	
635	chr2:163686493-163686874	1	-93	NA	NA	NA	NA	NA	
636	chr2:164602625-164603123	1	200	NA	NA	NA	NA	NA	
637	chr2:165232123-165232527	2	NA	NA	NA	NA	NA	NA	
638	chr2:166183037-166183396	2	NA	NA	NA	NA	NA	NA	
639	chr2:166316602-166317064	1	-147	NA	NA	NA	NA	NA	
640	chr2:172124924-172125278	1	188	232	NA	NA	NA	NA	
641	chr2:172906586-172906845	1	137	NA	NA	NA	NA	NA	
642	chr2:173112748-173113198	2	NA	NA	NA	NA	NA	NA	
643	chr2:178435554-178435733	1	10	NA	NA	NA	NA	NA	
644	chr2:179999773-180000067	1	178	127	NA	NA	NA	NA	
645	chr2:180100709-180101083	1	-194	NA	NA	NA	NA	NA	
646	chr2:180896387-180896785	1	-209	NA	NA	NA	NA	NA	
647	chr2:181294669-181294985	1	114	-12	NA	NA	NA	NA	
648	chr2:181846809-181847314	3	NA	320	NA	302	NA	NA	
649	chr3:8229475-8229769	2	NA	NA	NA	NA	NA	NA	
650	chr3:9848219-9848695	1	-219	NA	NA	NA	NA	NA	
651	chr3:19450660-19451142	1	-191	-327	NA	-259	NA	NA	
652	chr3:19899090-19899475	1	-89	NA	NA	NA	NA	NA	
653	chr3:22102077-22102583	1	340	NA	NA	267	NA	NA	
654	chr3:22342232-22342478	1	184	NA	NA	NA	NA	NA	
655	chr3:27373809-27374183	1	192	NA	NA	NA	NA	NA	
656	chr3:27513772-27514082	1	-44	NA	NA	NA	NA	NA	
657	chr3:31252046-31252491	1	347	230	NA	NA	NA	NA	
658	chr3:32928390-32928771	1	213	NA	NA	NA	NA	NA	
659	chr3:33991556-33992020	1	357	NA	NA	NA	NA	NA	
660	chr3:35946029-35946432	1	-180	NA	NA	NA	NA	NA	
661	chr3:37045671-37045957	1	125	NA	NA	-193	NA	NA	
662	chr3:51365152-51365650	1	-315	NA	NA	NA	NA	NA	
663	chr3:53105010-53105225	1	-135	NA	NA	NA	NA	NA	
664	chr3:56663296-56663682	2	NA	NA	NA	NA	NA	NA	
665	chr3:59168852-59169284	1	217	NA	NA	NA	NA	NA	
666	chr3:60501673-60502022	1	237	NA	NA	NA	NA	NA	
667	chr3:66045881-66046371	1	295	-213	-419	NA	NA	NA	
668	chr3:84126320-84126800	1	-198	186	NA	NA	NA	NA	
669	chr3:84211902-84212200	1	-113	NA	NA	NA	NA	NA	
670	chr3:84752056-84752334	1	-153	NA	-178	NA	NA	NA	
671	chr3:87006310-87006678	1	134	NA	NA	NA	NA	NA	
672	chr3:87301127-87301518	2	NA	NA	NA	NA	NA	NA	
673	chr3:87932367-87933068	1	544	NA	NA	NA	442	NA	
674	chr3:88771561-88771959	1	-153	NA	NA	NA	-169	NA	
675	chr3:89516159-89516600	2	NA	NA	NA	NA	NA	NA	
676	chr3:89523220-89523586	1	210	NA	NA	NA	NA	300	
677	chr3:90519294-90519561	1	-153	NA	NA	NA	NA	NA	
678	chr3:90672733-90673141	1	-358	200	NA	NA	NA	NA	
679	chr3:95471151-95471519	2	NA	NA	NA	NA	NA	NA	
680	chr3:95743870-95744397	1	318	NA	NA	NA	NA	NA	
681	chr3:96257536-96258025	1	313	NA	NA	NA	NA	NA	
682	chr3:100110111-100110392	2	NA	NA	NA	NA	NA	NA	
683	chr3:101403811-101404173	1	-146	170	NA	NA	NA	NA	
684	chr3:103335597-103335842	1	112	-34	NA	NA	NA	NA	
685	chr3:103526629-103526910	1	-126	NA	NA	NA	NA	NA	
686	chr3:107361406-107361731	1	46	NA	NA	-143	NA	NA	
687	chr3:107974212-107974530	1	-193	278	NA	NA	NA	NA	
688	chr3:108682588-108682929	1	-214	NA	NA	NA	NA	NA	
689	chr3:109039264-109039956	1	-528	NA	NA	NA	487	513	
690	chr3:114881790-114882137	1	144	NA	NA	NA	NA	NA	
691	chr3:129486108-129486521	1	-190	NA	NA	NA	NA	NA	
692	chr3:129823032-129823606	1	154	NA	NA	NA	NA	NA	
693	chr3:131146539-131147022	1	21	NA	56	NA	NA	NA	
694	chr3:131197651-131197994	1	176	268	NA	NA	NA	NA	
695	chr3:132621221-132621565	1	77	NA	NA	NA	NA	NA	
696	chr3:135339741-135340172	1	-164	NA	NA	NA	NA	NA	
697	chr3:138080886-138081499	1	-418	NA	NA	NA	NA	NA	
698	chr3:139142833-139143379	1	-122	NA	NA	NA	NA	NA	
699	chr3:142702467-142702769	1	148	NA	NA	-17	NA	186	
700	chr3:148428791-148429064	2	NA	NA	NA	NA	NA	NA	
701	chr3:152333174-152333941	1	256	NA	NA	NA	NA	NA	
702	chr3:157873848-157874222	1	-228	NA	NA	NA	NA	NA	
703	chr4:3587180-3587512	1	69	NA	NA	NA	NA	NA	
704	chr4:6372250-6372702	1	202	NA	NA	256	NA	NA	
705	chr4:7134270-7134436	1	-50	NA	NA	NA	NA	NA	
706	chr4:7682656-7683134	1	-218	NA	NA	248	NA	NA	
707	chr4:11648502-11648873	1	-204	NA	NA	NA	NA	NA	
708	chr4:11721369-11721953	2	NA	NA	NA	NA	NA	NA	
709	chr4:22448426-22448862	2	NA	NA	NA	NA	NA	NA	
710	chr4:24586904-24587216	1	186	NA	NA	NA	NA	NA	
711	chr4:32586830-32587074	1	135	33	NA	NA	NA	NA	
712	chr4:33128737-33129059	1	126	NA	NA	NA	NA	162	
713	chr4:33235242-33235529	1	181	NA	NA	NA	NA	NA	
714	chr4:34876021-34876383	1	-209	NA	NA	NA	NA	NA	
715	chr4:40910979-40911374	1	160	-95	NA	NA	-142	NA	
716	chr4:40969748-40970290	1	-227	NA	NA	NA	NA	NA	
717	chr4:41137027-41137338	1	-171	221	NA	NA	NA	NA	
718	chr4:46159613-46159951	1	165	284	NA	NA	NA	NA	
719	chr4:59355115-59355590	1	216	NA	NA	NA	NA	NA	
720	chr4:61967623-61967922	1	-154	NA	NA	-119	NA	NA	
721	chr4:62293040-62293437	1	235	NA	NA	248	NA	NA	
722	chr4:69864454-69864684	2	NA	NA	NA	NA	NA	NA	
723	chr4:86046705-86047091	1	-147	-25	NA	NA	NA	NA	
724	chr4:88861155-88861465	1	-142	NA	NA	NA	NA	NA	
725	chr4:89042535-89042879	1	256	NA	NA	210	NA	NA	
726	chr4:100789901-100790419	1	221	NA	NA	NA	261	NA	
727	chr4:106468651-106468954	1	-189	NA	NA	NA	NA	NA	
728	chr4:107377591-107377830	1	96	NA	NA	NA	NA	NA	
729	chr4:107487072-107487327	1	107	NA	NA	NA	NA	NA	
730	chr4:114485029-114485332	1	-142	NA	NA	NA	NA	NA	
731	chr4:116305371-116305742	1	188	NA	-155	NA	NA	NA	
732	chr4:116618270-116618712	1	-376	NA	NA	169	NA	NA	
733	chr4:116687806-116688254	2	NA	NA	NA	NA	NA	NA	
734	chr4:118818415-118818681	1	15	186	NA	NA	NA	NA	
735	chr4:122388046-122388414	1	-186	NA	NA	NA	NA	NA	
736	chr4:125613070-125613528	1	234	NA	NA	NA	NA	NA	
737	chr4:125823756-125824237	2	NA	NA	NA	NA	NA	NA	
738	chr4:125931639-125931979	1	228	NA	NA	NA	NA	NA	
739	chr4:126579575-126579808	1	-54	NA	NA	NA	NA	NA	
740	chr4:128483500-128483904	1	343	NA	NA	NA	NA	NA	
741	chr4:129547988-129548420	1	97	-366	NA	NA	NA	NA	
742	chr4:131546328-131546690	1	-132	NA	NA	NA	NA	NA	
743	chr4:132978956-132979364	1	-213	NA	NA	NA	NA	NA	
744	chr4:133370726-133371115	1	208	NA	NA	NA	57	NA	
745	chr4:134006741-134007084	1	-157	NA	NA	NA	NA	NA	
746	chr4:134478278-134478625	1	-133	NA	NA	NA	NA	NA	
747	chr4:135235500-135235863	1	150	NA	-272	NA	NA	NA	
748	chr4:135293613-135293923	1	-176	NA	NA	NA	NA	NA	
749	chr4:135898617-135899007	1	242	NA	NA	NA	NA	NA	
750	chr4:136881791-136882122	1	-118	NA	-9	NA	-90	NA	
751	chr4:140216926-140217646	1	513	NA	NA	NA	NA	NA	
752	chr4:142486183-142486434	1	-64	NA	NA	NA	NA	NA	
753	chr4:147402158-147402680	1	350	NA	NA	NA	NA	NA	
754	chr4:147981288-147981579	1	131	NA	NA	NA	22	NA	
755	chr4:148501822-148502262	1	182	NA	NA	272	NA	NA	
756	chr4:148700241-148700615	1	-168	233	NA	NA	NA	NA	
757	chr4:149901661-149902011	1	-162	NA	-302	NA	-16	NA	
758	chr4:150883021-150883249	3	NA	NA	-77	NA	207	NA	
759	chr4:152855435-152855822	1	118	-63	NA	NA	NA	NA	
760	chr4:153929900-153930334	1	212	NA	NA	NA	NA	247	
761	chr4:154006216-154006516	1	106	NA	NA	173	NA	NA	
762	chr4:154067172-154067492	1	137	NA	NA	NA	NA	NA	
763	chr4:154196414-154196813	1	-246	-227	NA	-39	NA	NA	
764	chr4:154445550-154445753	1	101	NA	NA	NA	NA	NA	
765	chr4:154468197-154468742	1	358	NA	NA	216	NA	NA	
766	chr4:154647195-154647473	1	181	NA	61	NA	NA	NA	
767	chr4:154675228-154675650	1	-188	NA	NA	NA	NA	NA	
768	chr4:154787497-154787837	1	-105	NA	NA	NA	NA	-146	
769	chr5:9021359-9021713	2	NA	NA	NA	NA	NA	NA	
770	chr5:9092988-9093253	1	125	NA	NA	NA	NA	NA	
771	chr5:20213713-20214033	1	-226	NA	NA	163	NA	NA	
772	chr5:20767283-20767545	1	-139	NA	NA	NA	NA	NA	
773	chr5:20923138-20923479	1	268	NA	NA	NA	NA	NA	
774	chr5:22062032-22062354	2	NA	NA	NA	NA	NA	NA	
775	chr5:23955145-23955457	1	203	NA	-231	NA	NA	-82	
776	chr5:25039850-25040239	1	154	NA	-183	NA	NA	NA	
777	chr5:28402031-28402411	1	-349	NA	NA	NA	NA	NA	
778	chr5:29899628-29900028	1	-185	NA	NA	129	NA	NA	
779	chr5:30102844-30103139	1	73	NA	NA	NA	NA	NA	
780	chr5:31469520-31469798	1	189	NA	NA	NA	NA	NA	
781	chr5:31974278-31974779	2	NA	NA	NA	NA	NA	NA	
782	chr5:33591651-33591960	2	NA	NA	NA	NA	NA	NA	
783	chr5:36406057-36406676	1	305	-424	NA	213	NA	NA	
784	chr5:37355439-37355809	1	-39	NA	NA	NA	NA	NA	
785	chr5:38548493-38548846	1	-108	NA	NA	NA	NA	NA	
786	chr5:43521639-43522070	3	NA	NA	NA	NA	294	NA	
787	chr5:44470020-44470385	1	-240	NA	NA	NA	NA	NA	
788	chr5:53122171-53122533	1	129	NA	-201	NA	NA	NA	
789	chr5:53779029-53779447	1	-152	-122	NA	NA	NA	NA	
790	chr5:64247621-64247897	1	101	NA	NA	NA	NA	NA	
791	chr5:77215082-77215447	1	-324	NA	NA	91	NA	NA	
792	chr5:91441573-91442088	1	25	NA	-496	NA	NA	NA	
793	chr5:93037867-93038316	1	221	NA	NA	NA	NA	-22	
794	chr5:93385024-93385293	1	-162	59	NA	NA	NA	NA	
795	chr5:100656399-100656902	1	149	-450	168	NA	NA	NA	
796	chr5:100766498-100766937	1	-253	351	NA	NA	NA	NA	
797	chr5:100969100-100969426	2	NA	NA	NA	NA	NA	NA	
798	chr5:107996399-107996800	1	-214	NA	NA	NA	NA	NA	
799	chr5:111010723-111011076	1	-185	NA	NA	NA	NA	NA	
800	chr5:112566489-112566760	1	153	NA	NA	177	NA	NA	
801	chr5:113800501-113800978	1	-261	NA	NA	-296	NA	NA	
802	chr5:114047975-114048355	1	-226	350	NA	NA	NA	NA	
803	chr5:115428419-115428831	1	171	NA	NA	NA	NA	NA	
804	chr5:115826165-115826462	1	-89	NA	NA	NA	NA	NA	
805	chr5:115993120-115993509	1	-324	NA	NA	NA	NA	NA	
806	chr5:118505928-118506315	1	147	-115	-329	NA	NA	NA	
807	chr5:122905972-122906264	2	NA	NA	NA	NA	NA	NA	
808	chr5:122938575-122938955	3	NA	NA	NA	NA	-15	NA	
809	chr5:125395196-125395539	1	-172	NA	NA	NA	NA	NA	
810	chr5:125765103-125765444	1	-195	NA	-162	NA	NA	NA	
811	chr5:130039792-130040124	1	116	NA	NA	NA	NA	56	
812	chr5:135453296-135453658	1	210	NA	-185	259	NA	NA	
813	chr5:135821949-135822320	1	-267	NA	NA	NA	NA	NA	
814	chr5:136420547-136420909	1	-147	NA	169	NA	NA	NA	
815	chr5:138086681-138087055	1	-175	-224	NA	NA	NA	NA	
816	chr5:138346582-138346826	1	126	NA	NA	NA	NA	NA	
817	chr5:139737881-139738225	1	-146	NA	NA	NA	NA	NA	
818	chr5:143059765-143060091	1	-192	NA	NA	NA	NA	NA	
819	chr5:143185854-143186238	2	NA	NA	NA	NA	NA	NA	
820	chr5:143194245-143194583	1	162	NA	NA	NA	NA	NA	
821	chr5:143377946-143378281	1	-241	NA	NA	NA	NA	NA	
822	chr5:143783379-143783848	1	-240	NA	-313	NA	NA	NA	
823	chr5:144474914-144475292	1	162	365	NA	NA	NA	NA	
824	chr5:145533822-145534194	1	177	NA	NA	NA	NA	NA	
825	chr5:146565157-146565789	2	NA	NA	NA	NA	NA	NA	
826	chr5:147469638-147470076	1	-133	NA	NA	NA	NA	NA	
827	chr5:148170727-148171058	1	-243	NA	NA	NA	NA	NA	
828	chr5:149079815-149080095	1	-123	NA	NA	NA	NA	NA	
829	chr5:149287232-149287578	1	221	NA	NA	NA	NA	NA	
830	chr5:150880096-150880506	1	-164	NA	NA	NA	NA	NA	
831	chr5:151636778-151637248	1	307	NA	121	NA	NA	NA	
832	chr6:13557841-13558145	1	222	NA	NA	NA	NA	NA	
833	chr6:17015451-17015852	1	107	NA	NA	NA	NA	NA	
834	chr6:24614792-24615224	1	-317	NA	303	NA	NA	188	
835	chr6:30643415-30643713	1	-138	NA	NA	NA	73	NA	
836	chr6:33548738-33549105	1	-304	NA	NA	NA	-287	NA	
837	chr6:37800405-37800695	2	NA	NA	NA	NA	NA	NA	
838	chr6:38688880-38689201	1	-154	NA	NA	NA	NA	NA	
839	chr6:39503327-39503709	1	-152	NA	NA	NA	NA	NA	
840	chr6:39740404-39740683	2	NA	NA	NA	NA	NA	NA	
841	chr6:40820476-40821023	2	NA	NA	NA	NA	NA	NA	
842	chr6:41483878-41484352	1	284	188	NA	-445	NA	NA	
843	chr6:42273248-42273638	1	-200	257	NA	NA	NA	NA	
844	chr6:43595712-43595993	1	168	NA	NA	NA	NA	NA	
845	chr6:48015665-48016371	1	-284	NA	591	NA	NA	NA	
846	chr6:48662458-48662866	1	-160	NA	NA	NA	271	NA	
847	chr6:54967404-54967782	1	172	NA	NA	NA	NA	NA	
848	chr6:56644363-56644778	1	-143	NA	NA	NA	NA	NA	
849	chr6:56726902-56727253	1	245	NA	NA	NA	NA	NA	
850	chr6:70754533-70754888	1	-183	NA	NA	NA	NA	NA	
851	chr6:72276615-72277043	1	382	NA	NA	NA	NA	NA	
852	chr6:83314961-83315277	2	NA	NA	NA	NA	NA	NA	
853	chr6:83472421-83472761	1	-222	NA	NA	NA	NA	NA	
854	chr6:86558806-86559152	1	280	-228	NA	NA	NA	NA	
855	chr6:87816569-87816948	1	247	NA	-220	NA	NA	NA	
856	chr6:88010763-88011030	1	-125	NA	NA	NA	177	NA	
857	chr6:88040551-88040922	1	244	NA	NA	-206	NA	NA	
858	chr6:88484181-88484789	1	-456	NA	NA	NA	NA	NA	
859	chr6:91644479-91644856	1	234	NA	NA	NA	-197	NA	
860	chr6:94726254-94726729	1	-177	NA	NA	-266	NA	NA	
861	chr6:97144533-97144846	1	161	NA	NA	NA	NA	NA	
862	chr6:97259559-97259989	1	-404	NA	NA	NA	NA	NA	
863	chr6:103614754-103615134	1	-54	NA	NA	NA	NA	NA	
864	chr6:108502722-108503021	1	-184	NA	NA	NA	NA	NA	
865	chr6:108515365-108515624	1	-119	-230	NA	-173	NA	NA	
866	chr6:113042780-113043401	3	NA	NA	NA	NA	568	NA	
867	chr6:113272240-113272610	1	150	NA	245	NA	NA	NA	
868	chr6:113497243-113497510	1	167	NA	NA	NA	NA	-8	
869	chr6:113662870-113663414	2	NA	NA	NA	NA	NA	NA	
870	chr6:117397204-117397434	1	-120	NA	NA	NA	NA	NA	
871	chr6:117872387-117873006	1	58	NA	NA	NA	NA	NA	
872	chr6:119487541-119487942	1	281	369	NA	NA	NA	NA	
873	chr6:120329607-120330172	1	-83	NA	NA	-68	-343	NA	
874	chr6:121180604-121180971	1	-159	NA	NA	NA	-136	NA	
875	chr6:124706453-124706922	1	-235	NA	NA	NA	NA	NA	
876	chr6:124930985-124931367	1	167	NA	-61	208	NA	NA	
877	chr6:125097264-125097584	1	-198	NA	NA	NA	NA	NA	
878	chr6:129712988-129713348	1	148	-174	NA	NA	NA	NA	
879	chr6:130203462-130203807	1	149	-126	NA	NA	NA	NA	
880	chr6:131319125-131319498	3	NA	-258	-181	NA	NA	NA	
881	chr6:136699980-136700279	1	-154	NA	NA	NA	NA	NA	
882	chr6:136905660-136906100	1	373	NA	NA	NA	NA	NA	
883	chr6:136931793-136932005	1	-107	NA	NA	NA	NA	NA	
884	chr6:142518471-142518850	2	NA	NA	NA	NA	NA	NA	
885	chr6:147048537-147048872	1	247	NA	NA	NA	NA	NA	
886	chr6:148853265-148853734	1	261	NA	NA	151	39	NA	
887	chr7:4683140-4683467	1	-85	NA	-101	NA	223	NA	
888	chr7:11909820-11910227	1	181	-309	114	NA	NA	NA	
889	chr7:11934553-11935060	1	284	151	400	NA	NA	NA	
890	chr7:12202917-12203314	1	-171	244	NA	NA	NA	NA	
891	chr7:15359698-15359991	1	111	-215	NA	NA	NA	NA	
892	chr7:16000088-16000514	1	-170	NA	NA	NA	NA	NA	
893	chr7:16082438-16082858	1	-385	NA	NA	NA	NA	NA	
894	chr7:18182651-18182982	1	-148	NA	NA	NA	NA	301	
895	chr7:18236222-18236697	2	NA	NA	NA	NA	NA	NA	
896	chr7:24139757-24140061	1	185	106	NA	NA	NA	NA	
897	chr7:24166488-24166924	1	-110	NA	NA	NA	NA	NA	
898	chr7:24615777-24616176	1	-242	NA	NA	NA	NA	NA	
899	chr7:24914066-24914425	1	240	-178	NA	-52	NA	NA	
900	chr7:25427414-25427905	1	202	NA	NA	NA	299	NA	
901	chr7:25483075-25483489	1	-30	NA	NA	-215	NA	NA	
902	chr7:27300558-27300883	1	212	NA	NA	NA	NA	NA	
903	chr7:30056666-30056995	1	-227	-293	NA	NA	NA	NA	
904	chr7:30103127-30103495	1	-130	NA	NA	NA	NA	NA	
905	chr7:35463096-35463525	1	237	NA	NA	NA	NA	NA	
906	chr7:43430207-43430506	1	-83	NA	NA	NA	NA	NA	
907	chr7:45585856-45586190	1	67	-140	NA	NA	NA	NA	
908	chr7:45601550-45601925	1	-136	174	NA	NA	NA	NA	
909	chr7:45790884-45791334	1	327	NA	NA	-202	-136	NA	
910	chr7:45926998-45927383	1	105	NA	NA	234	NA	NA	
911	chr7:46257820-46258191	2	NA	NA	NA	NA	NA	NA	
912	chr7:46578596-46578859	1	-97	NA	NA	NA	NA	NA	
913	chr7:46663951-46664285	1	182	NA	NA	NA	NA	NA	
914	chr7:48005506-48005683	2	NA	NA	NA	NA	NA	NA	
915	chr7:55662056-55662407	2	NA	NA	NA	NA	NA	NA	
916	chr7:55917924-55918383	1	-154	NA	NA	NA	NA	NA	
917	chr7:58692610-58692917	1	148	NA	NA	-81	NA	NA	
918	chr7:66059194-66059564	1	-56	NA	NA	NA	NA	NA	
919	chr7:67251796-67252333	1	116	NA	-427	NA	NA	NA	
920	chr7:73491796-73492278	1	179	NA	NA	NA	NA	-62	
921	chr7:75236137-75236469	2	NA	NA	NA	NA	NA	NA	
922	chr7:79123149-79123405	1	138	NA	NA	NA	NA	NA	
923	chr7:79339395-79339889	1	303	NA	NA	NA	NA	NA	
924	chr7:80083219-80083611	2	NA	NA	NA	NA	NA	NA	
925	chr7:80774652-80774973	1	108	NA	19	NA	NA	NA	
926	chr7:83531447-83531716	1	-172	NA	NA	154	NA	NA	
927	chr7:84262657-84263270	1	-161	NA	NA	NA	NA	NA	
928	chr7:90178209-90178436	1	151	130	NA	NA	NA	NA	
929	chr7:98439896-98440242	1	-195	NA	NA	NA	NA	NA	
930	chr7:99185514-99185952	1	149	-129	NA	NA	NA	NA	
931	chr7:99995569-99995838	1	-130	NA	NA	NA	NA	NA	
932	chr7:100481301-100481634	1	176	NA	NA	NA	118	NA	
933	chr7:100982377-100982696	1	-183	NA	NA	NA	NA	NA	
934	chr7:100987669-100987792	2	NA	NA	NA	NA	NA	NA	
935	chr7:105610172-105610617	1	-139	366	NA	NA	NA	NA	
936	chr7:107498905-107499287	1	291	NA	NA	119	NA	NA	
937	chr7:112113627-112113901	1	196	NA	NA	NA	NA	NA	
938	chr7:114108665-114109031	1	-87	NA	NA	NA	-108	NA	
939	chr7:116125116-116125506	1	-203	318	NA	-185	NA	NA	
940	chr7:117277524-117277911	1	12	NA	NA	NA	NA	NA	
941	chr7:121924037-121924428	1	-173	NA	-145	NA	NA	NA	
942	chr7:125302568-125302876	1	-115	NA	NA	NA	NA	NA	
943	chr7:125421564-125421881	1	-60	NA	NA	163	-148	NA	
944	chr7:126076429-126076851	1	-212	NA	NA	NA	NA	NA	
945	chr7:126160516-126160938	1	-209	NA	NA	NA	NA	NA	
946	chr7:126294471-126294791	1	-152	NA	NA	NA	NA	NA	
947	chr7:126567864-126568054	1	85	NA	NA	NA	NA	NA	
948	chr7:126903729-126904491	1	-620	NA	NA	197	NA	NA	
949	chr7:127024285-127024561	1	93	NA	NA	NA	NA	NA	
950	chr7:127213070-127213306	1	123	NA	NA	NA	NA	NA	
951	chr7:127667924-127668226	1	-43	NA	NA	NA	247	NA	
952	chr7:132573516-132573844	1	-209	NA	NA	NA	NA	NA	
953	chr7:141154157-141154550	1	-177	NA	NA	NA	NA	NA	
954	chr7:142804328-142804745	2	NA	NA	NA	NA	NA	NA	
955	chr8:11758054-11758435	1	233	NA	-271	NA	NA	NA	
956	chr8:13213447-13213869	1	-188	NA	NA	NA	NA	NA	
957	chr8:13600067-13600463	1	260	NA	NA	171	309	NA	
958	chr8:20439063-20439386	1	-149	NA	126	NA	-241	-8	
959	chr8:24561005-24561399	2	NA	NA	NA	NA	NA	NA	
960	chr8:35107741-35108144	1	162	NA	NA	NA	NA	NA	
961	chr8:35684561-35684901	1	-125	NA	-152	NA	NA	NA	
962	chr8:40474191-40474494	1	156	NA	NA	-94	267	NA	
963	chr8:49212545-49212944	1	196	-159	-349	NA	NA	NA	
964	chr8:72645399-72645724	1	-162	NA	NA	NA	NA	NA	
965	chr8:72830442-72830789	1	-211	NA	NA	NA	NA	NA	
966	chr8:73706054-73706349	1	-250	NA	NA	NA	NA	NA	
967	chr8:74879712-74880140	1	210	NA	NA	NA	NA	-335	
968	chr8:80318986-80319306	1	182	NA	NA	NA	NA	NA	
969	chr8:84393294-84393669	1	182	NA	NA	NA	NA	NA	
970	chr8:85976712-85977077	1	-206	NA	NA	NA	NA	NA	
971	chr8:86498136-86498556	1	-119	NA	NA	NA	-286	NA	
972	chr8:89513954-89514319	1	-269	NA	NA	NA	NA	NA	
973	chr8:98323813-98324168	1	211	-74	286	NA	NA	NA	
974	chr8:107530770-107531068	1	104	NA	NA	NA	NA	NA	
975	chr8:109463475-109463789	1	-148	NA	NA	NA	NA	NA	
976	chr8:114707878-114708357	1	-141	-206	NA	-402	NA	NA	
977	chr8:116521628-116521948	1	139	NA	NA	NA	NA	NA	
978	chr8:122309710-122310213	1	-281	NA	NA	214	NA	NA	
979	chr8:123218620-123219084	1	-210	-277	NA	NA	NA	NA	
980	chr8:123289915-123290173	1	-75	NA	NA	NA	NA	NA	
981	chr8:124073708-124074057	1	-198	NA	NA	NA	NA	NA	
982	chr8:125262494-125262902	1	-160	NA	-79	NA	NA	NA	
983	chr8:125928283-125928949	1	-375	NA	NA	NA	NA	NA	
984	chr8:127587093-127587486	1	-145	NA	NA	NA	NA	NA	
985	chr8:127898828-127899203	1	-141	NA	NA	NA	NA	NA	
986	chr8:129086215-129086525	1	19	241	NA	NA	NA	NA	
987	chr8:131435839-131436211	1	165	84	NA	NA	NA	NA	
988	chr9:3258769-3258948	2	NA	NA	NA	NA	NA	NA	
989	chr9:4260313-4260563	2	NA	NA	NA	NA	NA	NA	
990	chr9:7239987-7240346	1	186	-211	NA	326	NA	NA	
991	chr9:7873182-7873717	1	379	NA	NA	NA	NA	NA	
992	chr9:14768544-14769001	1	194	NA	NA	NA	NA	NA	
993	chr9:15030118-15030499	1	256	NA	-332	NA	NA	NA	
994	chr9:20242930-20243373	1	237	NA	NA	NA	-422	NA	
995	chr9:20638372-20638783	1	-188	NA	NA	NA	-341	NA	
996	chr9:20648967-20649139	1	-39	NA	NA	NA	-124	NA	
997	chr9:20823740-20824125	1	277	NA	31	NA	NA	NA	
998	chr9:21038446-21038907	1	188	NA	69	NA	NA	NA	
999	chr9:24292348-24292618	2	NA	NA	NA	NA	NA	NA	
1000	chr9:32320245-32320630	1	-192	NA	NA	NA	NA	NA	
1001	chr9:35054734-35055265	2	NA	NA	NA	NA	NA	NA	
1002	chr9:37238813-37239158	1	145	NA	NA	NA	NA	177	
1003	chr9:41848011-41848409	1	-140	NA	NA	NA	NA	NA	
1004	chr9:44085511-44085943	1	-118	NA	NA	NA	NA	NA	
1005	chr9:44112559-44112742	1	-86	NA	NA	NA	NA	-59	
1006	chr9:44399877-44400097	1	-90	NA	NA	NA	NA	NA	
1007	chr9:44518558-44518992	1	-273	NA	-302	NA	NA	244	
1008	chr9:44523798-44524016	1	127	NA	NA	NA	NA	NA	
1009	chr9:44619732-44620138	1	-91	NA	NA	284	NA	NA	
1010	chr9:48247196-48247593	1	182	NA	NA	NA	NA	NA	
1011	chr9:55006966-55007230	1	-116	NA	NA	NA	250	NA	
1012	chr9:55185924-55186322	2	NA	NA	NA	NA	NA	NA	
1013	chr9:57387467-57387727	1	129	NA	76	NA	NA	NA	
1014	chr9:57563062-57563442	1	203	NA	NA	NA	NA	NA	
1015	chr9:60789487-60789803	1	-137	NA	NA	NA	NA	NA	
1016	chr9:60796881-60797418	1	57	205	NA	NA	-503	NA	
1017	chr9:61505823-61506358	1	48	-87	NA	NA	NA	NA	
1018	chr9:63504318-63504807	1	-157	NA	NA	-206	NA	NA	
1019	chr9:64830304-64830650	1	-129	NA	NA	NA	NA	NA	
1020	chr9:64994270-64994697	1	-113	NA	NA	NA	NA	NA	
1021	chr9:65922705-65923006	1	-80	NA	-205	NA	NA	-58	
1022	chr9:66397608-66397983	1	-321	NA	NA	NA	287	NA	
1023	chr9:71931726-71932067	1	297	NA	-53	NA	NA	NA	
1024	chr9:80052148-80052581	1	-196	NA	NA	246	NA	NA	
1025	chr9:88071233-88071509	1	-230	NA	NA	NA	NA	NA	
1026	chr9:88328044-88328404	1	177	NA	NA	NA	NA	NA	
1027	chr9:94929440-94929887	1	-166	NA	-186	-239	NA	NA	
1028	chr9:96699048-96699476	1	222	NA	NA	NA	192	NA	
1029	chr9:100269509-100269865	1	269	NA	NA	NA	NA	NA	
1030	chr9:103163079-103163430	1	230	NA	-246	NA	NA	NA	
1031	chr9:103307282-103307604	1	195	NA	NA	NA	NA	NA	
1032	chr9:105353121-105353485	1	152	NA	NA	NA	NA	NA	
1033	chr9:106749843-106750153	1	150	NA	NA	NA	NA	NA	
1034	chr9:107192363-107192932	1	432	-127	NA	NA	NA	NA	
1035	chr9:108205896-108206149	1	-145	NA	NA	NA	NA	NA	
1036	chr9:108506582-108507001	1	230	NA	NA	NA	NA	NA	
1037	chr9:110126401-110126611	2	NA	NA	NA	NA	NA	NA	
1038	chr9:110321416-110321698	1	-141	-122	-48	NA	NA	NA	
1039	chr9:110489988-110490449	1	253	NA	NA	NA	NA	NA	
1040	chr9:114601694-114602025	1	-119	NA	NA	NA	NA	NA	
1041	chr9:114626740-114626999	2	NA	NA	NA	NA	NA	NA	
1042	chr9:116214910-116215318	1	203	NA	NA	-186	NA	NA	
1043	chr9:117741353-117741688	2	NA	NA	NA	NA	NA	NA	
1044	chr9:119592663-119593052	1	-99	-125	NA	NA	NA	NA	
1045	chr9:120425867-120426268	1	167	NA	NA	NA	NA	NA	
1046	chr9:120782072-120782431	1	-58	NA	NA	NA	NA	NA	
1047	chr9:123720779-123721179	1	289	NA	NA	NA	NA	NA	
1048	chrM:10952-15733	1	3782	-2248	NA	NA	NA	NA	
1049	chrX:44678131-44678498	1	175	NA	230	NA	NA	NA	
1050	chrX:72851575-72851908	2	NA	NA	NA	NA	NA	NA	
1051	chrX:83491005-83491208	2	NA	NA	NA	NA	NA	NA	
1052	chrX:100183871-100184196	1	-115	NA	10	-134	NA	NA	
1053	chrX:125895499-125895976	1	-196	NA	NA	-217	NA	NA	
1054	chrX:129405460-129405731	1	-207	NA	0	-227	NA	NA	
1055	chrX:138729300-138729505	2	NA	NA	NA	NA	NA	NA	
1056	chrX:140609007-140609289	3	NA	NA	40	23	-93	NA	
