Number of sequences: 2054
Number of programs: 3
Number of motifs: 11
Motif widths: 16 12 12 12 12 12 12 12 12 21 39 
Program 1: total 827
 motif #2: 577 of 827 (0.697655 posterior)
 motif #3: 306 of 827 (0.370044 posterior)
 motif #4: 189 of 827 (0.228603 posterior)
 motif #5: 96 of 827 (0.116175 posterior)
 motif #6: 67 of 827 (0.081117 posterior)
 motif #7: 62 of 827 (0.075073 posterior)
 motif #8: 65 of 827 (0.078699 posterior)
 motif #9: 54 of 827 (0.065401 posterior)
 motif #10: 26 of 827 (0.031552 posterior)
 motif #11: 9 of 827 (0.011001 posterior)

Program 2: total 754
 motif #1: 754 of 754 (0.999867 posterior)
 motif #3: 223 of 754 (0.295810 posterior)
 motif #4: 159 of 754 (0.210952 posterior)
 motif #5: 111 of 754 (0.147308 posterior)
 motif #6: 92 of 754 (0.122116 posterior)
 motif #7: 87 of 754 (0.115487 posterior)
 motif #8: 50 of 754 (0.066428 posterior)
 motif #9: 39 of 754 (0.051843 posterior)
 motif #10: 31 of 754 (0.041236 posterior)
 motif #11: 16 of 754 (0.021347 posterior)

Program 3: total 473

Motif #1
total sequences 754
A	[ 304.0	60.0	18.0	-0.0	52.0	745.0	0.0	-0.0	185.0	92.0	153.0	207.0	273.0	254.0	297.0	78.0	]
C	[ 195.0	103.0	320.0	98.0	60.0	-0.0	11.0	662.0	1.0	278.0	190.0	125.0	161.0	230.0	151.0	278.0	]
G	[ 101.0	71.0	194.0	0.0	1.0	9.0	0.0	0.0	0.0	186.0	48.0	203.0	107.0	105.0	67.0	68.0	]
T	[ 154.0	520.0	222.0	656.0	641.0	-0.0	743.0	92.0	568.0	198.0	363.0	219.0	213.0	165.0	239.0	330.0	]
Motif #2
total sequences 577
A	[ 357.0	34.0	461.0	-0.0	17.0	84.0	45.0	100.0	572.0	4.0	-0.0	153.0	]
C	[ 28.0	66.0	22.0	22.0	164.0	203.0	106.0	-0.0	-0.0	-0.0	550.0	5.0	]
G	[ 18.0	476.0	33.0	6.0	150.0	165.0	23.0	-0.0	5.0	-0.0	-0.0	7.0	]
T	[ 174.0	1.0	61.0	549.0	246.0	125.0	403.0	477.0	-0.0	573.0	27.0	412.0	]
Motif #3
total sequences 529
A	[ 76.0	340.0	-0.0	-0.0	-0.0	-0.0	-0.0	0.0	47.0	68.0	61.0	65.0	]
C	[ 236.0	81.0	395.0	0.0	0.0	526.0	529.0	12.0	150.0	159.0	166.0	161.0	]
G	[ 89.0	35.0	-0.0	-0.0	0.0	3.0	-0.0	-0.0	256.0	11.0	80.0	62.0	]
T	[ 128.0	73.0	134.0	529.0	529.0	0.0	0.0	517.0	76.0	291.0	222.0	241.0	]
Motif #4
total sequences 348
A	[ 0.0	0.0	103.0	47.0	0.0	39.0	35.0	13.0	53.0	90.0	0.0	9.0	]
C	[ 281.0	254.0	181.0	232.0	311.0	206.0	218.0	290.0	194.0	169.0	348.0	338.0	]
G	[ -0.0	-0.0	0.0	12.0	0.0	-0.0	28.0	0.0	21.0	-0.0	0.0	1.0	]
T	[ 67.0	94.0	64.0	57.0	37.0	103.0	67.0	45.0	80.0	89.0	-0.0	-0.0	]
Motif #5
total sequences 207
A	[ 76.0	199.0	-0.0	58.0	207.0	207.0	135.0	2.0	103.0	144.0	153.0	80.0	]
C	[ 95.0	-0.0	0.0	-0.0	0.0	-0.0	0.0	66.0	48.0	6.0	18.0	36.0	]
G	[ 21.0	-0.0	207.0	149.0	0.0	0.0	72.0	90.0	19.0	57.0	32.0	91.0	]
T	[ 15.0	8.0	-0.0	-0.0	-0.0	0.0	-0.0	49.0	37.0	-0.0	4.0	-0.0	]
Motif #6
total sequences 159
A	[ 75.0	135.0	156.0	121.0	4.0	121.0	159.0	150.0	122.0	0.0	73.0	128.0	]
C	[ 16.0	0.0	2.0	16.0	86.0	0.0	-0.0	9.0	27.0	136.0	82.0	31.0	]
G	[ 68.0	-0.0	-0.0	0.0	25.0	26.0	0.0	0.0	10.0	-0.0	3.0	0.0	]
T	[ -0.0	24.0	1.0	22.0	44.0	12.0	-0.0	-0.0	-0.0	23.0	1.0	-0.0	]
Motif #7
total sequences 149
A	[ 149.0	108.0	122.0	64.0	72.0	61.0	141.0	149.0	107.0	4.0	62.0	147.0	]
C	[ 0.0	16.0	3.0	0.0	34.0	50.0	-0.0	-0.0	17.0	76.0	87.0	2.0	]
G	[ -0.0	17.0	1.0	50.0	28.0	28.0	0.0	-0.0	25.0	14.0	0.0	0.0	]
T	[ 0.0	8.0	23.0	35.0	15.0	10.0	8.0	0.0	-0.0	55.0	-0.0	0.0	]
Motif #8
total sequences 115
A	[ 100.0	90.0	102.0	115.0	112.0	115.0	114.0	115.0	114.0	113.0	115.0	115.0	]
C	[ -0.0	-0.0	0.0	-0.0	0.0	-0.0	0.0	0.0	0.0	-0.0	0.0	-0.0	]
G	[ 0.0	25.0	13.0	0.0	2.0	0.0	1.0	-0.0	1.0	2.0	0.0	-0.0	]
T	[ 15.0	-0.0	0.0	-0.0	1.0	-0.0	0.0	-0.0	0.0	0.0	0.0	0.0	]
Motif #9
total sequences 93
A	[ 68.0	1.0	93.0	-0.0	4.0	6.0	0.0	93.0	-0.0	-0.0	40.0	2.0	]
C	[ 3.0	1.0	-0.0	-0.0	36.0	18.0	-0.0	-0.0	-0.0	91.0	-0.0	17.0	]
G	[ 2.0	91.0	-0.0	-0.0	31.0	12.0	-0.0	-0.0	2.0	-0.0	6.0	40.0	]
T	[ 20.0	0.0	0.0	93.0	22.0	57.0	93.0	-0.0	91.0	2.0	47.0	34.0	]
Motif #10
total sequences 57
A	[ 16.0	23.0	20.0	10.0	6.0	17.0	25.0	4.0	5.0	56.0	0.0	9.0	57.0	-0.0	27.0	1.0	0.0	0.0	12.0	28.0	10.0	]
C	[ 13.0	9.0	13.0	14.0	16.0	9.0	0.0	48.0	52.0	0.0	33.0	31.0	0.0	0.0	-0.0	0.0	0.0	0.0	39.0	-0.0	26.0	]
G	[ 10.0	9.0	-0.0	18.0	-0.0	15.0	17.0	3.0	0.0	0.0	23.0	2.0	0.0	57.0	30.0	38.0	57.0	53.0	0.0	27.0	21.0	]
T	[ 18.0	16.0	24.0	15.0	35.0	16.0	15.0	2.0	0.0	1.0	1.0	15.0	-0.0	0.0	0.0	18.0	0.0	4.0	6.0	2.0	-0.0	]
Motif #11
total sequences 25
A	[ 10.0	6.0	8.0	9.0	14.0	15.0	22.0	25.0	19.0	16.0	11.0	20.0	25.0	20.0	24.0	12.0	12.0	25.0	17.0	20.0	11.0	15.0	17.0	25.0	7.0	17.0	16.0	21.0	9.0	22.0	12.0	18.0	19.0	19.0	12.0	15.0	4.0	13.0	8.0	]
C	[ 0.0	9.0	4.0	3.0	3.0	3.0	0.0	0.0	6.0	9.0	12.0	4.0	0.0	3.0	0.0	7.0	12.0	0.0	4.0	5.0	12.0	10.0	7.0	0.0	16.0	5.0	9.0	4.0	16.0	3.0	9.0	6.0	6.0	6.0	13.0	8.0	15.0	10.0	9.0	]
G	[ 3.0	8.0	2.0	9.0	5.0	5.0	3.0	0.0	0.0	0.0	0.0	1.0	0.0	2.0	1.0	0.0	0.0	0.0	4.0	0.0	0.0	0.0	1.0	0.0	0.0	0.0	0.0	0.0	0.0	0.0	3.0	0.0	0.0	0.0	0.0	2.0	4.0	0.0	3.0	]
T	[ 12.0	2.0	11.0	4.0	3.0	2.0	0.0	0.0	0.0	0.0	2.0	0.0	0.0	0.0	0.0	6.0	1.0	0.0	0.0	0.0	2.0	0.0	0.0	0.0	2.0	3.0	0.0	0.0	0.0	0.0	1.0	1.0	0.0	0.0	0.0	0.0	2.0	2.0	5.0	]
Motif #1; total sequences 754; NtNTTATCtNNNNNNN / NNNNNNNaGATAANaN
Motif #2; total sequences 577; aGaTNNtTATCt / aGATAaNNAtCt
Motif #3; total sequences 529; NacTTCCTNtNN / NNaNAGGAAgtN
Motif #4; total sequences 348; CcccCccCcNCC / GGNgGggGgggG
Motif #5; total sequences 207; NAGgAAaNNaaN / NttNNtTTcCTN
Motif #6; total sequences 159; NAAacaAAaCcA / TgGtTTtgtTTN
Motif #7; total sequences 149; AaANNNAAaccA / TggtTTNNNTtT
Motif #8; total sequences 115; AaAAAAAAAAAA / TTTTTTTTTTtT
Motif #9; total sequences 93; aGATNtTATCtN / NaGATAaNATCt
Motif #10; total sequences 57; NNNNtNNCCAccAGggGGcRN / NYgCCccCTggTGGNNaNNNN
Motif #11; total sequences 25; NNNNaaAAaaMaAaANMAaaMaaAcaaAcANaaacacaN / NtgtgtttNTgTttgTttKttTKNTtTtKttTTttNNNN

Full posterior for run 4 is 17773.881959
