1	chr1:6239486-6239734	4	NA	NA	-134	NA	NA	NA	
2	chr1:6444221-6445009	3	NA	43	NA	81	NA	NA	
3	chr1:7078835-7079191	4	NA	NA	-82	NA	NA	NA	
4	chr1:13226024-13226535	1	NA	NA	NA	NA	NA	NA	
5	chr1:16290150-16290621	2	-69	NA	NA	NA	NA	-12	
6	chr1:20897657-20898103	4	NA	NA	118	NA	NA	NA	
7	chr1:21454841-21455239	1	NA	NA	NA	NA	NA	NA	
8	chr1:36093868-36094249	1	NA	NA	NA	NA	NA	NA	
9	chr1:36187913-36188613	6	NA	NA	NA	NA	93	NA	
10	chr1:36491260-36491812	3	NA	48	NA	NA	NA	NA	
11	chr1:36535774-36536282	5	NA	NA	NA	-153	NA	NA	
12	chr1:36667620-36668031	2	84	NA	NA	NA	NA	NA	
13	chr1:36704874-36705315	1	NA	NA	NA	NA	NA	NA	
14	chr1:36864775-36865507	3	NA	-123	NA	NA	NA	NA	
15	chr1:37261671-37262466	4	NA	NA	-109	NA	NA	NA	
16	chr1:37559180-37559832	4	NA	NA	-184	NA	NA	NA	
17	chr1:38828167-38828973	4	NA	159	-58	NA	NA	NA	
18	chr1:38969581-38969997	3	NA	95	NA	NA	NA	NA	
19	chr1:39136945-39137334	2	108	NA	NA	NA	NA	NA	
20	chr1:39680839-39681327	3	NA	-17	NA	NA	NA	NA	
21	chr1:39952497-39952843	3	NA	103	NA	NA	NA	NA	
22	chr1:40269196-40270005	1	NA	NA	NA	NA	NA	NA	
23	chr1:40419938-40420850	2	89	NA	NA	NA	NA	NA	
24	chr1:43298011-43298672	3	NA	104	NA	NA	NA	NA	
25	chr1:43408289-43408748	1	NA	NA	NA	NA	NA	NA	
26	chr1:43427210-43427680	5	NA	NA	NA	-74	NA	NA	
27	chr1:51538168-51538923	1	NA	NA	NA	NA	NA	NA	
28	chr1:53838985-53839601	3	NA	-157	NA	NA	NA	NA	
29	chr1:53853759-53854118	1	NA	NA	NA	NA	NA	NA	
30	chr1:55390676-55391147	1	NA	NA	NA	NA	NA	NA	
31	chr1:58367871-58368289	2	58	NA	NA	NA	NA	NA	
32	chr1:60721351-60722079	1	NA	NA	NA	NA	NA	NA	
33	chr1:60855200-60856069	4	NA	NA	55	NA	NA	NA	
34	chr1:60934728-60935318	6	NA	NA	NA	NA	42	NA	
35	chr1:64420605-64420988	1	NA	NA	NA	NA	NA	NA	
36	chr1:66753420-66754049	1	NA	NA	NA	NA	NA	NA	
37	chr1:66947303-66947823	6	NA	NA	NA	NA	94	NA	
38	chr1:69590700-69591198	1	NA	NA	NA	NA	NA	NA	
39	chr1:69701966-69702472	2	153	NA	NA	NA	NA	NA	
40	chr1:74195682-74196127	1	NA	NA	NA	NA	NA	NA	
41	chr1:80287524-80288069	4	NA	NA	91	NA	NA	-34	
42	chr1:87517715-87518195	4	NA	NA	-51	NA	NA	NA	
43	chr1:87625078-87625840	5	NA	NA	NA	-99	NA	NA	
44	chr1:87793225-87793746	3	NA	173	NA	NA	NA	NA	
45	chr1:89438598-89439189	3	NA	-137	NA	NA	NA	NA	
46	chr1:89491812-89492255	5	NA	NA	NA	88	NA	NA	
47	chr1:89669048-89669526	2	30	NA	NA	NA	NA	NA	
48	chr1:89730627-89731279	4	NA	NA	130	NA	NA	NA	
49	chr1:90108642-90109389	1	NA	NA	NA	NA	NA	NA	
50	chr1:90306430-90307262	3	NA	-92	NA	NA	NA	NA	
51	chr1:90418587-90419218	5	NA	NA	NA	182	NA	NA	
52	chr1:93480806-93481466	1	NA	NA	NA	NA	NA	NA	
53	chr1:93899717-93900248	1	NA	NA	NA	NA	NA	NA	
54	chr1:94471776-94472247	1	NA	NA	NA	NA	NA	NA	
55	chr1:99507073-99507485	1	NA	NA	NA	NA	NA	NA	
56	chr1:107718628-107719080	2	-77	NA	NA	NA	NA	20	
57	chr1:107979263-107979822	1	NA	NA	NA	NA	NA	NA	
58	chr1:108586311-108586647	3	NA	94	NA	NA	NA	NA	
59	chr1:120138676-120139224	2	-128	NA	NA	NA	NA	NA	
60	chr1:120273347-120273884	3	NA	89	NA	-138	NA	NA	
61	chr1:120304469-120304970	4	NA	NA	113	NA	NA	NA	
62	chr1:121319438-121320040	6	NA	NA	NA	NA	51	NA	
63	chr1:123435456-123436143	4	NA	-69	-27	NA	NA	NA	
64	chr1:129042260-129042891	5	NA	NA	NA	95	NA	NA	
65	chr1:129191237-129191807	4	NA	NA	114	NA	NA	NA	
66	chr1:129774660-129774998	1	NA	NA	NA	NA	NA	NA	
67	chr1:130418140-130418607	1	NA	NA	NA	NA	NA	NA	
68	chr1:132544955-132545401	1	NA	NA	NA	NA	NA	NA	
69	chr1:132907334-132907883	1	NA	NA	NA	NA	NA	NA	
70	chr1:133031935-133032683	4	NA	NA	-8	NA	NA	NA	
71	chr1:133107730-133108052	1	NA	NA	NA	NA	NA	NA	
72	chr1:133177477-133178029	1	NA	NA	NA	NA	NA	NA	
73	chr1:133352839-133353474	1	NA	NA	NA	NA	NA	NA	
74	chr1:133485349-133485864	1	NA	NA	NA	NA	NA	NA	
75	chr1:135008819-135009246	6	NA	NA	NA	NA	-60	NA	
76	chr1:135372479-135372981	2	-145	-168	NA	NA	NA	NA	
77	chr1:135505840-135506375	1	NA	NA	NA	NA	NA	NA	
78	chr1:135881695-135882271	3	NA	85	NA	NA	NA	NA	
79	chr1:135887779-135888417	4	NA	NA	182	NA	NA	NA	
80	chr1:135894372-135895356	1	NA	NA	NA	NA	NA	NA	
81	chr1:135909198-135909527	1	NA	NA	NA	NA	NA	NA	
82	chr1:136681922-136682367	4	NA	NA	-45	NA	NA	NA	
83	chr1:136947329-136948070	4	NA	42	56	NA	NA	NA	
84	chr1:137246181-137246560	1	NA	NA	NA	NA	NA	NA	
85	chr1:138071512-138072581	2	-155	NA	NA	NA	NA	NA	
86	chr1:138395695-138396269	6	NA	-74	NA	NA	149	NA	
87	chr1:138501840-138502214	1	NA	NA	NA	NA	NA	NA	
88	chr1:139623022-139623575	2	38	NA	NA	NA	NA	NA	
89	chr1:139631173-139631373	1	NA	NA	NA	NA	NA	NA	
90	chr1:139761633-139762129	1	NA	NA	NA	NA	NA	NA	
91	chr1:139941958-139942489	3	NA	166	NA	NA	NA	NA	
92	chr1:139952815-139953593	1	NA	NA	NA	NA	NA	NA	
93	chr1:139991384-139991744	2	-49	NA	NA	NA	NA	NA	
94	chr1:140662596-140663197	2	112	NA	NA	NA	NA	NA	
95	chr1:145768471-145769266	1	NA	NA	NA	NA	NA	NA	
96	chr1:153049380-153049959	4	NA	NA	107	NA	NA	NA	
97	chr1:153106071-153106720	3	NA	119	NA	NA	NA	NA	
98	chr1:153846809-153847482	1	NA	NA	NA	NA	NA	NA	
99	chr1:154282997-154283470	1	NA	NA	NA	NA	NA	NA	
100	chr1:155142025-155142734	1	NA	NA	NA	NA	NA	NA	
101	chr1:156916884-156917916	6	NA	103	NA	NA	172	NA	
102	chr1:157605820-157606165	1	NA	NA	NA	NA	NA	NA	
103	chr1:158101180-158101519	1	NA	NA	NA	NA	NA	NA	
104	chr1:158299286-158299674	4	NA	NA	-133	NA	NA	NA	
105	chr1:158510048-158510527	2	-156	-140	NA	NA	NA	NA	
106	chr1:158554779-158555229	1	NA	NA	NA	NA	NA	NA	
107	chr1:158827798-158828073	3	NA	93	NA	NA	NA	NA	
108	chr1:159318123-159318379	5	NA	NA	NA	77	NA	NA	
109	chr1:163507488-163508307	2	-15	NA	NA	NA	NA	NA	
110	chr1:167664774-167665693	1	NA	NA	NA	NA	NA	NA	
111	chr1:167681459-167682234	3	NA	-82	NA	NA	NA	NA	
112	chr1:167822820-167823300	2	-141	NA	NA	NA	NA	NA	
113	chr1:167851007-167851565	4	NA	NA	-164	NA	NA	NA	
114	chr1:173106887-173107224	1	NA	NA	NA	NA	NA	NA	
115	chr1:173608565-173609541	1	NA	NA	NA	NA	NA	NA	
116	chr1:173758047-173758513	1	NA	NA	NA	NA	NA	NA	
117	chr1:173776129-173776567	1	NA	NA	NA	NA	NA	NA	
118	chr1:173851826-173852409	4	NA	NA	-77	NA	NA	NA	
119	chr1:174177703-174178118	2	174	NA	NA	NA	NA	NA	
120	chr1:178682195-178682636	2	90	NA	NA	NA	NA	NA	
121	chr1:178822532-178823422	5	NA	NA	NA	84	NA	NA	
122	chr1:181006341-181006803	2	83	NA	NA	NA	NA	NA	
123	chr1:182155122-182155417	6	NA	NA	NA	NA	67	NA	
124	chr1:182180561-182181083	1	NA	NA	NA	NA	NA	NA	
125	chr1:184194786-184195165	3	NA	-43	NA	103	NA	NA	
126	chr1:185688851-185689459	1	NA	NA	NA	NA	NA	NA	
127	chr1:185802484-185803105	3	NA	152	NA	NA	NA	NA	
128	chr1:186554622-186555148	4	NA	NA	146	NA	NA	NA	
129	chr1:191309511-191309926	3	NA	-125	NA	NA	NA	NA	
130	chr1:193263298-193263700	1	NA	NA	NA	NA	NA	NA	
131	chr1:194931571-194932260	6	NA	36	NA	NA	-101	NA	
132	chr1:196942183-196942655	3	NA	-101	NA	NA	NA	NA	
133	chr10:3167628-3167911	3	NA	76	NA	NA	NA	NA	
134	chr10:5999397-5999660	2	-140	NA	NA	NA	NA	123	
135	chr10:7320514-7320920	2	169	NA	NA	NA	NA	NA	
136	chr10:7352589-7352961	3	NA	-102	NA	NA	NA	NA	
137	chr10:7529651-7530002	2	-115	-76	NA	NA	NA	NA	
138	chr10:13683383-13684086	2	-124	NA	NA	NA	NA	NA	
139	chr10:13688852-13689642	4	NA	NA	-77	NA	NA	NA	
140	chr10:13776989-13777521	2	-58	NA	NA	NA	NA	NA	
141	chr10:13806156-13806670	5	NA	NA	NA	2	NA	NA	
142	chr10:17418024-17418633	3	NA	25	NA	73	NA	NA	
143	chr10:18642514-18643094	2	-89	NA	NA	NA	NA	NA	
144	chr10:18751415-18752385	6	NA	NA	NA	NA	-78	NA	
145	chr10:18847053-18847595	1	NA	NA	NA	NA	NA	NA	
146	chr10:18875586-18876312	5	NA	NA	NA	57	NA	NA	
147	chr10:18885092-18885428	3	NA	169	NA	NA	NA	NA	
148	chr10:18915902-18916399	5	NA	NA	NA	130	NA	NA	
149	chr10:19255156-19255828	4	NA	NA	96	NA	NA	NA	
150	chr10:19591767-19592021	4	NA	NA	102	NA	NA	NA	
151	chr10:19628468-19629118	4	NA	NA	142	NA	NA	NA	
152	chr10:20119565-20120057	6	NA	NA	NA	NA	-87	NA	
153	chr10:20690168-20690668	4	NA	NA	-161	NA	NA	NA	
154	chr10:20738089-20738417	1	NA	NA	NA	NA	NA	NA	
155	chr10:20790011-20790670	1	NA	NA	NA	NA	NA	NA	
156	chr10:21510648-21511090	6	NA	NA	NA	NA	-154	NA	
157	chr10:25093687-25094180	2	-89	NA	NA	NA	NA	NA	
158	chr10:26014466-26015295	2	75	NA	NA	NA	NA	NA	
159	chr10:26048046-26048844	2	-26	NA	NA	NA	NA	NA	
160	chr10:26064975-26065448	2	-169	NA	NA	NA	NA	NA	
161	chr10:28500577-28500912	1	NA	NA	NA	NA	NA	NA	
162	chr10:33725944-33726370	2	-180	-145	NA	NA	NA	130	
163	chr10:37498621-37499045	1	NA	NA	NA	NA	NA	NA	
164	chr10:38810623-38811323	1	NA	NA	NA	NA	NA	NA	
165	chr10:39680485-39680922	1	NA	NA	NA	NA	NA	NA	
166	chr10:39842603-39843237	2	-141	NA	NA	NA	NA	NA	
167	chr10:41522607-41522920	1	NA	NA	NA	NA	NA	NA	
168	chr10:41719369-41719718	5	NA	NA	NA	NA	NA	181	
169	chr10:41745557-41746106	1	NA	NA	NA	NA	NA	NA	
170	chr10:42459746-42460022	1	NA	NA	NA	NA	NA	NA	
171	chr10:42556443-42556819	3	NA	43	NA	-4	NA	NA	
172	chr10:43269584-43270130	3	NA	29	NA	NA	NA	NA	
173	chr10:43446294-43447007	2	93	NA	NA	NA	NA	NA	
174	chr10:43559065-43559548	4	NA	NA	-70	NA	NA	NA	
175	chr10:43809927-43810191	2	33	NA	NA	NA	NA	NA	
176	chr10:53500546-53501215	4	NA	54	-106	NA	NA	NA	
177	chr10:57738764-57739434	5	NA	NA	NA	92	NA	NA	
178	chr10:59344017-59344374	1	NA	NA	NA	NA	NA	NA	
179	chr10:59358901-59359453	2	-75	NA	NA	NA	NA	NA	
180	chr10:59736924-59737587	1	NA	NA	NA	NA	NA	NA	
181	chr10:61724424-61724797	1	NA	NA	NA	NA	NA	NA	
182	chr10:67477002-67477578	2	167	NA	NA	NA	NA	NA	
183	chr10:68556334-68556769	6	NA	145	NA	NA	21	NA	
184	chr10:68563897-68564323	2	56	NA	NA	NA	NA	NA	
185	chr10:74975335-74975983	4	NA	121	91	NA	NA	NA	
186	chr10:75340883-75341338	1	NA	NA	NA	NA	NA	NA	
187	chr10:75395161-75395634	1	NA	NA	NA	NA	NA	NA	
188	chr10:76981609-76981864	3	NA	55	NA	NA	NA	NA	
189	chr10:77774982-77775452	2	145	NA	NA	NA	NA	NA	
190	chr10:77997429-77998268	2	-17	NA	NA	NA	NA	NA	
191	chr10:79183862-79184485	1	NA	NA	NA	NA	NA	NA	
192	chr10:79386570-79387304	6	NA	NA	NA	NA	-76	NA	
193	chr10:79456875-79457570	3	NA	-149	NA	NA	NA	NA	
194	chr10:79519982-79520586	1	NA	NA	NA	NA	NA	NA	
195	chr10:79629917-79630358	4	NA	NA	139	NA	NA	NA	
196	chr10:79836558-79837517	2	-184	NA	NA	NA	NA	NA	
197	chr10:80201500-80202276	1	NA	NA	NA	NA	NA	NA	
198	chr10:80508956-80509547	1	NA	NA	NA	NA	NA	NA	
199	chr10:80539157-80539887	1	NA	NA	NA	NA	NA	NA	
200	chr10:80723521-80723910	4	NA	4	79	NA	NA	NA	
201	chr10:80913245-80913786	3	NA	173	NA	NA	NA	NA	
202	chr10:82415420-82415986	5	NA	NA	NA	134	NA	NA	
203	chr10:82434171-82434607	4	NA	NA	108	NA	NA	NA	
204	chr10:82566809-82567254	1	NA	NA	NA	NA	NA	NA	
205	chr10:83541064-83541414	5	NA	NA	NA	-103	NA	NA	
206	chr10:92553914-92554685	5	NA	NA	NA	-124	NA	NA	
207	chr10:92575515-92576255	2	-42	NA	NA	NA	NA	NA	
208	chr10:92592125-92592958	2	131	NA	NA	NA	NA	NA	
209	chr10:92765582-92766241	2	-66	-109	NA	NA	NA	NA	
210	chr10:93329713-93330053	3	NA	-135	NA	NA	NA	NA	
211	chr10:96154351-96154953	5	NA	NA	NA	-171	NA	NA	
212	chr10:98546473-98546991	1	NA	NA	NA	NA	NA	NA	
213	chr10:98639188-98639777	1	NA	NA	NA	NA	NA	NA	
214	chr10:98674648-98675173	1	NA	NA	NA	NA	NA	NA	
215	chr10:110145894-110146521	6	NA	NA	NA	NA	-162	NA	
216	chr10:116585581-116585875	4	NA	NA	146	NA	NA	NA	
217	chr10:116901896-116902477	2	-153	NA	NA	NA	NA	NA	
218	chr10:117321437-117322032	3	NA	-111	NA	NA	NA	NA	
219	chr10:117355788-117356363	6	NA	-97	NA	NA	-54	NA	
220	chr10:117410128-117410532	3	NA	-111	NA	NA	NA	NA	
221	chr10:117575485-117576046	6	NA	NA	NA	NA	29	NA	
222	chr10:117884512-117884962	5	NA	NA	NA	29	NA	NA	
223	chr10:117910693-117910995	4	NA	NA	-26	NA	NA	NA	
224	chr10:118441873-118442454	1	NA	NA	NA	NA	NA	NA	
225	chr10:119605094-119605576	2	-63	NA	NA	NA	NA	-130	
226	chr10:120822863-120823426	5	NA	NA	NA	-122	NA	NA	
227	chr10:121981568-121982113	3	NA	143	NA	NA	NA	NA	
228	chr10:122005280-122005755	6	NA	-68	NA	NA	178	NA	
229	chr10:122054695-122055515	6	NA	NA	NA	NA	-44	NA	
230	chr10:127407803-127408346	2	54	NA	NA	NA	NA	NA	
231	chr10:127726651-127726981	4	NA	-2	-25	NA	NA	NA	
232	chr10:127740319-127740790	6	NA	NA	NA	NA	-118	NA	
233	chr10:127747907-127748469	4	NA	NA	12	NA	NA	NA	
234	chr10:127907396-127908164	4	NA	143	-51	NA	NA	NA	
235	chr10:129725262-129726250	2	-90	121	NA	NA	NA	NA	
236	chr11:3213039-3213875	2	72	NA	NA	NA	NA	NA	
237	chr11:5153455-5154231	3	NA	-8	NA	NA	NA	NA	
238	chr11:5195606-5196336	5	NA	NA	NA	56	NA	NA	
239	chr11:5197388-5198235	1	NA	NA	NA	NA	NA	NA	
240	chr11:5311507-5312260	1	NA	NA	NA	NA	NA	NA	
241	chr11:5899905-5900534	5	NA	NA	NA	138	NA	NA	
242	chr11:6428384-6428902	1	NA	NA	NA	NA	NA	NA	
243	chr11:6601218-6601830	1	NA	NA	NA	NA	NA	NA	
244	chr11:8458970-8459228	4	NA	NA	-66	NA	NA	NA	
245	chr11:11369562-11370112	4	NA	NA	-167	NA	NA	NA	
246	chr11:11463910-11464869	2	80	NA	NA	NA	NA	NA	
247	chr11:11579008-11579469	3	NA	-17	NA	-35	NA	NA	
248	chr11:11611673-11612183	2	28	-46	NA	NA	NA	NA	
249	chr11:11626021-11626694	2	36	23	NA	NA	NA	NA	
250	chr11:20148561-20149344	5	NA	NA	NA	-51	NA	NA	
251	chr11:22592611-22593129	2	-98	NA	NA	NA	NA	NA	
252	chr11:22745182-22745606	4	NA	NA	-26	NA	NA	NA	
253	chr11:22757738-22758236	4	NA	NA	-176	NA	NA	NA	
254	chr11:31570847-31572189	1	NA	NA	NA	NA	NA	NA	
255	chr11:31961836-31962378	3	NA	42	NA	NA	NA	NA	
256	chr11:32099898-32100658	5	NA	NA	NA	-116	NA	NA	
257	chr11:33838619-33840344	1	NA	NA	NA	NA	NA	NA	
258	chr11:33993121-33993637	1	NA	NA	NA	NA	NA	NA	
259	chr11:43335903-43336489	1	NA	NA	NA	NA	NA	NA	
260	chr11:44383450-44383807	5	NA	NA	NA	-28	NA	NA	
261	chr11:45694912-45695413	4	NA	NA	167	NA	NA	NA	
262	chr11:46187040-46187718	3	NA	-79	NA	NA	NA	NA	
263	chr11:46232484-46233347	5	NA	NA	NA	146	NA	NA	
264	chr11:46264223-46264890	4	NA	156	-173	NA	NA	NA	
265	chr11:49829535-49830067	1	NA	NA	NA	NA	NA	NA	
266	chr11:49977594-49977996	1	NA	NA	NA	NA	NA	NA	
267	chr11:51462886-51463327	1	NA	NA	NA	NA	NA	NA	
268	chr11:51792483-51793143	1	NA	NA	NA	NA	NA	NA	
269	chr11:52127665-52128283	6	NA	NA	NA	NA	40	NA	
270	chr11:52157406-52158321	2	-176	NA	NA	NA	NA	NA	
271	chr11:53188697-53188986	3	NA	126	NA	NA	NA	NA	
272	chr11:53360223-53360759	2	-12	NA	NA	NA	NA	NA	
273	chr11:53479566-53479931	5	NA	NA	NA	-99	NA	NA	
274	chr11:53906376-53907245	1	NA	NA	NA	NA	NA	NA	
275	chr11:53908762-53909334	1	NA	NA	NA	NA	NA	NA	
276	chr11:53926171-53926440	2	-102	NA	NA	NA	NA	NA	
277	chr11:54709888-54710639	5	NA	NA	NA	183	NA	NA	
278	chr11:54950949-54951474	1	NA	NA	NA	NA	NA	NA	
279	chr11:57480869-57481481	1	NA	NA	NA	NA	NA	NA	
280	chr11:57501084-57501363	2	-99	NA	NA	NA	NA	NA	
281	chr11:58645901-58646293	1	NA	NA	NA	NA	NA	NA	
282	chr11:59862458-59862952	2	126	NA	NA	NA	NA	NA	
283	chr11:59974063-59974799	2	-80	NA	NA	NA	NA	NA	
284	chr11:60046638-60047198	5	NA	NA	NA	28	NA	NA	
285	chr11:60150514-60150809	3	NA	-104	NA	NA	NA	NA	
286	chr11:62190707-62191446	1	NA	NA	NA	NA	NA	NA	
287	chr11:68018458-68018993	5	NA	NA	NA	-130	NA	NA	
288	chr11:68889613-68889969	2	-87	NA	NA	NA	NA	NA	
289	chr11:69074556-69074789	3	NA	139	NA	NA	NA	NA	
290	chr11:69182621-69183155	2	71	NA	NA	NA	NA	NA	
291	chr11:69487371-69487881	1	NA	NA	NA	NA	NA	NA	
292	chr11:69654502-69655086	5	NA	NA	NA	181	NA	NA	
293	chr11:71812433-71812927	3	NA	-97	NA	NA	NA	NA	
294	chr11:71839689-71840076	2	-185	NA	NA	NA	NA	NA	
295	chr11:72262537-72262938	6	NA	NA	NA	NA	90	NA	
296	chr11:72952662-72953326	4	NA	NA	-79	NA	NA	NA	
297	chr11:74363177-74363585	1	NA	NA	NA	NA	NA	NA	
298	chr11:75011374-75011950	1	NA	NA	NA	NA	NA	NA	
299	chr11:75995972-75996604	4	NA	NA	-47	NA	NA	NA	
300	chr11:76295215-76295611	3	NA	-66	NA	NA	NA	NA	
301	chr11:77218509-77219335	5	NA	NA	NA	-107	NA	NA	
302	chr11:77364093-77364573	5	NA	NA	NA	-110	NA	NA	
303	chr11:78352206-78353060	1	NA	NA	NA	NA	NA	NA	
304	chr11:78513914-78514389	2	-21	162	NA	NA	NA	NA	
305	chr11:78646487-78646823	6	NA	5	NA	NA	91	NA	
306	chr11:79070549-79071168	6	NA	NA	NA	NA	-131	NA	
307	chr11:79489726-79490161	3	NA	58	NA	NA	NA	NA	
308	chr11:79884172-79884458	3	NA	92	NA	NA	NA	NA	
309	chr11:79969877-79970476	6	NA	NA	NA	NA	-64	NA	
310	chr11:80198684-80199301	3	NA	18	NA	NA	NA	NA	
311	chr11:82760965-82761499	6	NA	NA	NA	NA	177	NA	
312	chr11:82857057-82857726	3	NA	171	NA	NA	NA	NA	
313	chr11:82882033-82882494	2	-137	NA	NA	NA	NA	NA	
314	chr11:83990743-83991362	4	NA	NA	108	NA	NA	NA	
315	chr11:85269943-85270734	2	-87	NA	NA	NA	NA	NA	
316	chr11:86248451-86248673	2	-127	NA	NA	NA	NA	NA	
317	chr11:86574043-86574822	2	-85	NA	NA	NA	NA	NA	
318	chr11:87567606-87568413	2	91	36	NA	NA	NA	NA	
319	chr11:87575616-87576431	4	NA	NA	104	NA	NA	NA	
320	chr11:87885415-87885833	2	-169	NA	NA	NA	NA	NA	
321	chr11:87961324-87962118	1	NA	NA	NA	NA	NA	NA	
322	chr11:88805705-88805997	1	NA	NA	NA	NA	NA	NA	
323	chr11:90065035-90065349	2	-17	NA	NA	NA	NA	NA	
324	chr11:90341320-90341764	3	NA	82	NA	NA	NA	NA	
325	chr11:93852087-93852448	4	NA	NA	39	NA	NA	NA	
326	chr11:94407767-94408396	1	NA	NA	NA	NA	NA	NA	
327	chr11:94816633-94817088	2	67	NA	NA	NA	NA	NA	
328	chr11:95172631-95173237	3	NA	28	NA	NA	NA	NA	
329	chr11:95825220-95825693	2	-73	NA	NA	NA	NA	NA	
330	chr11:96975193-96975678	5	NA	NA	NA	17	NA	NA	
331	chr11:97348183-97348956	6	NA	NA	NA	NA	124	NA	
332	chr11:97481005-97481588	3	NA	30	NA	NA	NA	NA	
333	chr11:97803629-97804025	1	NA	NA	NA	NA	NA	NA	
334	chr11:97842194-97842716	4	NA	NA	-162	NA	NA	NA	
335	chr11:98009211-98009576	2	-86	NA	NA	NA	NA	NA	
336	chr11:98171865-98172325	1	NA	NA	NA	NA	NA	NA	
337	chr11:98286002-98286724	4	NA	-12	187	NA	NA	NA	
338	chr11:98313309-98313858	2	152	134	NA	NA	NA	NA	
339	chr11:98326189-98326709	3	NA	35	NA	NA	NA	NA	
340	chr11:98367625-98368048	1	NA	NA	NA	NA	NA	NA	
341	chr11:98779306-98779824	4	NA	NA	56	NA	NA	NA	
342	chr11:98921248-98921655	3	NA	-21	NA	NA	NA	NA	
343	chr11:100398075-100398460	5	NA	NA	NA	94	NA	NA	
344	chr11:100681679-100682134	5	NA	NA	NA	141	NA	NA	
345	chr11:100934098-100934431	4	NA	NA	-161	NA	NA	NA	
346	chr11:101012390-101012709	3	NA	-184	NA	NA	NA	NA	
347	chr11:102100956-102101337	1	NA	NA	NA	NA	NA	NA	
348	chr11:102814571-102815299	6	NA	88	NA	NA	122	NA	
349	chr11:103228086-103228659	2	-77	NA	NA	NA	NA	NA	
350	chr11:104366736-104367336	4	NA	NA	73	NA	NA	NA	
351	chr11:104476931-104477547	4	NA	NA	122	NA	NA	NA	
352	chr11:104483731-104484226	4	NA	NA	100	NA	NA	NA	
353	chr11:106016648-106017233	4	NA	121	-68	NA	NA	NA	
354	chr11:106089193-106089494	1	NA	NA	NA	NA	NA	NA	
355	chr11:106145854-106146211	6	NA	NA	NA	NA	-25	NA	
356	chr11:106388154-106388457	1	NA	NA	NA	NA	NA	NA	
357	chr11:106568316-106568823	1	NA	NA	NA	NA	NA	NA	
358	chr11:106606453-106606885	3	NA	-53	NA	NA	NA	NA	
359	chr11:108726733-108727568	4	NA	-63	185	NA	NA	NA	
360	chr11:110214715-110215373	4	NA	NA	102	NA	NA	NA	
361	chr11:113525795-113526258	1	NA	NA	NA	NA	NA	NA	
362	chr11:113564760-113565180	5	NA	NA	NA	145	NA	NA	
363	chr11:115152109-115152704	4	NA	NA	-19	NA	NA	NA	
364	chr11:115297776-115298077	1	NA	NA	NA	NA	NA	NA	
365	chr11:115562852-115563143	3	NA	37	NA	NA	NA	NA	
366	chr11:115839475-115839828	4	NA	NA	27	NA	NA	NA	
367	chr11:116153428-116154055	4	NA	NA	-168	NA	NA	NA	
368	chr11:116598853-116599387	4	NA	NA	40	NA	NA	NA	
369	chr11:117414896-117415609	2	-185	NA	NA	NA	NA	NA	
370	chr11:117694348-117694900	5	NA	NA	NA	-101	NA	NA	
371	chr11:117697901-117698518	1	NA	NA	NA	NA	NA	NA	
372	chr11:117752293-117752866	2	162	NA	NA	NA	NA	NA	
373	chr11:119419342-119419954	4	NA	NA	-172	NA	NA	NA	
374	chr11:119720984-119721331	1	NA	NA	NA	NA	NA	NA	
375	chr11:120704800-120705272	1	NA	NA	NA	NA	NA	NA	
376	chr11:120854741-120855467	1	NA	NA	NA	NA	NA	NA	
377	chr12:3109906-3110192	1	NA	NA	NA	NA	NA	NA	
378	chr12:3264447-3264954	2	-156	NA	NA	NA	NA	NA	
379	chr12:3982227-3982739	5	NA	NA	NA	-130	NA	NA	
380	chr12:4899996-4900409	1	NA	NA	NA	NA	NA	NA	
381	chr12:9055471-9056291	1	NA	NA	NA	NA	NA	NA	
382	chr12:11256617-11256967	3	NA	-69	NA	NA	NA	NA	
383	chr12:12398888-12399587	3	NA	29	NA	NA	NA	NA	
384	chr12:15830274-15831192	4	NA	NA	-10	NA	NA	NA	
385	chr12:16033911-16034599	2	54	NA	NA	NA	NA	NA	
386	chr12:16613768-16614285	2	-106	NA	NA	NA	NA	NA	
387	chr12:17751277-17752062	4	NA	NA	122	NA	NA	NA	
388	chr12:25599397-25600166	1	NA	NA	NA	NA	NA	NA	
389	chr12:25753788-25754265	3	NA	75	NA	NA	NA	NA	
390	chr12:27000683-27000968	1	NA	NA	NA	NA	NA	NA	
391	chr12:29431937-29432533	1	NA	NA	NA	NA	NA	NA	
392	chr12:32746112-32746444	2	126	NA	NA	NA	NA	NA	
393	chr12:32792114-32792688	4	NA	36	-128	NA	NA	NA	
394	chr12:33745869-33746315	1	NA	NA	NA	NA	NA	NA	
395	chr12:33768149-33768590	2	85	NA	NA	NA	NA	NA	
396	chr12:36665464-36666435	3	NA	-54	NA	NA	NA	NA	
397	chr12:40547368-40548182	1	NA	NA	NA	NA	NA	NA	
398	chr12:53720242-53720668	1	NA	NA	NA	NA	NA	NA	
399	chr12:55214958-55215283	1	NA	NA	NA	NA	NA	NA	
400	chr12:55234725-55235635	1	NA	NA	NA	NA	NA	NA	
401	chr12:55381838-55382142	2	-109	NA	NA	NA	NA	NA	
402	chr12:56381924-56382624	4	NA	NA	-71	NA	NA	NA	
403	chr12:70997382-70997699	5	NA	NA	NA	-102	NA	NA	
404	chr12:73968958-73969293	2	73	40	NA	NA	NA	NA	
405	chr12:74409937-74410720	5	NA	NA	NA	-84	NA	NA	
406	chr12:74516854-74517722	2	83	NA	NA	NA	NA	NA	
407	chr12:74610964-74611826	2	-76	NA	NA	NA	NA	NA	
408	chr12:74697888-74698555	2	-28	NA	NA	NA	NA	NA	
409	chr12:77324093-77324526	5	NA	NA	NA	-161	NA	NA	
410	chr12:77740703-77741395	5	NA	NA	NA	-84	NA	NA	
411	chr12:78032175-78032670	3	NA	171	NA	NA	NA	NA	
412	chr12:79667617-79668216	4	NA	NA	163	NA	NA	NA	
413	chr12:79899675-79899969	3	NA	125	NA	NA	NA	NA	
414	chr12:81190695-81191034	2	-5	95	NA	NA	NA	NA	
415	chr12:83084896-83085596	3	NA	-157	NA	NA	NA	NA	
416	chr12:84521601-84522218	1	NA	NA	NA	NA	NA	NA	
417	chr12:85110609-85111424	1	NA	NA	NA	NA	NA	NA	
418	chr12:85662424-85663206	2	178	NA	NA	NA	NA	NA	
419	chr12:85766610-85767143	3	NA	51	NA	NA	NA	NA	
420	chr12:86283188-86283725	5	NA	NA	NA	70	NA	NA	
421	chr12:86333625-86334048	2	25	189	NA	NA	NA	NA	
422	chr12:86345228-86345976	4	NA	NA	-77	NA	NA	NA	
423	chr12:86361225-86361787	1	NA	NA	NA	NA	NA	NA	
424	chr12:86521356-86522167	1	NA	NA	NA	NA	NA	NA	
425	chr12:86834432-86834876	5	NA	NA	NA	99	NA	NA	
426	chr12:87833930-87835002	1	NA	NA	NA	NA	NA	NA	
427	chr12:88942042-88942683	4	NA	NA	-87	NA	NA	NA	
428	chr12:89786755-89787170	1	NA	NA	NA	NA	NA	NA	
429	chr12:91144395-91144746	1	NA	NA	NA	NA	NA	NA	
430	chr12:91471008-91471635	4	NA	-184	-60	NA	NA	NA	
431	chr12:98647955-98648455	4	NA	-103	-22	NA	NA	NA	
432	chr12:98670620-98671317	5	NA	NA	NA	39	NA	NA	
433	chr12:99759606-99760061	2	148	NA	NA	NA	NA	NA	
434	chr12:100507987-100508727	2	-72	NA	NA	NA	NA	NA	
435	chr12:102217842-102218143	4	NA	NA	-148	NA	NA	NA	
436	chr12:102683682-102684002	1	NA	NA	NA	NA	NA	NA	
437	chr12:103006588-103007175	2	69	NA	NA	NA	NA	NA	
438	chr12:103732246-103733142	5	NA	NA	NA	14	NA	NA	
439	chr12:106435264-106435745	3	NA	96	NA	NA	NA	NA	
440	chr12:106711568-106712696	1	NA	NA	NA	NA	NA	NA	
441	chr12:106966215-106966973	6	NA	NA	NA	NA	-39	NA	
442	chr12:107059417-107059856	6	NA	NA	NA	NA	58	NA	
443	chr12:107560957-107561491	2	-138	NA	NA	NA	NA	NA	
444	chr12:107593315-107594013	2	-95	NA	NA	NA	NA	NA	
445	chr12:107608318-107608740	1	NA	NA	NA	NA	NA	NA	
446	chr12:107950104-107950682	6	NA	NA	NA	NA	109	NA	
447	chr12:108176856-108177680	1	NA	NA	NA	NA	NA	NA	
448	chr12:108723539-108724400	1	NA	NA	NA	NA	NA	NA	
449	chr12:108900178-108900560	4	NA	NA	-127	NA	NA	NA	
450	chr12:110935412-110935845	1	NA	NA	NA	NA	NA	NA	
451	chr12:110945295-110945701	5	NA	NA	NA	61	NA	NA	
452	chr12:111185611-111186342	1	NA	NA	NA	NA	NA	NA	
453	chr12:112007719-112008223	1	NA	NA	NA	NA	NA	NA	
454	chr12:112291340-112291716	1	NA	NA	NA	NA	NA	NA	
455	chr12:113302697-113303317	2	141	NA	NA	NA	NA	NA	
456	chr12:113317459-113318073	2	28	NA	NA	NA	NA	NA	
457	chr12:113397863-113398549	4	NA	NA	-74	NA	NA	NA	
458	chr12:113615742-113616253	3	NA	-108	NA	NA	NA	NA	
459	chr12:116696490-116697157	2	-68	NA	NA	NA	NA	NA	
460	chr12:117790738-117791188	1	NA	NA	NA	NA	NA	NA	
461	chr13:6452254-6453004	1	NA	NA	NA	NA	NA	NA	
462	chr13:13351148-13351605	1	NA	NA	NA	NA	NA	NA	
463	chr13:16815852-16816367	4	NA	-10	91	NA	NA	NA	
464	chr13:19189659-19190125	3	NA	78	NA	NA	NA	NA	
465	chr13:21786623-21787122	1	NA	NA	NA	NA	NA	NA	
466	chr13:23768736-23769131	1	NA	NA	NA	NA	NA	NA	
467	chr13:24541118-24541331	5	NA	NA	NA	NA	NA	-128	
468	chr13:28524517-28524874	1	NA	NA	NA	NA	NA	NA	
469	chr13:28700344-28701102	5	NA	NA	NA	-113	NA	NA	
470	chr13:29242292-29243133	2	-163	-75	NA	NA	NA	NA	
471	chr13:30050143-30050577	3	NA	-71	NA	NA	NA	NA	
472	chr13:30174093-30174454	3	NA	42	NA	NA	NA	NA	
473	chr13:30199393-30199901	2	-178	NA	NA	NA	NA	NA	
474	chr13:30754976-30755655	1	NA	NA	NA	NA	NA	NA	
475	chr13:32187401-32187718	1	NA	NA	NA	NA	NA	NA	
476	chr13:34126603-34127285	1	NA	NA	NA	NA	NA	NA	
477	chr13:34871520-34872439	2	-165	NA	NA	NA	NA	NA	
478	chr13:35139226-35139737	2	-131	NA	NA	NA	NA	NA	
479	chr13:37545209-37545768	6	NA	NA	NA	NA	12	NA	
480	chr13:37635897-37636457	3	NA	3	NA	NA	NA	NA	
481	chr13:41897864-41898156	2	-150	NA	NA	NA	NA	NA	
482	chr13:42311431-42312140	2	0	NA	NA	NA	NA	NA	
483	chr13:43972973-43973345	2	118	NA	NA	NA	NA	NA	
484	chr13:44076514-44077164	4	NA	NA	40	NA	NA	NA	
485	chr13:44680409-44680759	5	NA	NA	NA	75	NA	NA	
486	chr13:45466211-45466647	1	NA	NA	NA	NA	NA	NA	
487	chr13:45925180-45925714	1	NA	NA	NA	NA	NA	NA	
488	chr13:46790762-46791113	1	NA	NA	NA	NA	NA	NA	
489	chr13:49318842-49319464	3	NA	99	NA	NA	NA	NA	
490	chr13:51779749-51780786	3	NA	11	NA	NA	NA	NA	
491	chr13:51821073-51821555	2	110	NA	NA	NA	NA	NA	
492	chr13:52164321-52164681	1	NA	NA	NA	NA	NA	NA	
493	chr13:52733847-52734331	3	NA	162	NA	NA	NA	NA	
494	chr13:52812916-52813666	1	NA	NA	NA	NA	NA	NA	
495	chr13:52819861-52820580	1	NA	NA	NA	NA	NA	NA	
496	chr13:52995173-52995510	3	NA	-112	NA	NA	NA	NA	
497	chr13:54767675-54767962	3	NA	167	NA	NA	NA	NA	
498	chr13:55199401-55199827	2	-68	NA	NA	NA	NA	NA	
499	chr13:55441415-55442014	1	NA	NA	NA	NA	NA	NA	
500	chr13:55546024-55546320	1	NA	NA	NA	NA	NA	NA	
501	chr13:56035609-56036209	3	NA	-189	NA	NA	NA	NA	
502	chr13:56516534-56517204	2	185	NA	NA	NA	NA	NA	
503	chr13:56712829-56714005	1	NA	NA	NA	NA	NA	NA	
504	chr13:58397556-58398098	2	-117	NA	NA	NA	NA	NA	
505	chr13:60747881-60748455	2	13	NA	NA	NA	NA	NA	
506	chr13:62889513-62890196	1	NA	NA	NA	NA	NA	NA	
507	chr13:63440613-63441299	4	NA	-165	148	NA	NA	NA	
508	chr13:63513688-63514253	3	NA	47	NA	-29	NA	NA	
509	chr13:64255369-64256014	3	NA	-82	NA	NA	NA	NA	
510	chr13:64425449-64426353	5	NA	NA	NA	-124	NA	NA	
511	chr13:64455574-64455921	1	NA	NA	NA	NA	NA	NA	
512	chr13:67426049-67427061	2	-136	NA	NA	NA	NA	NA	
513	chr13:69048713-69049139	4	NA	44	56	NA	NA	NA	
514	chr13:74169352-74169976	1	NA	NA	NA	NA	NA	NA	
515	chr13:75106045-75106704	4	NA	NA	160	NA	NA	NA	
516	chr13:82135661-82136709	6	NA	189	NA	NA	139	NA	
517	chr13:85691394-85692169	2	-186	NA	NA	NA	NA	NA	
518	chr13:89882507-89883147	1	NA	NA	NA	NA	NA	NA	
519	chr13:93737256-93737613	5	NA	NA	NA	42	NA	NA	
520	chr13:95889427-95889870	1	NA	NA	NA	NA	NA	NA	
521	chr13:96693675-96694218	3	NA	18	NA	NA	NA	NA	
522	chr13:97488494-97489168	2	-17	NA	NA	NA	NA	NA	
523	chr13:98171509-98171877	4	NA	NA	173	NA	NA	NA	
524	chr13:98555215-98555417	6	NA	NA	NA	NA	131	NA	
525	chr13:98862246-98862751	4	NA	NA	-82	NA	NA	NA	
526	chr13:99990973-99991356	1	NA	NA	NA	NA	NA	NA	
527	chr13:100498914-100499484	2	-152	-73	NA	NA	NA	NA	
528	chr13:100510753-100511154	1	NA	NA	NA	NA	NA	NA	
529	chr13:102794760-102795324	4	NA	NA	-41	NA	NA	NA	
530	chr13:102836764-102837312	3	NA	173	NA	NA	NA	NA	
531	chr13:105406268-105406939	2	59	NA	NA	NA	NA	NA	
532	chr13:105743374-105743829	1	NA	NA	NA	NA	NA	NA	
533	chr13:108066844-108067501	1	NA	NA	NA	NA	NA	NA	
534	chr13:108729337-108729716	5	NA	NA	NA	38	NA	NA	
535	chr13:111023288-111024049	1	NA	NA	NA	NA	NA	NA	
536	chr13:112917330-112917736	2	59	-113	NA	NA	NA	NA	
537	chr13:113560026-113560802	2	-117	NA	NA	NA	NA	NA	
538	chr13:114276565-114276862	1	NA	NA	NA	NA	NA	NA	
539	chr13:114700664-114701371	4	NA	-90	-77	NA	NA	NA	
540	chr13:114915221-114915811	2	-149	NA	NA	NA	NA	NA	
541	chr13:116016601-116017108	3	NA	-162	NA	NA	NA	NA	
542	chr14:7425733-7426436	4	NA	NA	134	NA	NA	NA	
543	chr14:12806422-12807019	6	NA	NA	NA	NA	120	NA	
544	chr14:14966553-14967247	4	NA	-52	88	NA	NA	NA	
545	chr14:19574119-19574662	4	NA	NA	6	NA	NA	NA	
546	chr14:20328361-20328742	1	NA	NA	NA	NA	NA	NA	
547	chr14:24275868-24276278	1	NA	NA	NA	NA	NA	NA	
548	chr14:24350171-24350779	1	NA	NA	NA	NA	NA	NA	
549	chr14:24437638-24438161	4	NA	NA	107	NA	NA	NA	
550	chr14:28838939-28839523	4	NA	NA	-153	NA	NA	NA	
551	chr14:29918752-29919211	1	NA	NA	NA	NA	NA	NA	
552	chr14:30243255-30243662	2	18	NA	NA	NA	NA	NA	
553	chr14:30399138-30399717	1	NA	NA	NA	NA	NA	NA	
554	chr14:30738325-30738769	2	-59	NA	NA	NA	NA	NA	
555	chr14:33504263-33504829	4	NA	NA	78	NA	NA	NA	
556	chr14:35780313-35780736	1	NA	NA	NA	NA	NA	NA	
557	chr14:44249766-44250272	1	NA	NA	NA	NA	NA	NA	
558	chr14:44532659-44533263	5	NA	NA	NA	-83	NA	NA	
559	chr14:46288511-46289221	4	NA	NA	184	NA	NA	NA	
560	chr14:47343887-47344682	5	NA	NA	NA	-120	NA	NA	
561	chr14:51560035-51560663	4	NA	NA	112	NA	NA	84	
562	chr14:51674938-51675584	4	NA	NA	85	NA	NA	57	
563	chr14:52054352-52054617	5	NA	NA	NA	NA	NA	135	
564	chr14:52412007-52412624	4	NA	NA	76	NA	NA	48	
565	chr14:52557486-52557751	1	NA	NA	NA	NA	NA	NA	
566	chr14:52642231-52642562	2	-65	NA	NA	NA	NA	NA	
567	chr14:52855744-52856143	3	NA	71	NA	NA	NA	NA	
568	chr14:53185141-53186046	2	-82	NA	NA	NA	NA	NA	
569	chr14:53315609-53316030	6	NA	NA	NA	NA	-41	NA	
570	chr14:54146627-54146950	2	-138	-170	NA	NA	NA	NA	
571	chr14:54557690-54558403	2	-95	NA	NA	NA	NA	NA	
572	chr14:54572797-54573306	3	NA	-17	NA	-112	NA	NA	
573	chr14:59999890-60000759	1	NA	NA	NA	NA	NA	NA	
574	chr14:61881937-61882470	3	NA	141	NA	NA	NA	NA	
575	chr14:62331419-62331761	1	NA	NA	NA	NA	NA	NA	
576	chr14:63838787-63839356	1	NA	NA	NA	NA	NA	NA	
577	chr14:63869302-63869839	5	NA	NA	NA	-105	NA	NA	
578	chr14:64054887-64055482	4	NA	NA	-139	NA	NA	NA	
579	chr14:65143192-65143940	2	174	NA	NA	NA	NA	NA	
580	chr14:69697002-69697713	1	NA	NA	NA	NA	NA	NA	
581	chr14:72125670-72125945	1	NA	NA	NA	NA	NA	NA	
582	chr14:76119218-76119724	2	165	104	NA	NA	NA	NA	
583	chr14:77168802-77169255	4	NA	172	131	NA	NA	NA	
584	chr14:78048641-78049356	4	NA	NA	-108	NA	NA	NA	
585	chr14:85701222-85701649	1	NA	NA	NA	NA	NA	NA	
586	chr14:85972627-85973310	1	NA	NA	NA	NA	NA	NA	
587	chr14:86271473-86271855	4	NA	NA	91	NA	NA	NA	
588	chr14:88076675-88077034	1	NA	NA	NA	NA	NA	NA	
589	chr14:101696720-101697227	2	60	NA	NA	NA	NA	NA	
590	chr14:104417986-104418653	5	NA	NA	NA	-138	NA	NA	
591	chr14:117500387-117500930	1	NA	NA	NA	NA	NA	NA	
592	chr14:120656555-120656992	6	NA	NA	NA	NA	138	NA	
593	chr15:5393383-5393944	5	NA	NA	NA	-165	NA	NA	
594	chr15:5724374-5724810	4	NA	NA	21	NA	NA	NA	
595	chr15:6535105-6535715	6	NA	NA	NA	NA	119	NA	
596	chr15:12036655-12037248	1	NA	NA	NA	NA	NA	NA	
597	chr15:14469617-14470040	2	-22	NA	NA	NA	NA	NA	
598	chr15:25214289-25214742	2	-58	-175	NA	NA	NA	NA	
599	chr15:36551757-36552111	2	109	NA	NA	NA	NA	NA	
600	chr15:37589363-37589909	1	NA	NA	NA	NA	NA	NA	
601	chr15:42506565-42507029	3	NA	164	NA	NA	NA	NA	
602	chr15:44450673-44451197	1	NA	NA	NA	NA	NA	NA	
603	chr15:57474223-57474593	5	NA	NA	NA	119	NA	NA	
604	chr15:57532896-57533400	2	0	NA	NA	NA	NA	NA	
605	chr15:57650591-57651144	1	NA	NA	NA	NA	NA	NA	
606	chr15:58840594-58841331	5	NA	NA	NA	98	NA	NA	
607	chr15:58938976-58939424	1	NA	NA	NA	NA	NA	NA	
608	chr15:59481830-59482382	5	NA	NA	NA	-136	NA	NA	
609	chr15:61258409-61258756	3	NA	-156	NA	NA	NA	NA	
610	chr15:66618374-66619260	3	NA	-128	NA	NA	NA	NA	
611	chr15:66629599-66630069	1	NA	NA	NA	NA	NA	NA	
612	chr15:66647937-66648609	4	NA	41	182	NA	NA	NA	
613	chr15:66653190-66653855	2	139	NA	NA	NA	NA	NA	
614	chr15:66958593-66958916	4	NA	NA	-78	NA	NA	NA	
615	chr15:72989008-72989613	3	NA	-87	NA	NA	NA	NA	
616	chr15:74723889-74724365	2	-46	NA	NA	NA	NA	NA	
617	chr15:74741280-74742159	1	NA	NA	NA	NA	NA	NA	
618	chr15:76498042-76498566	2	28	NA	NA	NA	NA	NA	
619	chr15:77798055-77798709	4	NA	NA	143	NA	NA	NA	
620	chr15:78322169-78322754	6	NA	NA	NA	NA	-71	NA	
621	chr15:78403391-78404042	2	-165	NA	NA	NA	NA	NA	
622	chr15:78543274-78543671	4	NA	NA	-127	NA	NA	NA	
623	chr15:78750699-78751312	6	NA	NA	NA	NA	-150	NA	
624	chr15:79710419-79710821	5	NA	NA	NA	NA	NA	-172	
625	chr15:80030662-80031108	4	NA	NA	-10	NA	NA	NA	
626	chr15:80762017-80762642	4	NA	NA	-71	NA	NA	NA	
627	chr15:81026662-81027105	1	NA	NA	NA	NA	NA	NA	
628	chr15:81350077-81350619	1	NA	NA	NA	NA	NA	NA	
629	chr15:81843448-81843885	1	NA	NA	NA	NA	NA	NA	
630	chr15:82742137-82742724	1	NA	NA	NA	NA	NA	NA	
631	chr15:83292509-83292789	2	-138	NA	NA	NA	NA	NA	
632	chr15:85636655-85637444	2	-147	NA	NA	NA	NA	NA	
633	chr15:85995776-85996703	1	NA	NA	NA	NA	NA	NA	
634	chr15:86011621-86012278	1	NA	NA	NA	NA	NA	NA	
635	chr15:88272549-88273212	1	NA	NA	NA	NA	NA	NA	
636	chr15:89303984-89304329	4	NA	NA	89	NA	NA	NA	
637	chr15:93579106-93579586	2	183	-115	NA	NA	NA	NA	
638	chr15:93829489-93830213	2	-129	NA	NA	NA	NA	NA	
639	chr15:94063052-94063838	5	NA	NA	NA	-98	NA	NA	
640	chr15:95585243-95585797	6	NA	NA	NA	NA	73	NA	
641	chr15:95700489-95700932	1	NA	NA	NA	NA	NA	NA	
642	chr15:97201124-97201780	5	NA	NA	NA	44	NA	NA	
643	chr15:97555771-97556120	1	NA	NA	NA	NA	NA	NA	
644	chr15:97576057-97576690	1	NA	NA	NA	NA	NA	NA	
645	chr15:97617947-97618526	5	NA	NA	NA	-166	NA	NA	
646	chr15:97672018-97672833	1	NA	NA	NA	NA	NA	NA	
647	chr15:98334112-98334666	2	46	NA	NA	NA	NA	NA	
648	chr15:98820414-98820981	4	NA	NA	-33	NA	NA	NA	
649	chr15:98837304-98837854	5	NA	NA	NA	-35	NA	NA	
650	chr15:99079626-99080066	1	NA	NA	NA	NA	NA	NA	
651	chr15:99497104-99497462	2	45	NA	NA	NA	NA	NA	
652	chr15:101095529-101096260	1	NA	NA	NA	NA	NA	NA	
653	chr15:101152525-101153003	1	NA	NA	NA	NA	NA	NA	
654	chr15:102053206-102053651	1	NA	NA	NA	NA	NA	NA	
655	chr15:102067229-102067649	5	NA	NA	NA	-90	NA	NA	
656	chr16:3891475-3892039	3	NA	132	NA	NA	NA	NA	
657	chr16:4297977-4298503	5	NA	NA	NA	-168	NA	NA	
658	chr16:4697819-4698070	2	99	NA	NA	NA	NA	NA	
659	chr16:5371033-5371536	5	NA	NA	NA	37	NA	NA	
660	chr16:7683866-7684170	4	NA	40	104	NA	NA	NA	
661	chr16:8321983-8322471	4	NA	NA	-76	NA	NA	NA	
662	chr16:8445354-8445749	5	NA	NA	NA	-40	NA	NA	
663	chr16:10312699-10313138	5	NA	NA	NA	NA	NA	-88	
664	chr16:10382774-10383273	1	NA	NA	NA	NA	NA	NA	
665	chr16:10467388-10467962	1	NA	NA	NA	NA	NA	NA	
666	chr16:10585930-10586570	4	NA	NA	95	NA	NA	NA	
667	chr16:10633654-10634091	6	NA	NA	NA	NA	-34	NA	
668	chr16:10882967-10883284	3	NA	-16	NA	NA	NA	NA	
669	chr16:17988660-17989199	5	NA	NA	NA	-148	NA	NA	
670	chr16:18373415-18374100	3	NA	82	NA	NA	NA	NA	
671	chr16:20011226-20011598	1	NA	NA	NA	NA	NA	NA	
672	chr16:22346806-22347474	2	171	NA	NA	NA	NA	NA	
673	chr16:22576408-22576905	1	NA	NA	NA	NA	NA	NA	
674	chr16:23089923-23090923	2	-72	NA	NA	NA	NA	NA	
675	chr16:23937089-23937518	1	NA	NA	NA	NA	NA	NA	
676	chr16:24066352-24066702	6	NA	NA	NA	NA	-71	NA	
677	chr16:30293911-30294485	1	NA	NA	NA	NA	NA	NA	
678	chr16:31583875-31584520	4	NA	NA	188	NA	NA	NA	
679	chr16:31674174-31674698	5	NA	NA	NA	69	NA	NA	
680	chr16:31868502-31868875	1	NA	NA	NA	NA	NA	NA	
681	chr16:32007715-32008214	3	NA	184	NA	NA	NA	NA	
682	chr16:32082804-32083579	4	NA	NA	109	NA	NA	NA	
683	chr16:32732660-32732984	5	NA	NA	NA	NA	NA	154	
684	chr16:33263161-33263819	2	-118	139	NA	NA	NA	NA	
685	chr16:33607538-33608356	1	NA	NA	NA	NA	NA	NA	
686	chr16:36396266-36396561	3	NA	159	NA	-87	NA	NA	
687	chr16:36841304-36841704	2	155	NA	NA	NA	NA	NA	
688	chr16:38504510-38504906	2	109	NA	NA	NA	NA	NA	
689	chr16:42091827-42092370	2	-63	NA	NA	NA	NA	NA	
690	chr16:43609236-43610104	1	NA	NA	NA	NA	NA	NA	
691	chr16:44611217-44611706	2	32	NA	NA	NA	NA	NA	
692	chr16:44944576-44945102	3	NA	102	NA	NA	NA	NA	
693	chr16:45861374-45861975	5	NA	NA	NA	-134	NA	NA	
694	chr16:48696501-48697189	1	NA	NA	NA	NA	NA	NA	
695	chr16:48705793-48706447	2	130	NA	NA	NA	NA	NA	
696	chr16:48728826-48729692	2	-55	-31	NA	NA	NA	NA	
697	chr16:49619095-49619760	1	NA	NA	NA	NA	NA	NA	
698	chr16:49710474-49710875	3	NA	-140	NA	NA	NA	NA	
699	chr16:52000950-52001786	4	NA	NA	-99	NA	NA	NA	
700	chr16:55819569-55819914	4	NA	NA	-115	NA	NA	NA	
701	chr16:55999571-56000186	2	-72	NA	NA	NA	NA	NA	
702	chr16:57392489-57392918	3	NA	48	NA	NA	NA	NA	
703	chr16:64700577-64701277	2	-135	NA	NA	NA	NA	NA	
704	chr16:76132180-76132829	5	NA	NA	NA	58	NA	NA	
705	chr16:76181968-76182733	2	-124	NA	NA	NA	NA	NA	
706	chr16:76432051-76432709	4	NA	-151	-42	NA	NA	NA	
707	chr16:76891653-76892177	6	NA	-4	NA	NA	-39	NA	
708	chr16:78445681-78446133	1	NA	NA	NA	NA	NA	NA	
709	chr16:87550627-87551366	1	NA	NA	NA	NA	NA	NA	
710	chr16:87615135-87615734	4	NA	NA	155	NA	NA	NA	
711	chr16:89861820-89862543	3	NA	-112	NA	NA	NA	NA	
712	chr16:89874572-89875401	4	NA	-162	-92	NA	NA	NA	
713	chr16:89882398-89883176	4	NA	NA	-143	NA	NA	NA	
714	chr16:90032932-90033503	3	NA	98	NA	NA	NA	NA	
715	chr16:91263247-91263585	1	NA	NA	NA	NA	NA	NA	
716	chr16:91336986-91337483	2	-26	NA	NA	NA	NA	NA	
717	chr16:91359163-91359735	4	NA	NA	-97	NA	NA	NA	
718	chr16:91379614-91380145	4	NA	103	-89	NA	NA	NA	
719	chr16:91434315-91434761	3	NA	-50	NA	NA	NA	NA	
720	chr16:92690458-92690929	2	87	NA	NA	NA	NA	NA	
721	chr16:92939881-92940235	2	-24	NA	NA	NA	NA	NA	
722	chr16:93664997-93665580	5	NA	NA	NA	6	NA	NA	
723	chr16:94740212-94741055	1	NA	NA	NA	NA	NA	NA	
724	chr16:95707767-95708074	5	NA	NA	NA	-80	NA	NA	
725	chr16:95858818-95859729	2	-93	-120	NA	NA	NA	NA	
726	chr16:95965756-95966112	1	NA	NA	NA	NA	NA	NA	
727	chr17:8148768-8149406	5	NA	NA	NA	-174	NA	NA	
728	chr17:8306841-8307231	5	NA	NA	NA	NA	NA	127	
729	chr17:12215156-12215474	1	NA	NA	NA	NA	NA	NA	
730	chr17:12758955-12759244	3	NA	186	NA	NA	NA	NA	
731	chr17:15536449-15536911	1	NA	NA	NA	NA	NA	NA	
732	chr17:17099061-17099513	1	NA	NA	NA	NA	NA	NA	
733	chr17:23291000-23291715	5	NA	NA	NA	55	NA	NA	
734	chr17:23344628-23344988	1	NA	NA	NA	NA	NA	NA	
735	chr17:23586136-23586597	5	NA	NA	NA	-54	NA	NA	
736	chr17:23721319-23721726	2	18	NA	NA	NA	NA	NA	
737	chr17:24382482-24383080	1	NA	NA	NA	NA	NA	NA	
738	chr17:24414729-24415109	1	NA	NA	NA	NA	NA	NA	
739	chr17:24911504-24912450	4	NA	NA	-151	NA	NA	NA	
740	chr17:27383477-27383895	2	117	NA	NA	NA	NA	NA	
741	chr17:27519940-27520511	4	NA	92	-120	NA	NA	NA	
742	chr17:28018971-28019405	1	NA	NA	NA	NA	NA	NA	
743	chr17:28056022-28056402	3	NA	60	NA	NA	NA	NA	
744	chr17:28340091-28340726	3	NA	-97	NA	NA	NA	NA	
745	chr17:28609926-28610414	2	-95	NA	NA	NA	NA	NA	
746	chr17:29073967-29074678	5	NA	NA	NA	52	NA	NA	
747	chr17:29496488-29496970	1	NA	NA	NA	NA	NA	NA	
748	chr17:29706881-29707498	2	-66	NA	NA	NA	-46	NA	
749	chr17:30952701-30953242	3	NA	118	NA	NA	NA	NA	
750	chr17:31387625-31387982	5	NA	NA	NA	153	NA	NA	
751	chr17:32052431-32053195	4	NA	NA	20	NA	NA	NA	
752	chr17:32771558-32772186	3	NA	-118	NA	NA	NA	NA	
753	chr17:33352915-33353603	4	NA	NA	167	NA	NA	NA	
754	chr17:33432546-33433288	1	NA	NA	NA	NA	NA	NA	
755	chr17:34005816-34006225	1	NA	NA	NA	NA	NA	NA	
756	chr17:34238906-34239676	6	NA	NA	NA	NA	-49	NA	
757	chr17:35631588-35632245	3	NA	-18	NA	NA	NA	NA	
758	chr17:35839202-35839861	1	NA	NA	NA	NA	NA	NA	
759	chr17:39450939-39456994	1	NA	NA	NA	NA	NA	NA	
760	chr17:42730405-42730860	6	NA	NA	NA	NA	37	81	
761	chr17:44117488-44118156	1	NA	NA	NA	NA	NA	NA	
762	chr17:44953714-44954219	1	NA	NA	NA	NA	NA	NA	
763	chr17:45149815-45150203	1	NA	NA	NA	NA	NA	NA	
764	chr17:46311908-46312648	5	NA	NA	NA	-22	NA	NA	
765	chr17:46967536-46967959	2	10	NA	NA	NA	NA	NA	
766	chr17:47451339-47451784	2	-131	NA	NA	NA	NA	NA	
767	chr17:47978421-47978763	3	NA	31	NA	NA	NA	NA	
768	chr17:48894172-48894883	2	-182	NA	NA	NA	NA	NA	
769	chr17:50228804-50229240	2	-128	NA	NA	NA	NA	NA	
770	chr17:50873164-50873979	3	NA	11	NA	NA	NA	NA	
771	chr17:51278871-51279438	3	NA	-96	NA	NA	NA	NA	
772	chr17:51371512-51372104	1	NA	NA	NA	NA	NA	NA	
773	chr17:51627133-51628202	2	-117	NA	NA	NA	NA	NA	
774	chr17:51743200-51743994	2	-43	NA	NA	NA	NA	NA	
775	chr17:51776782-51777264	6	NA	NA	NA	NA	141	NA	
776	chr17:51813220-51814013	6	NA	NA	NA	NA	-106	NA	
777	chr17:56745175-56746084	2	-177	NA	NA	NA	NA	NA	
778	chr17:56879695-56880106	3	NA	131	NA	NA	NA	NA	
779	chr17:56990119-56990420	3	NA	57	NA	93	NA	NA	
780	chr17:57023184-57023795	1	NA	NA	NA	NA	NA	NA	
781	chr17:57026821-57027335	4	NA	95	65	NA	NA	NA	
782	chr17:59922117-59922613	1	NA	NA	NA	NA	NA	NA	
783	chr17:66006483-66006964	5	NA	NA	NA	NA	NA	-12	
784	chr17:70877961-70879044	2	-159	NA	NA	NA	NA	NA	
785	chr17:71089391-71089776	3	NA	-10	NA	NA	NA	NA	
786	chr17:71365058-71365600	2	114	-155	NA	NA	NA	NA	
787	chr17:72844467-72845267	3	NA	-1	NA	NA	NA	NA	
788	chr17:80065614-80066254	2	-119	NA	NA	NA	NA	NA	
789	chr17:83215196-83215812	1	NA	NA	NA	NA	NA	NA	
790	chr17:83220833-83221293	4	NA	102	-19	NA	NA	NA	
791	chr17:83562940-83563446	4	NA	78	-156	NA	NA	NA	
792	chr17:83918277-83918656	3	NA	-153	NA	NA	NA	NA	
793	chr17:84024529-84024969	6	NA	NA	NA	NA	-74	NA	
794	chr17:84053156-84053562	2	-39	NA	NA	NA	NA	NA	
795	chr17:84071310-84071673	6	NA	NA	NA	NA	-90	NA	
796	chr17:86209616-86210022	1	NA	NA	NA	NA	NA	NA	
797	chr17:86708727-86709207	3	NA	-152	NA	NA	NA	NA	
798	chr17:87110893-87111316	2	56	NA	NA	NA	NA	NA	
799	chr17:87950612-87951319	5	NA	NA	NA	NA	NA	164	
800	chr18:3005491-3006101	3	NA	-22	NA	NA	NA	NA	
801	chr18:3281684-3282011	5	NA	NA	NA	82	NA	NA	
802	chr18:3950398-3950798	5	NA	NA	NA	165	NA	NA	
803	chr18:4182702-4183153	2	-114	NA	NA	NA	NA	NA	
804	chr18:4309173-4309775	3	NA	130	NA	NA	NA	NA	
805	chr18:5162075-5162393	5	NA	NA	NA	NA	NA	39	
806	chr18:8257928-8258417	1	NA	NA	NA	NA	NA	NA	
807	chr18:12056478-12057201	2	-168	NA	NA	NA	NA	NA	
808	chr18:21099854-21100515	6	NA	NA	NA	NA	-157	NA	
809	chr18:23709405-23709642	2	-71	NA	NA	NA	NA	-10	
810	chr18:31901996-31902527	1	NA	NA	NA	NA	NA	NA	
811	chr18:33088446-33088890	6	NA	NA	NA	NA	-33	NA	
812	chr18:34242942-34243410	1	NA	NA	NA	NA	NA	NA	
813	chr18:38545196-38545743	2	-58	NA	NA	NA	NA	NA	
814	chr18:39644949-39645965	3	NA	119	NA	NA	NA	NA	
815	chr18:40308350-40308773	5	NA	NA	NA	-62	NA	NA	
816	chr18:42400815-42401606	6	NA	NA	NA	NA	-24	NA	
817	chr18:46217774-46218350	2	163	NA	NA	NA	NA	NA	
818	chr18:50105199-50105644	4	NA	NA	118	NA	NA	NA	
819	chr18:50277246-50277744	3	NA	94	NA	NA	NA	NA	
820	chr18:55591980-55592880	5	NA	NA	NA	95	NA	NA	
821	chr18:56064737-56065045	1	NA	NA	NA	NA	NA	NA	
822	chr18:61009550-61010358	2	106	148	NA	NA	NA	NA	
823	chr18:61098744-61099095	2	32	NA	NA	NA	NA	NA	
824	chr18:62845379-62845887	3	NA	14	NA	NA	NA	NA	
825	chr18:64613840-64614461	3	NA	-103	NA	NA	NA	NA	
826	chr18:67337895-67338553	1	NA	NA	NA	NA	NA	NA	
827	chr18:67850234-67850728	3	NA	-99	NA	NA	NA	NA	
828	chr18:68070171-68070496	1	NA	NA	NA	NA	NA	NA	
829	chr18:68360893-68361352	4	NA	NA	19	NA	NA	NA	
830	chr18:69236816-69237229	2	41	-29	NA	NA	NA	NA	
831	chr18:70688494-70689221	1	NA	NA	NA	NA	NA	NA	
832	chr18:74393705-74394412	2	-129	NA	NA	NA	NA	NA	
833	chr18:74849711-74850166	5	NA	NA	NA	-121	NA	NA	
834	chr18:75088648-75089032	2	-163	NA	NA	NA	NA	NA	
835	chr18:75403820-75404472	6	NA	168	NA	NA	73	NA	
836	chr18:75447339-75448226	2	37	NA	NA	NA	NA	NA	
837	chr18:75502825-75503417	6	NA	-36	NA	NA	-8	NA	
838	chr18:77139962-77140430	2	-141	NA	NA	NA	NA	NA	
839	chr18:78374134-78374615	2	66	NA	NA	NA	NA	NA	
840	chr18:80900213-80900977	4	NA	-150	75	NA	NA	NA	
841	chr18:81372906-81373629	2	-10	NA	NA	NA	NA	NA	
842	chr18:82981293-82981879	1	NA	NA	NA	NA	NA	NA	
843	chr18:85020829-85021322	1	NA	NA	NA	NA	NA	NA	
844	chr18:89340218-89341023	1	NA	NA	NA	NA	NA	NA	
845	chr19:3451950-3452571	1	NA	NA	NA	NA	NA	NA	
846	chr19:3654184-3654541	5	NA	NA	NA	-84	NA	NA	
847	chr19:4119600-4120322	1	NA	NA	NA	NA	NA	NA	
848	chr19:4878536-4879419	1	NA	NA	NA	NA	NA	NA	
849	chr19:5724343-5724897	1	NA	NA	NA	NA	NA	NA	
850	chr19:5844170-5844670	1	NA	NA	NA	NA	NA	NA	
851	chr19:7019510-7020306	2	-98	NA	NA	NA	NA	NA	
852	chr19:7183101-7183672	5	NA	NA	NA	-92	NA	NA	
853	chr19:10936552-10936962	4	NA	NA	64	NA	NA	NA	
854	chr19:11583842-11584433	6	NA	-87	NA	NA	71	NA	
855	chr19:12608646-12609382	6	NA	34	NA	NA	61	NA	
856	chr19:12863516-12864064	3	NA	-134	NA	NA	NA	NA	
857	chr19:12879930-12880517	1	NA	NA	NA	NA	NA	NA	
858	chr19:15991727-15992318	3	NA	-37	NA	NA	NA	NA	
859	chr19:23390275-23390615	3	NA	-100	NA	NA	NA	NA	
860	chr19:24543935-24544215	2	146	NA	NA	NA	NA	NA	
861	chr19:24621986-24622515	2	31	NA	NA	NA	NA	NA	
862	chr19:25427662-25428178	4	NA	NA	-42	NA	NA	NA	
863	chr19:27073496-27073980	6	NA	NA	NA	NA	-114	NA	
864	chr19:29519669-29520498	6	NA	NA	NA	NA	39	NA	
865	chr19:32341396-32342155	1	NA	NA	NA	NA	NA	NA	
866	chr19:33041023-33041372	2	-72	NA	NA	NA	NA	NA	
867	chr19:33147425-33147920	2	154	NA	NA	NA	NA	NA	
868	chr19:33432459-33433443	4	NA	NA	41	NA	NA	NA	
869	chr19:34576506-34577024	5	NA	NA	NA	-105	NA	NA	
870	chr19:36880651-36881013	1	NA	NA	NA	NA	NA	NA	
871	chr19:38118848-38119317	1	NA	NA	NA	NA	NA	NA	
872	chr19:38923854-38924092	5	NA	NA	NA	110	NA	NA	
873	chr19:40293844-40294102	1	NA	NA	NA	NA	NA	NA	
874	chr19:40642725-40643247	2	-75	NA	NA	NA	NA	NA	
875	chr19:41075599-41076175	1	NA	NA	NA	NA	NA	NA	
876	chr19:43473669-43474308	3	NA	-31	NA	NA	NA	NA	
877	chr19:43577650-43578328	1	NA	NA	NA	NA	NA	NA	
878	chr19:44337774-44338584	1	NA	NA	NA	NA	NA	NA	
879	chr19:44565963-44566618	2	-104	NA	NA	NA	NA	NA	
880	chr19:45117255-45117759	5	NA	NA	NA	NA	NA	-8	
881	chr19:45526369-45526887	3	NA	15	NA	NA	NA	NA	
882	chr19:46524257-46524661	3	NA	125	NA	NA	NA	NA	
883	chr19:46909909-46910720	2	79	NA	NA	NA	NA	NA	
884	chr19:47566153-47566545	1	NA	NA	NA	NA	NA	NA	
885	chr19:47971907-47972598	5	NA	NA	NA	-72	NA	NA	
886	chr19:53367184-53367777	2	114	NA	NA	NA	NA	NA	
887	chr19:53496352-53497003	2	-27	NA	NA	NA	NA	NA	
888	chr19:54100417-54101022	1	NA	NA	NA	NA	NA	NA	
889	chr19:55369413-55370097	1	NA	NA	NA	NA	NA	NA	
890	chr19:55462041-55462467	3	NA	63	NA	NA	NA	NA	
891	chr19:57169952-57170486	5	NA	NA	NA	-68	NA	NA	
892	chr19:57496086-57496532	1	NA	NA	NA	NA	NA	NA	
893	chr19:57663390-57663661	1	NA	NA	NA	NA	NA	NA	
894	chr19:58429884-58430588	2	-100	NA	NA	NA	NA	NA	
895	chr19:58438721-58439282	1	NA	NA	NA	NA	NA	NA	
896	chr2:3647979-3648393	1	NA	NA	NA	NA	NA	NA	
897	chr2:6637765-6638439	1	NA	NA	NA	NA	NA	NA	
898	chr2:9034635-9034970	5	NA	NA	NA	3	NA	NA	
899	chr2:9482278-9482929	1	NA	NA	NA	NA	NA	NA	
900	chr2:9495349-9495789	2	-47	NA	NA	NA	NA	NA	
901	chr2:9510213-9510762	2	4	NA	NA	NA	NA	NA	
902	chr2:9743645-9743968	1	NA	NA	NA	NA	NA	NA	
903	chr2:9796979-9797585	1	NA	NA	NA	NA	NA	NA	
904	chr2:11111103-11111607	5	NA	NA	NA	15	NA	NA	
905	chr2:11580585-11581008	4	NA	NA	-123	NA	NA	NA	
906	chr2:12989075-12989442	1	NA	NA	NA	NA	NA	NA	
907	chr2:13215439-13216013	4	NA	NA	-73	NA	NA	NA	
908	chr2:13353438-13353911	3	NA	101	NA	NA	NA	NA	
909	chr2:17281360-17282038	4	NA	NA	-68	NA	NA	NA	
910	chr2:19518782-19519398	6	NA	NA	NA	NA	73	NA	
911	chr2:24571956-24572416	4	NA	-162	-181	NA	NA	NA	
912	chr2:26271435-26271934	6	NA	NA	NA	NA	124	NA	
913	chr2:26282897-26283411	1	NA	NA	NA	NA	NA	NA	
914	chr2:26560772-26561303	1	NA	NA	NA	NA	NA	NA	
915	chr2:26575316-26575801	2	-81	NA	NA	NA	NA	NA	
916	chr2:26897276-26897688	3	NA	89	NA	NA	NA	NA	
917	chr2:29494635-29495161	2	102	NA	NA	NA	NA	NA	
918	chr2:29671732-29672163	1	NA	NA	NA	NA	NA	NA	
919	chr2:29928472-29928842	1	NA	NA	NA	NA	NA	NA	
920	chr2:30416559-30417401	4	NA	NA	97	NA	NA	NA	
921	chr2:30936882-30937588	2	-51	NA	NA	NA	NA	NA	
922	chr2:31567413-31567739	3	NA	125	NA	NA	NA	NA	
923	chr2:31772855-31773428	3	NA	148	NA	NA	NA	NA	
924	chr2:31879398-31880107	1	NA	NA	NA	NA	NA	NA	
925	chr2:32147786-32148185	2	-167	NA	NA	NA	NA	NA	
926	chr2:32185120-32185751	2	-156	NA	NA	NA	NA	NA	
927	chr2:32316959-32317843	3	NA	69	NA	NA	NA	NA	
928	chr2:32515861-32516689	5	NA	NA	NA	87	NA	NA	
929	chr2:32599373-32599874	6	NA	NA	NA	NA	-67	NA	
930	chr2:33225796-33226197	4	NA	NA	23	NA	NA	NA	
931	chr2:33365962-33366289	5	NA	NA	NA	139	NA	NA	
932	chr2:34783528-34784127	1	NA	NA	NA	NA	NA	NA	
933	chr2:35094823-35095376	1	NA	NA	NA	NA	NA	NA	
934	chr2:35803681-35804239	1	NA	NA	NA	NA	NA	NA	
935	chr2:37593624-37594267	5	NA	NA	NA	138	NA	-99	
936	chr2:38673903-38674142	1	NA	NA	NA	NA	NA	NA	
937	chr2:38827535-38827960	1	NA	NA	NA	NA	NA	NA	
938	chr2:43549597-43550370	4	NA	NA	-85	NA	NA	NA	
939	chr2:43620529-43621075	5	NA	NA	NA	-26	NA	NA	
940	chr2:52200690-52201249	3	NA	-159	NA	NA	NA	NA	
941	chr2:52801142-52801653	5	NA	NA	NA	-108	NA	NA	
942	chr2:57968991-57969676	4	NA	NA	-46	NA	NA	NA	
943	chr2:58101739-58102122	1	NA	NA	NA	NA	NA	NA	
944	chr2:59270498-59271206	6	NA	NA	NA	NA	166	NA	
945	chr2:60588016-60588516	5	NA	NA	NA	62	NA	NA	
946	chr2:62152870-62153512	1	NA	NA	NA	NA	NA	NA	
947	chr2:68231091-68231702	1	NA	NA	NA	NA	NA	NA	
948	chr2:68272033-68272556	3	NA	-96	NA	NA	NA	NA	
949	chr2:68594333-68594892	1	NA	NA	NA	NA	NA	NA	
950	chr2:70675820-70676629	3	NA	-48	NA	NA	NA	NA	
951	chr2:70833093-70833601	4	NA	NA	-136	NA	NA	NA	
952	chr2:71160909-71161465	6	NA	NA	NA	NA	-59	NA	
953	chr2:72293707-72294406	1	NA	NA	NA	NA	NA	NA	
954	chr2:72311663-72312207	1	NA	NA	NA	NA	NA	NA	
955	chr2:74505370-74506003	1	NA	NA	NA	NA	NA	NA	
956	chr2:75389371-75390043	3	NA	175	NA	NA	NA	NA	
957	chr2:75401263-75402053	1	NA	NA	NA	NA	NA	NA	
958	chr2:79038874-79039441	4	NA	NA	-117	NA	NA	NA	
959	chr2:79050569-79051068	5	NA	NA	NA	155	NA	NA	
960	chr2:84514829-84515389	1	NA	NA	NA	NA	NA	NA	
961	chr2:84580128-84580608	6	NA	NA	NA	NA	-73	NA	
962	chr2:91057097-91057389	2	-82	NA	NA	NA	NA	NA	
963	chr2:91439439-91440083	1	NA	NA	NA	NA	NA	NA	
964	chr2:91785038-91785481	3	NA	155	NA	NA	NA	NA	
965	chr2:92173616-92174194	1	NA	NA	NA	NA	NA	NA	
966	chr2:92731705-92732203	2	101	-79	NA	NA	NA	NA	
967	chr2:92748788-92749289	2	-141	NA	NA	NA	NA	NA	
968	chr2:93259717-93260204	5	NA	NA	NA	-172	NA	NA	
969	chr2:93651117-93651528	4	NA	NA	-120	NA	NA	NA	
970	chr2:101351972-101352839	2	-135	NA	NA	NA	NA	NA	
971	chr2:101437886-101438618	2	-78	-12	NA	NA	NA	NA	
972	chr2:102652986-102653310	4	NA	-54	-82	NA	NA	NA	
973	chr2:103409884-103410408	3	NA	-92	NA	NA	NA	NA	
974	chr2:103703173-103703647	3	NA	-11	NA	NA	NA	NA	
975	chr2:104326228-104327146	5	NA	NA	NA	-9	NA	NA	
976	chr2:104391010-104391386	5	NA	NA	NA	18	NA	NA	
977	chr2:117034034-117034643	6	NA	-164	NA	NA	146	NA	
978	chr2:117108890-117109570	3	NA	-123	NA	NA	NA	NA	
979	chr2:118329604-118330085	2	-114	NA	NA	NA	NA	NA	
980	chr2:118453950-118454240	2	-103	NA	NA	NA	NA	NA	
981	chr2:118887721-118888079	6	NA	NA	NA	NA	44	NA	
982	chr2:118942164-118942904	2	40	NA	NA	NA	NA	NA	
983	chr2:119899422-119899745	4	NA	NA	79	NA	NA	NA	
984	chr2:120114909-120115518	3	NA	-33	NA	NA	NA	NA	
985	chr2:120401581-120401928	2	-166	NA	NA	NA	NA	NA	
986	chr2:121087969-121088547	5	NA	NA	NA	59	NA	NA	
987	chr2:122359692-122360331	1	NA	NA	NA	NA	NA	NA	
988	chr2:122407256-122407544	4	NA	NA	5	NA	NA	NA	
989	chr2:122445104-122445425	1	NA	NA	NA	NA	NA	NA	
990	chr2:125427035-125427584	3	NA	-35	NA	NA	NA	NA	
991	chr2:125468562-125468981	1	NA	NA	NA	NA	NA	NA	
992	chr2:127028612-127029101	5	NA	NA	NA	-105	NA	NA	
993	chr2:127618786-127619976	2	98	NA	NA	NA	NA	NA	
994	chr2:127895409-127896067	4	NA	NA	67	NA	NA	NA	
995	chr2:128236142-128236685	5	NA	NA	NA	NA	NA	173	
996	chr2:129366425-129366790	1	NA	NA	NA	NA	NA	NA	
997	chr2:129965949-129966587	4	NA	NA	-168	NA	NA	NA	
998	chr2:131113927-131114661	4	NA	-54	-160	NA	NA	NA	
999	chr2:131661912-131662496	4	NA	NA	-121	NA	NA	NA	
1000	chr2:132298854-132299601	6	NA	NA	NA	NA	-148	NA	
1001	chr2:136583062-136583570	5	NA	NA	NA	46	NA	NA	
1002	chr2:147074675-147074983	1	NA	NA	NA	NA	NA	NA	
1003	chr2:149802785-149803364	1	NA	NA	NA	NA	NA	NA	
1004	chr2:150357018-150357677	1	NA	NA	NA	NA	NA	NA	
1005	chr2:151219563-151219802	4	NA	NA	-66	NA	NA	NA	
1006	chr2:152485963-152486717	5	NA	NA	NA	-85	NA	NA	
1007	chr2:153217107-153217633	1	NA	NA	NA	NA	NA	NA	
1008	chr2:154244049-154244476	1	NA	NA	NA	NA	NA	NA	
1009	chr2:154546610-154547264	1	NA	NA	NA	NA	NA	NA	
1010	chr2:155870818-155871572	4	NA	NA	5	NA	NA	NA	
1011	chr2:156003315-156003657	1	NA	NA	NA	NA	NA	NA	
1012	chr2:156573940-156574385	3	NA	-23	NA	NA	NA	NA	
1013	chr2:156687903-156688264	2	129	41	NA	NA	NA	NA	
1014	chr2:156813209-156813509	1	NA	NA	NA	NA	NA	NA	
1015	chr2:157964529-157965188	1	NA	NA	NA	NA	NA	NA	
1016	chr2:158100512-158101027	5	NA	NA	NA	146	NA	NA	
1017	chr2:160432909-160433452	1	NA	NA	NA	NA	NA	NA	
1018	chr2:162920363-162921036	3	NA	165	NA	NA	NA	NA	
1019	chr2:162944726-162945256	2	-131	NA	NA	NA	NA	NA	
1020	chr2:165345459-165345876	1	NA	NA	NA	NA	NA	NA	
1021	chr2:165645905-165646672	2	-127	NA	NA	NA	NA	NA	
1022	chr2:165875728-165875955	4	NA	NA	95	NA	NA	NA	
1023	chr2:166347717-166348411	5	NA	NA	NA	15	NA	NA	
1024	chr2:166445878-166446413	2	134	-91	NA	NA	NA	NA	
1025	chr2:166893019-166893370	3	NA	103	NA	NA	NA	NA	
1026	chr2:167325496-167326345	2	-66	NA	NA	NA	NA	NA	
1027	chr2:167414956-167415365	6	NA	NA	NA	NA	27	NA	
1028	chr2:167578722-167579624	2	-19	NA	NA	NA	NA	NA	
1029	chr2:168286805-168287325	1	NA	NA	NA	NA	NA	NA	
1030	chr2:169865190-169865795	4	NA	NA	53	NA	NA	NA	
1031	chr2:169982710-169983366	1	NA	NA	NA	NA	NA	NA	
1032	chr2:172141725-172142451	3	NA	161	NA	NA	NA	NA	
1033	chr2:172456896-172457256	2	130	NA	NA	NA	NA	NA	
1034	chr2:172817224-172817552	5	NA	NA	NA	-84	NA	NA	
1035	chr2:172872532-172873294	1	NA	NA	NA	NA	NA	NA	
1036	chr2:180202857-180203387	1	NA	NA	NA	NA	NA	NA	
1037	chr2:181846762-181847320	1	NA	NA	NA	NA	NA	NA	
1038	chr3:8749621-8750208	1	NA	NA	NA	NA	NA	NA	
1039	chr3:9809307-9809549	3	NA	185	NA	NA	NA	NA	
1040	chr3:9848281-9848851	1	NA	NA	NA	NA	NA	NA	
1041	chr3:20414870-20415409	4	NA	62	104	NA	NA	NA	
1042	chr3:28754082-28754429	4	NA	NA	91	NA	NA	NA	
1043	chr3:32900617-32901075	2	-119	NA	NA	NA	NA	NA	
1044	chr3:36743909-36744343	3	NA	52	NA	NA	NA	NA	
1045	chr3:37045169-37045585	4	NA	-51	-66	NA	NA	NA	
1046	chr3:37916180-37916582	1	NA	NA	NA	NA	NA	NA	
1047	chr3:37978955-37979419	1	NA	NA	NA	NA	NA	NA	
1048	chr3:39045326-39045760	1	NA	NA	NA	NA	NA	NA	
1049	chr3:40841865-40842411	2	-78	NA	NA	NA	NA	NA	
1050	chr3:41204225-41204449	4	NA	NA	89	NA	NA	NA	
1051	chr3:51427654-51428162	4	NA	NA	-64	NA	NA	NA	
1052	chr3:51666223-51666780	3	NA	-122	NA	NA	NA	NA	
1053	chr3:52095685-52096225	1	NA	NA	NA	NA	NA	NA	
1054	chr3:52485834-52486307	4	NA	NA	-109	NA	NA	NA	
1055	chr3:52546329-52547051	3	NA	61	NA	NA	NA	NA	
1056	chr3:52928063-52928591	2	31	-141	NA	NA	NA	NA	
1057	chr3:52944328-52944812	1	NA	NA	NA	NA	NA	NA	
1058	chr3:52966236-52966904	1	NA	NA	NA	NA	NA	NA	
1059	chr3:53019779-53020536	1	NA	NA	NA	NA	NA	NA	
1060	chr3:54679916-54680330	1	NA	NA	NA	NA	NA	NA	
1061	chr3:55167718-55168436	2	-165	NA	NA	NA	NA	NA	
1062	chr3:59529060-59529380	1	NA	NA	NA	NA	NA	NA	
1063	chr3:60689359-60690247	5	NA	NA	NA	63	NA	NA	
1064	chr3:69809847-69810225	1	NA	NA	NA	NA	NA	NA	
1065	chr3:75843707-75844208	1	NA	NA	NA	NA	NA	NA	
1066	chr3:84667398-84667842	4	NA	-124	-42	NA	NA	NA	
1067	chr3:84767426-84767974	5	NA	NA	NA	-94	NA	NA	
1068	chr3:84894699-84895346	5	NA	NA	NA	75	NA	NA	
1069	chr3:84934626-84935325	2	39	NA	NA	NA	NA	NA	
1070	chr3:87615522-87615938	1	NA	NA	NA	NA	NA	NA	
1071	chr3:87931977-87932436	4	NA	NA	-139	NA	NA	NA	
1072	chr3:88227584-88228184	6	NA	NA	NA	NA	-34	NA	
1073	chr3:88626464-88626960	4	NA	NA	-51	NA	NA	NA	
1074	chr3:88707611-88708199	5	NA	NA	NA	154	NA	NA	
1075	chr3:89015382-89015971	1	NA	NA	NA	NA	NA	NA	
1076	chr3:89481909-89482633	1	NA	NA	NA	NA	NA	NA	
1077	chr3:89957946-89958643	2	-133	NA	NA	NA	NA	NA	
1078	chr3:94454052-94454537	3	NA	-77	NA	NA	NA	NA	
1079	chr3:94467732-94468179	2	48	NA	NA	NA	NA	NA	
1080	chr3:95112659-95112963	1	NA	NA	NA	NA	NA	NA	
1081	chr3:95245023-95245561	2	-74	NA	NA	NA	NA	NA	
1082	chr3:95295852-95296598	1	NA	NA	NA	NA	NA	NA	
1083	chr3:95313151-95313773	1	NA	NA	NA	NA	NA	NA	
1084	chr3:96059151-96059491	2	107	NA	NA	NA	NA	NA	
1085	chr3:96355164-96355701	1	NA	NA	NA	NA	NA	NA	
1086	chr3:96642146-96642975	3	NA	-112	NA	NA	NA	NA	
1087	chr3:96665145-96666092	2	156	NA	NA	NA	NA	NA	
1088	chr3:101425503-101425940	3	NA	-7	NA	NA	NA	NA	
1089	chr3:101631039-101631529	5	NA	NA	NA	-138	NA	NA	
1090	chr3:101734667-101735161	2	72	NA	NA	NA	NA	NA	
1091	chr3:103231230-103231808	2	-58	NA	NA	NA	NA	NA	
1092	chr3:103526449-103526975	3	NA	-143	NA	NA	NA	NA	
1093	chr3:103867028-103867660	4	NA	NA	15	NA	NA	NA	
1094	chr3:104374735-104375325	4	NA	NA	103	NA	NA	NA	
1095	chr3:105832855-105833546	5	NA	NA	NA	-22	NA	NA	
1096	chr3:105896594-105897153	6	NA	-82	NA	NA	175	NA	
1097	chr3:107208659-107209259	1	NA	NA	NA	NA	NA	NA	
1098	chr3:108081580-108082147	5	NA	NA	NA	-21	NA	NA	
1099	chr3:109480212-109480732	2	55	NA	NA	NA	NA	NA	
1100	chr3:117548193-117548576	1	NA	NA	NA	NA	NA	NA	
1101	chr3:121357155-121357667	2	2	NA	NA	NA	NA	NA	
1102	chr3:121539642-121540329	3	NA	-53	NA	NA	NA	NA	
1103	chr3:127755129-127755801	1	NA	NA	NA	NA	NA	NA	
1104	chr3:127933829-127934144	5	NA	NA	NA	-39	NA	NA	
1105	chr3:130680141-130680836	2	170	NA	NA	NA	NA	NA	
1106	chr3:131008341-131008758	6	NA	NA	NA	NA	-9	NA	
1107	chr3:131101367-131101709	1	NA	NA	NA	NA	NA	NA	
1108	chr3:131197622-131198140	1	NA	NA	NA	NA	NA	NA	
1109	chr3:131323508-131323751	1	NA	NA	NA	NA	NA	NA	
1110	chr3:135656437-135657039	1	NA	NA	NA	NA	NA	NA	
1111	chr3:138465334-138465660	4	NA	NA	-154	NA	NA	NA	
1112	chr3:138680205-138680776	1	NA	NA	NA	NA	NA	NA	
1113	chr3:144190503-144190881	6	NA	NA	NA	NA	-120	NA	
1114	chr3:146620560-146620790	5	NA	NA	NA	112	NA	NA	
1115	chr3:146623768-146624240	1	NA	NA	NA	NA	NA	NA	
1116	chr3:152141394-152141995	2	-37	NA	NA	NA	NA	NA	
1117	chr3:152283806-152284091	1	NA	NA	NA	NA	NA	NA	
1118	chr3:152863572-152863937	1	NA	NA	NA	NA	NA	NA	
1119	chr4:6828864-6829670	1	NA	NA	NA	NA	NA	NA	
1120	chr4:15200217-15200798	6	NA	80	NA	NA	-20	NA	
1121	chr4:16090767-16091491	1	NA	NA	NA	NA	NA	NA	
1122	chr4:16091795-16092371	1	NA	NA	NA	NA	NA	NA	
1123	chr4:32620062-32620475	5	NA	NA	NA	-182	NA	NA	
1124	chr4:33198042-33198533	3	NA	-122	NA	-50	NA	NA	
1125	chr4:35344904-35345244	2	62	NA	NA	NA	NA	NA	
1126	chr4:40891327-40891842	2	40	NA	NA	NA	NA	NA	
1127	chr4:40961561-40961806	2	107	NA	NA	NA	NA	NA	
1128	chr4:41026445-41026952	5	NA	NA	NA	-114	NA	NA	
1129	chr4:41027738-41028359	2	172	NA	NA	NA	NA	NA	
1130	chr4:41065224-41065755	5	NA	NA	NA	-131	NA	NA	
1131	chr4:41757633-41757904	1	NA	NA	NA	NA	NA	NA	
1132	chr4:43502768-43503239	1	NA	NA	NA	NA	NA	NA	
1133	chr4:44994589-44995176	1	NA	NA	NA	NA	NA	NA	
1134	chr4:45318056-45318430	3	NA	-94	NA	NA	NA	NA	
1135	chr4:45429825-45430498	1	NA	NA	NA	NA	NA	NA	
1136	chr4:46409516-46410349	6	NA	14	NA	NA	32	NA	
1137	chr4:47010497-47011249	2	128	NA	NA	NA	NA	NA	
1138	chr4:47340455-47341624	1	NA	NA	NA	NA	NA	NA	
1139	chr4:47446386-47446763	2	70	NA	NA	NA	NA	NA	
1140	chr4:48063521-48064056	6	NA	NA	NA	NA	-86	NA	
1141	chr4:53299188-53299654	5	NA	NA	NA	130	NA	NA	
1142	chr4:57995246-57995611	3	NA	-188	NA	NA	NA	NA	
1143	chr4:59972758-59973264	1	NA	NA	NA	NA	NA	NA	
1144	chr4:62708567-62709252	2	-146	NA	NA	NA	NA	NA	
1145	chr4:69864393-69864882	2	-155	NA	NA	NA	NA	NA	
1146	chr4:86357339-86357993	2	118	NA	NA	NA	NA	NA	
1147	chr4:87505610-87506257	6	NA	NA	NA	NA	-5	NA	
1148	chr4:87741853-87742384	1	NA	NA	NA	NA	NA	NA	
1149	chr4:92465212-92465458	1	NA	NA	NA	NA	NA	NA	
1150	chr4:95387169-95387690	1	NA	NA	NA	NA	NA	NA	
1151	chr4:97263925-97264273	1	NA	NA	NA	NA	NA	NA	
1152	chr4:97402868-97403532	1	NA	NA	NA	NA	NA	NA	
1153	chr4:100818351-100819000	1	NA	NA	NA	NA	NA	NA	
1154	chr4:102009410-102009897	3	NA	-52	NA	NA	NA	NA	
1155	chr4:102180046-102180739	4	NA	59	39	NA	NA	NA	
1156	chr4:102209717-102210244	1	NA	NA	NA	NA	NA	NA	
1157	chr4:102489435-102489991	2	79	NA	NA	NA	NA	NA	
1158	chr4:102610556-102611166	1	NA	NA	NA	NA	NA	NA	
1159	chr4:104629480-104630339	1	NA	NA	NA	NA	NA	NA	
1160	chr4:116679934-116680665	4	NA	NA	-97	NA	NA	NA	
1161	chr4:116748610-116749062	5	NA	NA	NA	15	NA	-63	
1162	chr4:116975619-116976732	3	NA	-157	NA	-181	NA	NA	
1163	chr4:118607058-118607463	1	NA	NA	NA	NA	NA	NA	
1164	chr4:118625255-118625757	3	NA	-135	NA	NA	NA	NA	
1165	chr4:119170336-119170701	5	NA	NA	NA	66	NA	NA	
1166	chr4:120484009-120484710	4	NA	-145	18	NA	NA	NA	
1167	chr4:122375302-122375743	3	NA	-132	NA	NA	NA	NA	
1168	chr4:122741182-122741588	1	NA	NA	NA	NA	NA	NA	
1169	chr4:123074723-123075197	1	NA	NA	NA	NA	NA	NA	
1170	chr4:124254590-124255361	5	NA	NA	NA	-66	NA	NA	
1171	chr4:125591910-125592309	3	NA	-95	NA	NA	NA	NA	
1172	chr4:125605648-125606633	2	113	NA	NA	NA	NA	NA	
1173	chr4:125664580-125665288	1	NA	NA	NA	NA	NA	NA	
1174	chr4:126045152-126045567	2	97	NA	NA	NA	NA	NA	
1175	chr4:128119634-128120048	6	NA	NA	NA	NA	172	NA	
1176	chr4:128838171-128838513	5	NA	NA	NA	-121	NA	NA	
1177	chr4:129077141-129077738	1	NA	NA	NA	NA	NA	NA	
1178	chr4:129084490-129084901	1	NA	NA	NA	NA	NA	NA	
1179	chr4:129203794-129204363	2	-87	39	NA	NA	NA	NA	
1180	chr4:129355787-129356185	1	NA	NA	NA	NA	NA	NA	
1181	chr4:130186159-130186873	1	NA	NA	NA	NA	NA	NA	
1182	chr4:132115227-132115785	2	-137	NA	NA	NA	NA	NA	
1183	chr4:132357484-132357874	3	NA	-151	NA	NA	NA	NA	
1184	chr4:132532906-132533324	2	168	NA	NA	NA	NA	NA	
1185	chr4:133000142-133000717	5	NA	NA	NA	-153	NA	NA	
1186	chr4:133028777-133029149	6	NA	NA	NA	NA	56	NA	
1187	chr4:133099777-133100376	6	NA	-65	NA	NA	-110	NA	
1188	chr4:134478184-134478761	2	-11	NA	NA	NA	NA	NA	
1189	chr4:134708453-134708780	2	-68	40	NA	NA	NA	NA	
1190	chr4:135127616-135128164	1	NA	NA	NA	NA	NA	NA	
1191	chr4:135293663-135294114	5	NA	NA	NA	95	NA	NA	
1192	chr4:135332211-135332472	4	NA	NA	-89	NA	NA	NA	
1193	chr4:135401672-135401974	2	159	NA	NA	NA	NA	NA	
1194	chr4:136866516-136867047	2	-65	49	NA	NA	NA	NA	
1195	chr4:137575724-137576094	1	NA	NA	NA	NA	NA	NA	
1196	chr4:138894212-138894726	2	141	NA	NA	NA	NA	NA	
1197	chr4:139103083-139103548	5	NA	NA	NA	-165	NA	NA	
1198	chr4:140045796-140046412	1	NA	NA	NA	NA	NA	NA	
1199	chr4:140203053-140203390	6	NA	NA	NA	NA	-110	NA	
1200	chr4:140224414-140225048	5	NA	NA	NA	145	NA	NA	
1201	chr4:141065033-141065543	2	93	NA	NA	NA	NA	NA	
1202	chr4:144271681-144272069	2	-95	NA	NA	NA	NA	NA	
1203	chr4:144294155-144294893	1	NA	NA	NA	NA	NA	NA	
1204	chr4:147910595-147911220	2	-130	NA	NA	NA	NA	NA	
1205	chr4:148244873-148245559	1	NA	NA	NA	NA	NA	NA	
1206	chr4:148313361-148313870	2	-66	NA	NA	NA	NA	NA	
1207	chr4:148700356-148701273	1	NA	NA	NA	NA	NA	NA	
1208	chr4:148715438-148715767	3	NA	-54	NA	NA	NA	NA	
1209	chr4:149081755-149082171	1	NA	NA	NA	NA	NA	NA	
1210	chr4:150997320-150997890	3	NA	157	NA	NA	NA	NA	
1211	chr4:153993833-153994614	1	NA	NA	NA	NA	NA	NA	
1212	chr4:154258360-154259008	3	NA	72	NA	NA	NA	NA	
1213	chr5:15889936-15890331	1	NA	NA	NA	NA	NA	NA	
1214	chr5:19811651-19812174	2	156	NA	NA	NA	NA	NA	
1215	chr5:20463831-20464768	2	-133	NA	NA	NA	NA	NA	
1216	chr5:20923003-20923517	2	-151	NA	NA	NA	NA	NA	
1217	chr5:24097354-24097756	2	35	NA	NA	NA	NA	NA	
1218	chr5:28402311-28403155	2	-97	NA	NA	NA	NA	NA	
1219	chr5:30066138-30066810	2	56	NA	NA	NA	NA	NA	
1220	chr5:34561929-34562387	1	NA	NA	NA	NA	NA	NA	
1221	chr5:36690405-36690811	4	NA	NA	154	NA	NA	NA	
1222	chr5:37010517-37010960	5	NA	NA	NA	-120	NA	NA	
1223	chr5:37277366-37277900	1	NA	NA	NA	NA	NA	NA	
1224	chr5:38358053-38358426	1	NA	NA	NA	NA	NA	NA	
1225	chr5:44129464-44130019	6	NA	NA	NA	NA	111	NA	
1226	chr5:64905026-64905393	2	135	NA	NA	NA	NA	NA	
1227	chr5:64955658-64956355	1	NA	NA	NA	NA	NA	NA	
1228	chr5:65093693-65094277	1	NA	NA	NA	NA	NA	NA	
1229	chr5:65614375-65614911	1	NA	NA	NA	NA	NA	NA	
1230	chr5:66070140-66070674	4	NA	NA	-132	NA	NA	NA	
1231	chr5:66152302-66152953	6	NA	-18	NA	NA	95	NA	
1232	chr5:66180040-66180394	3	NA	-65	NA	NA	NA	NA	
1233	chr5:66200610-66200991	6	NA	-99	NA	NA	115	NA	
1234	chr5:66208427-66208837	3	NA	118	NA	NA	NA	NA	
1235	chr5:66228459-66229048	1	NA	NA	NA	NA	NA	NA	
1236	chr5:68125556-68126166	1	NA	NA	NA	NA	NA	NA	
1237	chr5:72451656-72452280	2	145	NA	NA	NA	NA	69	
1238	chr5:72913877-72914278	1	NA	NA	NA	NA	NA	NA	
1239	chr5:73532914-73533332	3	NA	147	NA	NA	NA	NA	
1240	chr5:76122119-76122509	3	NA	172	NA	NA	NA	NA	
1241	chr5:78340312-78340992	1	NA	NA	NA	NA	NA	NA	
1242	chr5:87145952-87146317	4	NA	NA	50	NA	NA	NA	
1243	chr5:93279728-93280278	1	NA	NA	NA	NA	NA	NA	
1244	chr5:93564683-93565226	3	NA	16	NA	NA	NA	NA	
1245	chr5:96448399-96448872	2	73	NA	NA	NA	NA	NA	
1246	chr5:103966941-103967280	5	NA	NA	NA	-142	NA	NA	
1247	chr5:103996454-103996984	3	NA	-97	NA	NA	NA	NA	
1248	chr5:104062085-104062640	2	-58	NA	NA	NA	NA	NA	
1249	chr5:105222797-105223350	6	NA	NA	NA	NA	82	NA	
1250	chr5:105758304-105759119	2	108	NA	NA	NA	NA	NA	
1251	chr5:105925043-105925683	6	NA	-138	NA	NA	-164	NA	
1252	chr5:107255990-107256402	3	NA	-89	NA	NA	NA	NA	
1253	chr5:107505155-107505697	6	NA	NA	NA	NA	136	NA	
1254	chr5:107535511-107535820	1	NA	NA	NA	NA	NA	NA	
1255	chr5:107939114-107939541	2	102	NA	NA	NA	NA	NA	
1256	chr5:107949299-107949653	6	NA	NA	NA	NA	38	NA	
1257	chr5:107964970-107965547	1	NA	NA	NA	NA	NA	NA	
1258	chr5:107989187-107989888	2	-15	NA	NA	NA	NA	NA	
1259	chr5:110524785-110525377	1	NA	NA	NA	NA	NA	NA	
1260	chr5:111079891-111080597	3	NA	-98	NA	NA	NA	NA	
1261	chr5:111570791-111571261	1	NA	NA	NA	NA	NA	NA	
1262	chr5:111749365-111749815	1	NA	NA	NA	NA	NA	NA	
1263	chr5:112511513-112512168	5	NA	NA	NA	-111	NA	NA	
1264	chr5:112527176-112527645	1	NA	NA	NA	NA	NA	NA	
1265	chr5:114091154-114091910	4	NA	-53	-179	NA	NA	NA	
1266	chr5:114705162-114705656	1	NA	NA	NA	NA	NA	NA	
1267	chr5:115352975-115353411	5	NA	NA	NA	78	NA	NA	
1268	chr5:115580336-115580884	3	NA	106	NA	NA	NA	NA	
1269	chr5:116015749-116016384	3	NA	-23	NA	NA	NA	NA	
1270	chr5:118297827-118298445	1	NA	NA	NA	NA	NA	NA	
1271	chr5:118342943-118343368	2	121	6	NA	NA	NA	NA	
1272	chr5:120367071-120367316	4	NA	NA	-85	NA	NA	NA	
1273	chr5:122632916-122633353	1	NA	NA	NA	NA	NA	NA	
1274	chr5:122662042-122662506	1	NA	NA	NA	NA	NA	NA	
1275	chr5:122913051-122913341	4	NA	NA	-42	NA	NA	NA	
1276	chr5:123251005-123251746	1	NA	NA	NA	NA	NA	NA	
1277	chr5:123337440-123337940	1	NA	NA	NA	NA	NA	NA	
1278	chr5:124335509-124336043	3	NA	19	NA	NA	NA	NA	
1279	chr5:125730650-125731193	6	NA	NA	NA	NA	11	NA	
1280	chr5:130131169-130131870	5	NA	NA	NA	-136	NA	NA	
1281	chr5:134550522-134550904	2	48	NA	NA	NA	NA	NA	
1282	chr5:135226184-135227192	6	NA	NA	NA	NA	67	NA	
1283	chr5:135244885-135245560	1	NA	NA	NA	NA	NA	NA	
1284	chr5:137814688-137815296	4	NA	NA	120	NA	NA	100	
1285	chr5:138016955-138017713	2	-164	NA	NA	NA	NA	NA	
1286	chr5:138887327-138887933	1	NA	NA	NA	NA	NA	NA	
1287	chr5:139530185-139530819	5	NA	NA	NA	108	NA	NA	
1288	chr5:139635572-139636282	6	NA	NA	NA	NA	-161	NA	
1289	chr5:141297364-141297970	4	NA	NA	-66	NA	NA	NA	
1290	chr5:142692104-142692913	1	NA	NA	NA	NA	NA	NA	
1291	chr5:146524799-146525377	5	NA	NA	NA	93	NA	NA	
1292	chr5:148709664-148710402	5	NA	NA	NA	-11	NA	NA	
1293	chr5:149556401-149556783	3	NA	-17	NA	NA	NA	NA	
1294	chr5:150044269-150045093	1	NA	NA	NA	NA	NA	NA	
1295	chr5:150808269-150808822	4	NA	-178	-128	NA	NA	NA	
1296	chr6:8435583-8436121	3	NA	-19	NA	NA	NA	NA	
1297	chr6:8460160-8460781	5	NA	NA	NA	164	NA	NA	
1298	chr6:22299455-22300204	3	NA	150	NA	NA	NA	NA	
1299	chr6:28300891-28301473	1	NA	NA	NA	NA	NA	NA	
1300	chr6:29686518-29687065	1	NA	NA	NA	NA	NA	NA	
1301	chr6:29688507-29688882	1	NA	NA	NA	NA	NA	NA	
1302	chr6:30251499-30251915	5	NA	NA	NA	152	NA	NA	
1303	chr6:30301196-30301758	3	NA	-130	NA	-26	NA	NA	
1304	chr6:33448133-33448727	6	NA	NA	NA	NA	122	NA	
1305	chr6:34086035-34086898	6	NA	NA	NA	NA	166	NA	
1306	chr6:34294683-34295271	1	NA	NA	NA	NA	NA	NA	
1307	chr6:34872318-34872939	3	NA	162	NA	NA	NA	NA	
1308	chr6:34908712-34909091	2	108	NA	NA	NA	NA	NA	
1309	chr6:35063919-35064551	4	NA	-76	-117	NA	NA	NA	
1310	chr6:37844782-37845218	2	20	NA	NA	NA	NA	NA	
1311	chr6:38272030-38272512	5	NA	NA	NA	64	NA	NA	
1312	chr6:39308762-39309433	2	-125	NA	NA	NA	NA	NA	
1313	chr6:39522444-39522748	4	NA	-171	-58	NA	NA	NA	
1314	chr6:41459731-41460237	2	-158	NA	NA	NA	NA	NA	
1315	chr6:41483659-41484386	3	NA	-142	NA	NA	NA	NA	
1316	chr6:41557474-41558095	1	NA	NA	NA	NA	NA	NA	
1317	chr6:47243722-47244174	5	NA	NA	NA	35	NA	NA	
1318	chr6:48012994-48013613	4	NA	186	152	NA	NA	NA	
1319	chr6:48609412-48609858	1	NA	NA	NA	NA	NA	NA	
1320	chr6:48662420-48662894	1	NA	NA	NA	NA	NA	NA	
1321	chr6:49938848-49939620	2	-98	NA	NA	NA	NA	NA	
1322	chr6:50346341-50346985	2	-121	NA	NA	NA	NA	NA	
1323	chr6:51310743-51311346	4	NA	NA	-48	NA	NA	NA	
1324	chr6:51509819-51510204	3	NA	158	NA	NA	NA	NA	
1325	chr6:52045122-52045891	6	NA	NA	NA	NA	183	NA	
1326	chr6:52830272-52830919	5	NA	NA	NA	-137	NA	NA	
1327	chr6:52841733-52842484	2	98	NA	NA	NA	NA	NA	
1328	chr6:52848501-52849335	4	NA	NA	-102	NA	NA	NA	
1329	chr6:53064005-53064351	2	-128	NA	NA	NA	NA	NA	
1330	chr6:56727748-56728128	1	NA	NA	NA	NA	NA	NA	
1331	chr6:56852939-56853451	4	NA	NA	7	NA	NA	NA	
1332	chr6:58762156-58762610	6	NA	NA	NA	NA	158	NA	
1333	chr6:58764056-58764370	5	NA	NA	NA	72	NA	NA	
1334	chr6:59355603-59356059	1	NA	NA	NA	NA	NA	NA	
1335	chr6:61113890-61114389	6	NA	163	NA	NA	-149	NA	
1336	chr6:66966694-66967318	2	0	NA	NA	NA	NA	NA	
1337	chr6:66985647-66986052	4	NA	-72	54	NA	NA	NA	
1338	chr6:67232013-67232385	6	NA	NA	NA	NA	-112	NA	
1339	chr6:67462538-67463056	6	NA	NA	NA	NA	-170	NA	
1340	chr6:70745158-70745634	1	NA	NA	NA	NA	NA	NA	
1341	chr6:71274012-71274465	1	NA	NA	NA	NA	NA	NA	
1342	chr6:71892096-71892645	1	NA	NA	NA	NA	NA	NA	
1343	chr6:72403085-72403835	1	NA	NA	NA	NA	NA	NA	
1344	chr6:72441952-72442424	1	NA	NA	NA	NA	NA	NA	
1345	chr6:72531139-72531886	2	-161	NA	NA	NA	NA	NA	
1346	chr6:72922780-72923396	1	NA	NA	NA	NA	NA	NA	
1347	chr6:82887344-82888000	6	NA	NA	NA	NA	-102	NA	
1348	chr6:83043894-83044431	4	NA	NA	-3	NA	NA	NA	
1349	chr6:84622289-84622610	4	NA	179	-108	NA	NA	NA	
1350	chr6:86564771-86565172	2	49	NA	NA	NA	NA	NA	
1351	chr6:86875381-86875987	2	-159	NA	NA	NA	NA	NA	
1352	chr6:87006405-87007318	5	NA	NA	NA	-68	NA	NA	
1353	chr6:87507454-87508168	2	-14	-94	NA	NA	NA	NA	
1354	chr6:88155173-88155676	3	NA	-120	NA	NA	NA	NA	
1355	chr6:91090281-91090869	6	NA	NA	NA	NA	-108	NA	
1356	chr6:92149481-92149820	1	NA	NA	NA	NA	NA	NA	
1357	chr6:94630663-94631367	1	NA	NA	NA	NA	NA	NA	
1358	chr6:97289942-97290331	1	NA	NA	NA	NA	NA	NA	
1359	chr6:97488478-97488954	4	NA	NA	83	NA	NA	NA	
1360	chr6:99226327-99226850	3	NA	105	NA	NA	NA	NA	
1361	chr6:99354308-99354868	3	NA	101	NA	NA	NA	NA	
1362	chr6:99530328-99530776	5	NA	NA	NA	116	NA	NA	
1363	chr6:99623880-99624722	1	NA	NA	NA	NA	NA	NA	
1364	chr6:99631271-99631918	2	-106	NA	NA	NA	NA	NA	
1365	chr6:99924998-99925402	3	NA	136	NA	NA	NA	NA	
1366	chr6:100403754-100404552	6	NA	NA	NA	NA	-40	NA	
1367	chr6:103614717-103615067	1	NA	NA	NA	NA	NA	NA	
1368	chr6:108174606-108175194	6	NA	NA	NA	NA	105	NA	
1369	chr6:108798606-108799247	4	NA	NA	166	NA	NA	NA	
1370	chr6:112933117-112933570	3	NA	-158	NA	NA	NA	NA	
1371	chr6:115804055-115804577	6	NA	NA	NA	NA	104	NA	
1372	chr6:120013051-120013901	4	NA	NA	-124	NA	NA	NA	
1373	chr6:121183463-121183925	2	127	NA	NA	NA	NA	NA	
1374	chr6:121190687-121191081	4	NA	NA	-110	NA	NA	NA	
1375	chr6:122708007-122708501	2	89	NA	NA	NA	NA	NA	
1376	chr6:124630470-124631041	1	NA	NA	NA	NA	NA	NA	
1377	chr6:124715821-124716601	4	NA	NA	-121	NA	NA	NA	
1378	chr6:125230767-125231284	2	-163	NA	NA	NA	NA	NA	
1379	chr6:125391717-125392400	2	100	NA	NA	NA	NA	159	
1380	chr6:126814581-126815078	1	NA	NA	NA	NA	NA	NA	
1381	chr6:127075140-127075566	3	NA	-188	NA	NA	NA	NA	
1382	chr6:127439207-127439929	1	NA	NA	NA	NA	NA	NA	
1383	chr6:129069967-129070589	1	NA	NA	NA	NA	NA	NA	
1384	chr6:129175935-129176644	2	-138	NA	NA	NA	NA	NA	
1385	chr6:134053246-134053983	2	-144	NA	NA	NA	NA	NA	
1386	chr6:134498750-134499167	5	NA	NA	NA	-48	NA	NA	
1387	chr6:134606342-134606858	1	NA	NA	NA	NA	NA	NA	
1388	chr6:136455646-136456285	1	NA	NA	NA	NA	NA	NA	
1389	chr6:136483298-136483992	6	NA	NA	NA	NA	-111	NA	
1390	chr6:136707849-136708238	2	-86	NA	NA	NA	NA	NA	
1391	chr6:136905806-136906231	2	130	115	NA	NA	NA	NA	
1392	chr6:142529012-142529696	1	NA	NA	NA	NA	NA	NA	
1393	chr6:143448253-143448602	6	NA	NA	NA	NA	-83	NA	
1394	chr6:144627574-144628084	2	36	-18	NA	NA	NA	NA	
1395	chr6:144944224-144944855	6	NA	NA	NA	NA	-134	NA	
1396	chr6:146101710-146102410	2	78	-60	NA	NA	NA	NA	
1397	chr6:146162284-146162808	1	NA	NA	NA	NA	NA	NA	
1398	chr6:146367140-146367368	5	NA	NA	NA	-87	NA	NA	
1399	chr6:146391281-146391900	1	NA	NA	NA	NA	NA	NA	
1400	chr6:146472842-146473620	6	NA	NA	NA	NA	171	NA	
1401	chr7:11810274-11810946	4	NA	NA	22	NA	NA	NA	
1402	chr7:11887448-11887995	1	NA	NA	NA	NA	NA	NA	
1403	chr7:15107784-15108155	2	48	NA	NA	NA	NA	NA	
1404	chr7:16148480-16149090	3	NA	50	NA	NA	NA	NA	
1405	chr7:18318997-18319374	5	NA	NA	NA	-93	NA	NA	
1406	chr7:19104150-19104923	3	NA	128	NA	NA	NA	NA	
1407	chr7:24087005-24087468	4	NA	NA	115	NA	NA	NA	
1408	chr7:24103216-24103536	1	NA	NA	NA	NA	NA	NA	
1409	chr7:24115821-24116295	2	32	NA	NA	NA	NA	NA	
1410	chr7:27642111-27642510	4	NA	NA	-143	NA	NA	NA	
1411	chr7:27877438-27878034	4	NA	NA	30	NA	NA	NA	
1412	chr7:28091669-28092238	1	NA	NA	NA	NA	NA	NA	
1413	chr7:28155112-28155537	5	NA	NA	NA	87	NA	NA	
1414	chr7:28266330-28266745	3	NA	85	NA	NA	NA	NA	
1415	chr7:28385716-28386258	3	NA	-149	NA	NA	NA	NA	
1416	chr7:28450082-28450689	2	-32	NA	NA	NA	NA	NA	
1417	chr7:28517082-28517492	2	127	NA	NA	NA	NA	NA	
1418	chr7:28576272-28576621	5	NA	NA	NA	106	NA	NA	
1419	chr7:28588403-28588780	5	NA	NA	NA	-77	NA	NA	
1420	chr7:28843138-28843795	2	-184	NA	NA	NA	NA	NA	
1421	chr7:30082344-30082666	2	-69	NA	NA	NA	NA	NA	
1422	chr7:30199000-30199521	1	NA	NA	NA	NA	NA	NA	
1423	chr7:34828234-34829270	1	NA	NA	NA	NA	NA	NA	
1424	chr7:35042188-35042832	4	NA	NA	-108	NA	NA	NA	
1425	chr7:35297716-35298201	2	127	NA	NA	NA	NA	NA	
1426	chr7:37198838-37199527	2	-0	NA	NA	NA	NA	NA	
1427	chr7:39425527-39425848	5	NA	NA	NA	-84	NA	NA	
1428	chr7:43788016-43788364	6	NA	-3	NA	NA	62	NA	
1429	chr7:45072552-45072891	1	NA	NA	NA	NA	NA	NA	
1430	chr7:45378322-45378925	3	NA	76	NA	NA	NA	NA	
1431	chr7:45441771-45442557	6	NA	NA	NA	NA	131	NA	
1432	chr7:45460069-45460588	2	84	NA	NA	NA	NA	NA	
1433	chr7:45511769-45512345	1	NA	NA	NA	NA	NA	NA	
1434	chr7:45734326-45734995	1	NA	NA	NA	NA	NA	NA	
1435	chr7:46367682-46367951	5	NA	NA	NA	71	NA	NA	
1436	chr7:46474802-46475327	3	NA	-63	NA	NA	NA	NA	
1437	chr7:58525887-58526185	5	NA	NA	NA	61	NA	NA	
1438	chr7:58609695-58610098	1	NA	NA	NA	NA	NA	NA	
1439	chr7:63937274-63937773	5	NA	NA	NA	101	NA	NA	
1440	chr7:64927175-64927536	5	NA	NA	NA	58	NA	NA	
1441	chr7:66112032-66112678	4	NA	NA	-34	NA	NA	NA	
1442	chr7:66534786-66535272	2	-111	NA	NA	NA	NA	NA	
1443	chr7:67373736-67374307	4	NA	NA	-34	NA	NA	NA	
1444	chr7:67376592-67377224	5	NA	NA	NA	37	NA	NA	
1445	chr7:68016064-68016502	3	NA	16	NA	NA	NA	NA	
1446	chr7:68162596-68162925	1	NA	NA	NA	NA	NA	NA	
1447	chr7:68196581-68197034	2	149	NA	NA	NA	NA	NA	
1448	chr7:68578121-68578533	2	15	NA	NA	NA	NA	NA	
1449	chr7:73457260-73458008	5	NA	NA	NA	15	NA	NA	
1450	chr7:73486019-73486638	1	NA	NA	NA	NA	NA	NA	
1451	chr7:74571391-74572033	3	NA	-96	NA	NA	NA	NA	
1452	chr7:75258165-75258488	2	-98	NA	NA	NA	NA	NA	
1453	chr7:75328593-75329029	5	NA	NA	NA	-98	NA	NA	
1454	chr7:78738832-78739793	1	NA	NA	NA	NA	NA	NA	
1455	chr7:79958120-79958802	5	NA	NA	NA	-121	NA	NA	
1456	chr7:80249085-80249641	2	115	NA	NA	NA	NA	NA	
1457	chr7:80508203-80508724	3	NA	-8	NA	NA	NA	NA	
1458	chr7:80570544-80570902	2	5	NA	NA	NA	NA	NA	
1459	chr7:80774434-80774780	1	NA	NA	NA	NA	NA	NA	
1460	chr7:80792603-80793184	1	NA	NA	NA	NA	NA	NA	
1461	chr7:81225271-81225655	1	NA	NA	NA	NA	NA	NA	
1462	chr7:88542442-88543007	1	NA	NA	NA	NA	NA	NA	
1463	chr7:97464981-97465555	6	NA	NA	NA	NA	-57	NA	
1464	chr7:98437863-98438743	2	-96	NA	NA	NA	NA	NA	
1465	chr7:98569254-98569680	6	NA	103	NA	NA	-77	NA	
1466	chr7:99249592-99249877	5	NA	NA	NA	-119	NA	NA	
1467	chr7:99618085-99618648	1	NA	NA	NA	NA	NA	NA	
1468	chr7:99672441-99672849	5	NA	NA	NA	-41	NA	NA	
1469	chr7:99730137-99730791	6	NA	-74	NA	NA	-44	NA	
1470	chr7:99778327-99778874	2	-136	NA	NA	NA	NA	NA	
1471	chr7:100109028-100109293	2	67	NA	NA	NA	NA	NA	
1472	chr7:109955027-109955624	3	NA	10	NA	NA	NA	NA	
1473	chr7:110223048-110223971	1	NA	NA	NA	NA	NA	NA	
1474	chr7:110547579-110548056	1	NA	NA	NA	NA	NA	NA	
1475	chr7:113210608-113210946	3	NA	-52	NA	NA	NA	NA	
1476	chr7:113952072-113952830	3	NA	98	NA	NA	NA	NA	
1477	chr7:114004540-114005212	6	NA	NA	NA	NA	102	NA	
1478	chr7:114080119-114080990	1	NA	NA	NA	NA	NA	NA	
1479	chr7:114270736-114271756	6	NA	NA	NA	NA	-43	NA	
1480	chr7:115112992-115113568	2	-137	NA	NA	NA	NA	NA	
1481	chr7:118050654-118051641	5	NA	NA	NA	-55	NA	NA	
1482	chr7:118479446-118479865	5	NA	NA	NA	-55	NA	-22	
1483	chr7:120774042-120774650	6	NA	NA	NA	NA	-54	NA	
1484	chr7:125263183-125264068	4	NA	NA	57	NA	NA	NA	
1485	chr7:125278175-125278673	1	NA	NA	NA	NA	NA	NA	
1486	chr7:125302894-125303582	4	NA	NA	-97	NA	NA	NA	
1487	chr7:125973512-125974090	4	NA	76	62	NA	NA	NA	
1488	chr7:126131088-126131464	1	NA	NA	NA	NA	NA	NA	
1489	chr7:126187820-126188291	3	NA	167	NA	NA	NA	NA	
1490	chr7:126397718-126398326	1	NA	NA	NA	NA	NA	NA	
1491	chr7:126445013-126445439	1	NA	NA	NA	NA	NA	NA	
1492	chr7:126566168-126566647	1	NA	NA	NA	NA	NA	NA	
1493	chr7:126652952-126653769	1	NA	NA	NA	NA	NA	NA	
1494	chr7:127011476-127011898	3	NA	175	NA	NA	NA	NA	
1495	chr7:127023635-127024369	4	NA	NA	63	NA	NA	NA	
1496	chr7:127710288-127710887	5	NA	NA	NA	-113	NA	NA	
1497	chr7:131350958-131351366	2	39	NA	NA	NA	NA	NA	
1498	chr7:132494758-132495289	1	NA	NA	NA	NA	NA	NA	
1499	chr7:132707775-132708418	2	-169	NA	NA	NA	NA	NA	
1500	chr7:139535347-139536261	2	95	NA	NA	NA	NA	NA	
1501	chr7:140039689-140039988	2	-57	NA	NA	NA	NA	NA	
1502	chr7:140058204-140058590	6	NA	135	NA	NA	152	NA	
1503	chr7:140730412-140730950	2	-43	NA	NA	NA	NA	NA	
1504	chr7:141265644-141266268	3	NA	125	NA	-67	NA	NA	
1505	chr7:142107767-142108362	2	91	NA	NA	NA	NA	NA	
1506	chr7:142163100-142163725	3	NA	-184	NA	NA	NA	NA	
1507	chr7:143437884-143438441	1	NA	NA	NA	NA	NA	NA	
1508	chr7:143595027-143595377	6	NA	NA	NA	NA	-60	NA	
1509	chr7:144256532-144257287	5	NA	NA	NA	105	NA	NA	
1510	chr7:145052576-145053035	1	NA	NA	NA	NA	NA	NA	
1511	chr8:3691625-3692137	1	NA	NA	NA	NA	NA	NA	
1512	chr8:4214060-4214452	2	-180	NA	NA	NA	NA	NA	
1513	chr8:4474854-4475100	1	NA	NA	NA	NA	NA	NA	
1514	chr8:9975020-9975706	2	-108	NA	NA	NA	NA	NA	
1515	chr8:13601154-13601704	1	NA	NA	NA	NA	NA	NA	
1516	chr8:13996304-13996787	1	NA	NA	NA	NA	NA	NA	
1517	chr8:18738828-18739408	2	-100	NA	NA	NA	NA	NA	
1518	chr8:27185669-27186238	1	NA	NA	NA	NA	NA	NA	
1519	chr8:28602880-28603475	6	NA	NA	NA	NA	68	NA	
1520	chr8:28636324-28636753	2	79	NA	NA	NA	NA	NA	
1521	chr8:35576823-35577547	1	NA	NA	NA	NA	NA	NA	
1522	chr8:37065285-37066065	4	NA	-63	-146	NA	NA	NA	
1523	chr8:37662583-37663108	3	NA	-32	NA	NA	NA	NA	
1524	chr8:48185468-48185818	3	NA	68	NA	NA	NA	NA	
1525	chr8:60378991-60379684	6	NA	NA	NA	NA	39	NA	
1526	chr8:72050665-72050978	1	NA	NA	NA	NA	NA	NA	
1527	chr8:72932340-72932663	3	NA	172	NA	NA	NA	NA	
1528	chr8:73602268-73603108	4	NA	NA	116	NA	NA	NA	
1529	chr8:74621448-74621840	3	NA	-125	NA	NA	NA	NA	
1530	chr8:75499513-75499921	1	NA	NA	NA	NA	NA	NA	
1531	chr8:77890379-77891090	2	90	NA	NA	NA	NA	NA	
1532	chr8:77978486-77979005	1	NA	NA	NA	NA	NA	NA	
1533	chr8:86606700-86607236	2	25	NA	NA	NA	NA	NA	
1534	chr8:86669626-86670172	4	NA	NA	54	NA	NA	NA	
1535	chr8:86845982-86846318	1	NA	NA	NA	NA	NA	NA	
1536	chr8:89514449-89514892	4	NA	NA	151	NA	NA	NA	
1537	chr8:93967464-93968002	2	-70	-166	NA	NA	NA	NA	
1538	chr8:97226454-97227196	3	NA	170	NA	NA	NA	NA	
1539	chr8:97281384-97281841	2	-4	NA	NA	NA	NA	NA	
1540	chr8:107519992-107520447	6	NA	NA	NA	NA	144	NA	
1541	chr8:108887407-108887726	4	NA	NA	-107	NA	NA	NA	
1542	chr8:108911632-108912151	5	NA	NA	NA	-124	NA	-38	
1543	chr8:109491836-109492372	1	NA	NA	NA	NA	NA	NA	
1544	chr8:109512211-109512766	5	NA	NA	NA	-51	NA	NA	
1545	chr8:110131643-110131953	2	-75	-45	NA	NA	NA	NA	
1546	chr8:113825668-113826472	1	NA	NA	NA	NA	NA	NA	
1547	chr8:114482260-114483137	4	NA	NA	63	NA	NA	NA	
1548	chr8:114862925-114863752	1	NA	NA	NA	NA	NA	NA	
1549	chr8:117768209-117768732	6	NA	NA	NA	NA	-188	NA	
1550	chr8:118064261-118064736	6	NA	NA	NA	NA	-146	NA	
1551	chr8:118393576-118394061	1	NA	NA	NA	NA	NA	NA	
1552	chr8:119476266-119477139	2	-84	NA	NA	NA	NA	NA	
1553	chr8:119939111-119939538	1	NA	NA	NA	NA	NA	NA	
1554	chr8:122716235-122716864	1	NA	NA	NA	NA	NA	NA	
1555	chr8:123614351-123615093	1	NA	NA	NA	NA	NA	NA	
1556	chr8:123637598-123638091	5	NA	NA	NA	-64	NA	NA	
1557	chr8:123909807-123910117	2	-83	NA	NA	NA	NA	NA	
1558	chr8:123994227-123994872	1	NA	NA	NA	NA	NA	NA	
1559	chr8:124268276-124268743	4	NA	NA	125	NA	NA	NA	
1560	chr8:124488851-124489405	1	NA	NA	NA	NA	NA	NA	
1561	chr8:124794511-124794862	3	NA	-125	NA	NA	NA	NA	
1562	chr8:125168480-125169378	6	NA	NA	NA	NA	-171	NA	
1563	chr8:125169679-125171221	1	NA	NA	NA	NA	NA	NA	
1564	chr8:125350284-125350843	1	NA	NA	NA	NA	NA	NA	
1565	chr8:125361136-125361496	2	97	NA	NA	NA	NA	NA	
1566	chr8:125652158-125652631	1	NA	NA	NA	NA	NA	NA	
1567	chr8:126731183-126731690	3	NA	78	NA	NA	NA	NA	
1568	chr8:127112319-127112793	4	NA	103	58	NA	NA	NA	
1569	chr8:127607819-127608863	2	-170	NA	NA	NA	NA	NA	
1570	chr8:127877509-127877852	2	-49	NA	NA	NA	NA	NA	
1571	chr8:127953381-127954362	4	NA	124	86	NA	NA	NA	
1572	chr8:129753752-129754327	2	-162	-86	NA	NA	NA	NA	
1573	chr8:130848707-130849515	1	NA	NA	NA	NA	NA	NA	
1574	chr9:14779278-14779709	2	-157	NA	NA	NA	NA	NA	
1575	chr9:20359981-20360730	4	NA	141	-86	NA	NA	NA	
1576	chr9:20842011-20842510	3	NA	149	NA	NA	NA	NA	
1577	chr9:20911785-20912417	1	NA	NA	NA	NA	NA	NA	
1578	chr9:21199902-21200873	1	NA	NA	NA	NA	NA	NA	
1579	chr9:22396687-22397266	3	NA	139	NA	NA	NA	NA	
1580	chr9:24292383-24292637	1	NA	NA	NA	NA	NA	NA	
1581	chr9:26185290-26185847	1	NA	NA	NA	NA	NA	NA	
1582	chr9:32244985-32245793	1	NA	NA	NA	NA	NA	NA	
1583	chr9:32252855-32253587	3	NA	79	NA	NA	NA	NA	
1584	chr9:32255564-32256154	4	NA	NA	114	NA	NA	NA	
1585	chr9:32287326-32288115	1	NA	NA	NA	NA	NA	NA	
1586	chr9:32358343-32358937	2	98	NA	NA	NA	NA	NA	
1587	chr9:32366128-32366720	2	40	NA	NA	NA	NA	NA	
1588	chr9:32455626-32456459	6	NA	NA	NA	NA	180	NA	
1589	chr9:32490431-32491204	1	NA	NA	NA	NA	NA	NA	
1590	chr9:32677761-32678702	1	NA	NA	NA	NA	NA	NA	
1591	chr9:32810401-32810978	2	131	NA	NA	NA	NA	NA	
1592	chr9:36516590-36517152	2	17	NA	NA	NA	NA	NA	
1593	chr9:36896676-36897039	4	NA	NA	155	NA	NA	NA	
1594	chr9:40868992-40869761	2	-37	NA	NA	NA	NA	NA	
1595	chr9:43101035-43101596	5	NA	NA	NA	-34	NA	146	
1596	chr9:43763357-43764171	6	NA	177	NA	NA	158	NA	
1597	chr9:43827750-43828151	1	NA	NA	NA	NA	NA	NA	
1598	chr9:44288831-44289230	1	NA	NA	NA	NA	NA	NA	
1599	chr9:44736894-44737637	5	NA	NA	NA	-110	NA	NA	
1600	chr9:44747475-44747894	1	NA	NA	NA	NA	NA	NA	
1601	chr9:45905219-45905945	4	NA	-150	164	NA	NA	NA	
1602	chr9:48402122-48402519	6	NA	NA	NA	NA	85	NA	
1603	chr9:50168728-50169338	1	NA	NA	NA	NA	NA	NA	
1604	chr9:50222395-50223058	3	NA	-123	NA	NA	NA	NA	
1605	chr9:50937428-50937889	6	NA	NA	NA	NA	179	NA	
1606	chr9:51152965-51153572	1	NA	NA	NA	NA	NA	NA	
1607	chr9:53033935-53034584	2	92	NA	NA	NA	NA	NA	
1608	chr9:56305045-56305610	1	NA	NA	NA	NA	NA	NA	
1609	chr9:57138438-57139041	1	NA	NA	NA	NA	NA	NA	
1610	chr9:57445515-57446348	2	-180	NA	NA	NA	NA	NA	
1611	chr9:57458626-57459137	3	NA	90	NA	NA	NA	NA	
1612	chr9:57664563-57665230	3	NA	94	NA	NA	NA	NA	
1613	chr9:57753612-57754073	6	NA	NA	NA	NA	-146	NA	
1614	chr9:57997024-57997574	5	NA	NA	NA	21	NA	NA	
1615	chr9:58381476-58382068	6	NA	NA	NA	NA	2	NA	
1616	chr9:60963389-60963605	4	NA	NA	-121	NA	NA	NA	
1617	chr9:61467688-61468153	2	-42	NA	NA	NA	NA	NA	
1618	chr9:62308219-62308916	1	NA	NA	NA	NA	NA	NA	
1619	chr9:63079897-63080521	6	NA	NA	NA	NA	-86	NA	
1620	chr9:63518748-63519414	3	NA	50	NA	NA	NA	NA	
1621	chr9:64577089-64578135	3	NA	-121	NA	NA	NA	NA	
1622	chr9:65348111-65348425	1	NA	NA	NA	NA	NA	NA	
1623	chr9:65419305-65419823	2	56	NA	NA	NA	NA	NA	
1624	chr9:65463928-65464500	2	64	NA	NA	NA	NA	99	
1625	chr9:66363109-66363492	5	NA	NA	NA	144	NA	NA	
1626	chr9:66406765-66407479	2	24	NA	NA	NA	NA	NA	
1627	chr9:66718245-66718978	5	NA	NA	NA	-142	NA	NA	
1628	chr9:68833425-68834434	6	NA	NA	NA	NA	149	NA	
1629	chr9:69270130-69270818	4	NA	NA	69	NA	NA	NA	
1630	chr9:69568668-69569229	3	NA	39	NA	NA	NA	NA	
1631	chr9:70890406-70891159	2	-123	NA	NA	NA	NA	-153	
1632	chr9:71896389-71896955	4	NA	NA	185	NA	NA	NA	
1633	chr9:75195786-75196546	3	NA	-118	NA	NA	NA	NA	
1634	chr9:75431254-75431668	6	NA	NA	NA	NA	111	NA	
1635	chr9:77255265-77256012	3	NA	71	NA	NA	NA	NA	
1636	chr9:77328705-77329245	4	NA	NA	163	NA	NA	NA	
1637	chr9:77703953-77704769	3	NA	128	NA	NA	NA	NA	
1638	chr9:78233537-78234090	2	28	NA	NA	NA	NA	NA	
1639	chr9:79598502-79599010	4	NA	NA	-40	NA	NA	NA	
1640	chr9:94469048-94469712	1	NA	NA	NA	NA	NA	NA	
1641	chr9:94477758-94478318	5	NA	NA	NA	93	NA	NA	
1642	chr9:96505467-96506213	3	NA	-132	NA	NA	NA	NA	
1643	chr9:98105385-98106163	2	-14	NA	NA	NA	NA	NA	
1644	chr9:100263703-100264238	3	NA	-189	NA	NA	NA	NA	
1645	chr9:100331267-100332076	2	-97	39	NA	NA	NA	NA	
1646	chr9:103534090-103534703	4	NA	NA	74	NA	NA	NA	
1647	chr9:106646060-106646533	1	NA	NA	NA	NA	NA	NA	
1648	chr9:107147750-107148281	1	NA	NA	NA	NA	NA	NA	
1649	chr9:107594087-107594671	1	NA	NA	NA	NA	NA	NA	
1650	chr9:107844396-107844982	5	NA	NA	NA	NA	NA	-117	
1651	chr9:108916576-108917119	1	NA	NA	NA	NA	NA	NA	
1652	chr9:110752927-110753698	5	NA	NA	NA	19	NA	NA	
1653	chr9:112019522-112020186	3	NA	-131	NA	NA	NA	NA	
1654	chr9:114284397-114285040	1	NA	NA	NA	NA	NA	NA	
1655	chr9:114289260-114289687	3	NA	19	NA	NA	NA	NA	
1656	chr9:114300196-114300729	1	NA	NA	NA	NA	NA	NA	
1657	chr9:114301148-114301650	2	35	NA	NA	NA	NA	NA	
1658	chr9:114396510-114396799	1	NA	NA	NA	NA	NA	NA	
1659	chr9:114578496-114578935	1	NA	NA	NA	NA	NA	NA	
1660	chr9:115472466-115473279	1	NA	NA	NA	NA	NA	NA	
1661	chr9:116186793-116187348	1	NA	NA	NA	NA	NA	NA	
1662	chr9:117998161-117998889	5	NA	NA	NA	-73	NA	NA	
1663	chr9:118236333-118236670	1	NA	NA	NA	NA	NA	NA	
1664	chr9:118251199-118251839	1	NA	NA	NA	NA	NA	NA	
1665	chr9:119251872-119252324	3	NA	-103	NA	-144	NA	NA	
1666	chr9:119592702-119592967	1	NA	NA	NA	NA	NA	NA	
1667	chr9:119878924-119879457	1	NA	NA	NA	NA	NA	NA	
1668	chr9:120810162-120810783	2	-128	NA	NA	NA	NA	NA	
1669	chr9:122037397-122037840	3	NA	62	NA	NA	NA	NA	
1670	chr9:123514480-123514897	4	NA	NA	-17	NA	NA	NA	
1671	chr9:123605073-123606138	2	178	-40	NA	NA	NA	NA	
1672	chrX:6727711-6728139	2	-77	NA	NA	NA	NA	NA	
1673	chrX:11397624-11397913	1	NA	NA	NA	NA	NA	NA	
1674	chrX:11642526-11643337	6	NA	53	NA	NA	104	NA	
1675	chrX:12775370-12775815	4	NA	-54	134	NA	NA	NA	
1676	chrX:15776312-15776789	1	NA	NA	NA	NA	NA	NA	
1677	chrX:38588073-38588746	4	NA	NA	58	NA	NA	NA	
1678	chrX:38755674-38756179	2	-86	NA	NA	NA	NA	NA	
1679	chrX:44229567-44230265	5	NA	NA	NA	-51	NA	NA	
1680	chrX:44683579-44684172	2	72	34	NA	NA	NA	NA	
1681	chrX:47174920-47175299	2	74	NA	NA	NA	NA	NA	
1682	chrX:53685170-53685644	6	NA	58	NA	NA	-42	NA	
1683	chrX:81479607-81480264	1	NA	NA	NA	NA	NA	NA	
1684	chrX:81826855-81827509	4	NA	NA	82	NA	NA	NA	
1685	chrX:83490975-83491238	1	NA	NA	NA	NA	NA	NA	
1686	chrX:97424855-97425430	4	NA	-12	0	NA	NA	NA	
1687	chrX:98234488-98235004	2	35	NA	NA	NA	NA	NA	
1688	chrX:98262053-98262456	1	NA	NA	NA	NA	NA	NA	
1689	chrX:99693477-99694047	1	NA	NA	NA	NA	NA	NA	
1690	chrX:103290928-103291291	2	94	73	NA	NA	NA	NA	
1691	chrX:104968170-104968686	1	NA	NA	NA	NA	NA	NA	
1692	chrX:106788244-106788513	5	NA	NA	NA	61	NA	NA	
1693	chrX:125090877-125091441	4	NA	NA	173	NA	NA	NA	
1694	chrX:129509189-129509756	4	NA	NA	-151	NA	NA	NA	
1695	chrX:129524241-129524502	6	NA	-88	NA	NA	69	NA	
1696	chrX:129665490-129665945	1	NA	NA	NA	NA	NA	NA	
1697	chrX:131962301-131962685	3	NA	47	NA	NA	NA	NA	
1698	chrX:132384173-132384562	2	32	NA	NA	NA	NA	NA	
1699	chrX:137474930-137475357	1	NA	NA	NA	NA	NA	NA	
1700	chrX:137635752-137636314	5	NA	NA	NA	-128	NA	NA	
1701	chrX:138078409-138078935	2	33	NA	NA	NA	NA	NA	
1702	chrX:154646945-154647383	2	157	NA	NA	NA	NA	NA	
1703	chrX:154973280-154973804	1	NA	NA	NA	NA	NA	NA	
1704	chrX:155020384-155021006	2	71	NA	NA	NA	NA	NA	
1705	chrX:155479936-155480580	3	NA	-42	NA	NA	NA	NA	
1706	chrX:162620840-162621378	1	NA	NA	NA	NA	NA	NA	
