1	chr1:20897671-20898254	2	36	NA	
2	chr1:24566603-24569405	1	NA	NA	
3	chr1:36864939-36865549	1	NA	NA	
4	chr1:40419842-40420980	2	67	NA	
5	chr1:51538255-51538850	1	NA	NA	
6	chr1:63599505-63600306	1	NA	NA	
7	chr1:80092639-80093456	2	-141	NA	
8	chr1:81169061-81169940	1	NA	NA	
9	chr1:90306610-90307201	1	NA	NA	
10	chr1:120138586-120139086	1	NA	NA	
11	chr1:132907236-132907871	1	NA	NA	
12	chr1:133031701-133032548	2	92	NA	
13	chr1:134692915-134693672	1	NA	NA	
14	chr1:138416585-138417422	1	NA	NA	
15	chr1:145768540-145769187	1	NA	NA	
16	chr1:155141987-155142749	1	NA	NA	
17	chr1:163507438-163508304	3	NA	60	
18	chr1:167681556-167682229	1	NA	NA	
19	chr1:175877427-175878443	1	NA	NA	
20	chr1:186554726-186555192	2	72	NA	
21	chr1:192894188-192894901	2	-182	NA	
22	chr10:13688877-13689651	2	-59	NA	
23	chr10:19628484-19629258	3	64	NA	
24	chr10:26048076-26048757	3	NA	124	
25	chr10:39680230-39680917	1	NA	NA	
26	chr10:79836617-79837582	2	-128	NA	
27	chr10:80201629-80202126	1	NA	NA	
28	chr10:80509162-80509451	1	NA	NA	
29	chr10:80913080-80914050	2	-104	NA	
30	chr10:92765660-92766028	2	-139	NA	
31	chr10:95507165-95507559	1	NA	NA	
32	chr10:117575269-117576136	3	NA	122	
33	chr10:127907437-127908080	2	-72	NA	
34	chr11:11463847-11464873	1	NA	NA	
35	chr11:20148735-20149275	1	NA	NA	
36	chr11:21002515-21003402	1	NA	NA	
37	chr11:22592459-22593403	2	0	NA	
38	chr11:31570379-31571478	2	-49	NA	
39	chr11:33838628-33839502	3	NA	-28	
40	chr11:34011946-34012343	2	-13	NA	
41	chr11:46232528-46233371	1	NA	NA	
42	chr11:52157518-52158138	1	NA	NA	
43	chr11:54710065-54710643	1	NA	NA	
44	chr11:65610863-65611587	1	NA	NA	
45	chr11:69182625-69183167	1	NA	NA	
46	chr11:78352158-78353054	1	NA	NA	
47	chr11:82856905-82857744	1	NA	NA	
48	chr11:87567616-87568360	3	NA	-51	
49	chr11:87575311-87576385	1	NA	NA	
50	chr11:94407912-94408440	1	NA	NA	
51	chr11:98285951-98286753	1	NA	NA	
52	chr11:98303628-98304127	3	NA	111	
53	chr11:99016186-99016820	1	NA	NA	
54	chr11:108726757-108727516	2	114	49	
55	chr11:110214719-110215313	2	130	NA	
56	chr12:3109876-3110267	1	NA	NA	
57	chr12:21697626-21698281	2	-150	NA	
58	chr12:74516842-74517755	1	NA	NA	
59	chr12:74611051-74611820	1	NA	NA	
60	chr12:85110891-85111217	1	NA	NA	
61	chr12:85662394-85663104	1	NA	NA	
62	chr12:87833977-87834760	1	NA	NA	
63	chr12:101395027-101395767	1	NA	NA	
64	chr12:103732184-103733079	1	NA	NA	
65	chr12:111185530-111186215	1	NA	NA	
66	chr12:116670716-116671691	1	NA	NA	
67	chr12:116696429-116697160	1	NA	NA	
68	chr13:6452426-6453172	2	161	NA	
69	chr13:34871906-34872409	1	NA	NA	
70	chr13:36815339-36816442	1	NA	NA	
71	chr13:42311565-42312103	1	NA	NA	
72	chr13:51779697-51780541	1	NA	NA	
73	chr13:51982514-51983079	2	166	NA	
74	chr13:63334054-63334722	3	NA	-176	
75	chr13:85599706-85600597	1	NA	NA	
76	chr13:98291101-98291428	1	NA	NA	
77	chr13:114700773-114701501	3	NA	10	
78	chr14:53185159-53186012	1	NA	NA	
79	chr14:54557679-54558308	1	NA	NA	
80	chr14:61072465-61073256	1	NA	NA	
81	chr14:61881997-61882684	2	-66	NA	
82	chr14:64284388-64285040	3	NA	-23	
83	chr14:85972789-85973327	1	NA	NA	
84	chr15:5393222-5393977	1	NA	NA	
85	chr15:9605852-9606768	1	NA	NA	
86	chr15:62592966-62593637	2	45	NA	
87	chr15:63993065-63993580	1	NA	NA	
88	chr15:66337449-66338120	1	NA	NA	
89	chr15:74913207-74914442	1	NA	NA	
90	chr15:77798192-77798626	2	116	NA	
91	chr15:78321935-78322773	1	NA	NA	
92	chr15:85217626-85218190	2	-130	NA	
93	chr15:97200981-97201852	1	NA	NA	
94	chr15:98820398-98820814	2	-123	166	
95	chr16:4498946-4499528	1	NA	NA	
96	chr16:5308541-5309404	1	NA	NA	
97	chr16:22346867-22347825	3	NA	-18	
98	chr16:36396194-36396562	1	NA	NA	
99	chr16:44611240-44611788	3	NA	-74	
100	chr16:48705868-48706443	2	96	NA	
101	chr16:52000683-52001866	1	NA	NA	
102	chr16:76237355-76237591	1	NA	NA	
103	chr16:76431954-76432667	2	112	NA	
104	chr16:84595380-84596017	1	NA	NA	
105	chr16:89724342-89725127	2	-58	NA	
106	chr16:89861897-89862591	1	NA	NA	
107	chr17:7013440-7014049	1	NA	NA	
108	chr17:8089621-8090408	2	-84	NA	
109	chr17:24911700-24912500	2	-27	NA	
110	chr17:28339999-28340883	2	49	-11	
111	chr17:28463477-28463989	1	NA	NA	
112	chr17:35631650-35632237	1	NA	NA	
113	chr17:35839180-35839776	1	NA	NA	
114	chr17:39450927-39457022	3	NA	-148	
115	chr17:50873139-50873988	2	-115	NA	
116	chr17:51627199-51628395	1	NA	NA	
117	chr17:56745210-56746144	2	-135	NA	
118	chr17:70877881-70878757	1	NA	NA	
119	chr17:83220692-83221326	2	-72	NA	
120	chr17:84024265-84024986	3	NA	142	
121	chr18:3005202-3006082	1	NA	NA	
122	chr18:40433910-40434388	3	NA	-58	
123	chr18:75447304-75448028	1	NA	NA	
124	chr18:75502743-75503477	1	NA	NA	
125	chr18:82355522-82355995	1	NA	NA	
126	chr18:89340229-89341162	1	NA	NA	
127	chr19:4119455-4120306	2	117	NA	
128	chr19:4878447-4879352	2	119	NA	
129	chr19:33432275-33433175	2	-87	NA	
130	chr19:59455157-59455890	1	NA	NA	
131	chr2:11534585-11535092	2	177	NA	
132	chr2:26575280-26576001	2	-5	NA	
133	chr2:30416593-30417348	2	107	NA	
134	chr2:32317221-32317640	1	NA	NA	
135	chr2:32516115-32516586	2	8	NA	
136	chr2:35803851-35804358	2	-76	NA	
137	chr2:37593767-37594274	1	NA	NA	
138	chr2:38293709-38294207	1	NA	NA	
139	chr2:65845877-65846273	1	NA	NA	
140	chr2:70675780-70676704	1	NA	NA	
141	chr2:80262489-80263065	1	NA	NA	
142	chr2:84579863-84580784	2	174	NA	
143	chr2:104326422-104326932	1	NA	NA	
144	chr2:117034052-117034623	1	NA	NA	
145	chr2:118942201-118942891	2	23	NA	
146	chr2:118979737-118980443	1	NA	NA	
147	chr2:153217149-153217865	1	NA	NA	
148	chr2:157258762-157259369	1	NA	NA	
149	chr2:158100548-158101312	1	NA	NA	
150	chr2:167578972-167579448	3	NA	-73	
151	chr2:170194522-170195043	2	116	NA	
152	chr2:181846625-181847434	1	NA	NA	
153	chr3:52966229-52966809	2	48	NA	
154	chr3:89958063-89958718	1	NA	NA	
155	chr3:96665260-96666201	1	NA	NA	
156	chr3:107924572-107925196	2	45	NA	
157	chr3:109324309-109324904	1	NA	NA	
158	chr3:126826614-126827447	1	NA	NA	
159	chr3:127755015-127755843	1	NA	NA	
160	chr3:136680046-136680862	1	NA	NA	
161	chr4:16090973-16091493	1	NA	NA	
162	chr4:32616412-32617225	2	-32	NA	
163	chr4:69864482-69864755	1	NA	NA	
164	chr4:87505686-87506215	3	NA	-185	
165	chr4:102209371-102210241	1	NA	NA	
166	chr4:116975974-116976664	1	NA	NA	
167	chr4:120483941-120484702	2	56	NA	
168	chr4:125605762-125606487	1	NA	NA	
169	chr4:135332186-135332481	2	-96	NA	
170	chr5:20922938-20923479	1	NA	NA	
171	chr5:65614599-65614890	1	NA	NA	
172	chr5:72451736-72452199	1	NA	NA	
173	chr5:99739819-99740642	1	NA	NA	
174	chr5:105925213-105925733	1	NA	NA	
175	chr5:107535406-107536158	1	NA	NA	
176	chr5:111080072-111080554	1	NA	NA	
177	chr5:114900498-114900854	2	-48	NA	
178	chr5:138017044-138017774	2	-95	NA	
179	chr5:138887064-138887932	1	NA	NA	
180	chr5:139635703-139636371	2	-32	NA	
181	chr6:22299145-22300111	1	NA	NA	
182	chr6:41483560-41484175	1	NA	NA	
183	chr6:50346312-50347226	2	-21	NA	
184	chr6:82887059-82887868	1	NA	NA	
185	chr6:87507541-87508280	1	NA	NA	
186	chr6:98957869-98958615	1	NA	NA	
187	chr6:124715721-124716488	1	NA	NA	
188	chr6:140582661-140583333	1	NA	NA	
189	chr6:143448247-143448538	1	NA	NA	
190	chr6:144627485-144628192	2	22	NA	
191	chr7:15107437-15108187	1	NA	NA	
192	chr7:27642021-27642590	2	-147	NA	
193	chr7:28091616-28092165	1	NA	NA	
194	chr7:28843157-28843775	1	NA	NA	
195	chr7:45378170-45378868	1	NA	NA	
196	chr7:45459955-45460620	1	NA	NA	
197	chr7:89882241-89882812	1	NA	NA	
198	chr7:110223126-110223883	2	179	NA	
199	chr7:114270709-114271789	1	NA	NA	
200	chr7:125263193-125263754	3	NA	160	
201	chr8:18863700-18864409	2	-111	NA	
202	chr8:27119284-27120036	1	NA	NA	
203	chr8:37662390-37663098	1	NA	NA	
204	chr8:73602383-73603191	2	17	NA	
205	chr8:108155588-108156379	1	NA	NA	
206	chr8:114482228-114482870	1	NA	NA	
207	chr8:118271658-118272375	2	-91	NA	
208	chr8:125169965-125171088	1	NA	NA	
209	chr8:127608056-127608718	2	-130	NA	
210	chr8:130848661-130849522	1	NA	NA	
211	chr9:21199954-21200829	1	NA	NA	
212	chr9:24292320-24292667	1	NA	NA	
213	chr9:32810190-32811196	2	122	NA	
214	chr9:44288655-44289439	1	NA	NA	
215	chr9:57664560-57665271	1	NA	NA	
216	chr9:60796844-60797427	1	NA	NA	
217	chr9:63518829-63519421	1	NA	NA	
218	chr9:63536164-63536742	1	NA	NA	
219	chr9:66718328-66718862	1	NA	NA	
220	chr9:68833530-68834353	1	NA	NA	
221	chr9:72264394-72264682	3	NA	-157	
222	chr9:75195785-75196662	1	NA	NA	
223	chr9:85210246-85211249	1	NA	NA	
224	chr9:100331404-100331968	2	-37	NA	
225	chr9:107136568-107137167	1	NA	NA	
226	chr9:107147611-107148252	1	NA	NA	
227	chr9:110530301-110530814	1	NA	NA	
228	chr9:119592533-119593099	3	NA	184	
229	chr9:119879098-119879479	1	NA	NA	
230	chr9:119923130-119923715	2	31	NA	
231	chr9:119940332-119941120	1	NA	NA	
232	chr9:120006807-120007177	1	NA	NA	
233	chrX:38587943-38588780	2	106	NA	
234	chrX:73676122-73676707	1	NA	NA	
235	chrX:98234436-98235044	3	NA	60	
236	chrX:138729250-138729574	1	NA	NA	
