Number of sequences: 6192
Number of programs: 4
Number of motifs: 5
Motif widths: 10 9 12 16 33 
Program 1: total 3537
 motif #1: 3536 of 3537 (0.999689 posterior)
 motif #2: 123 of 3537 (0.034802 posterior)
 motif #3: 218 of 3537 (0.061659 posterior)
 motif #4: 76 of 3537 (0.021514 posterior)

Program 2: total 1536
 motif #2: 1535 of 1536 (0.999284 posterior)
 motif #3: 291 of 1536 (0.189494 posterior)
 motif #4: 1 of 1536 (0.000716 posterior)
 motif #5: 11 of 1536 (0.007226 posterior)

Program 3: total 949

Program 4: total 170
 motif #3: 157 of 170 (0.923032 posterior)
 motif #4: 3 of 170 (0.018214 posterior)
 motif #5: 16 of 170 (0.094595 posterior)

Motif #1
total sequences 3536
A	[ 592.0	683.0	596.0	1.0	722.0	220.0	775.0	54.0	459.0	561.0	]
C	[ 777.0	1629.0	221.0	926.0	2.0	26.0	382.0	1617.0	259.0	449.0	]
G	[ 914.0	385.0	274.0	2083.0	217.0	2686.0	1814.0	354.0	-0.0	848.0	]
T	[ 1253.0	839.0	2445.0	526.0	2595.0	604.0	565.0	1511.0	2818.0	1678.0	]
Motif #2
total sequences 1658
A	[ 348.0	67.0	116.0	-0.0	156.0	1658.0	-0.0	0.0	398.0	]
C	[ 321.0	482.0	848.0	233.0	106.0	0.0	-0.0	1658.0	-0.0	]
G	[ 214.0	292.0	359.0	0.0	-0.0	-0.0	-0.0	-0.0	19.0	]
T	[ 775.0	817.0	335.0	1425.0	1396.0	-0.0	1658.0	-0.0	1241.0	]
Motif #3
total sequences 666
A	[ 45.0	33.0	466.0	-0.0	65.0	0.0	0.0	-0.0	-0.0	-0.0	28.0	53.0	]
C	[ 335.0	381.0	56.0	454.0	5.0	-0.0	666.0	666.0	0.0	156.0	178.0	262.0	]
G	[ 91.0	119.0	110.0	-0.0	-0.0	-0.0	-0.0	0.0	16.0	417.0	31.0	98.0	]
T	[ 195.0	133.0	34.0	212.0	596.0	666.0	-0.0	-0.0	650.0	93.0	429.0	253.0	]
Motif #4
total sequences 80
A	[ 13.0	48.0	0.0	80.0	0.0	67.0	23.0	15.0	80.0	0.0	0.0	20.0	-0.0	23.0	20.0	18.0	]
C	[ 24.0	2.0	0.0	0.0	0.0	0.0	27.0	52.0	0.0	0.0	79.0	0.0	22.0	27.0	27.0	28.0	]
G	[ 26.0	1.0	80.0	0.0	0.0	0.0	30.0	0.0	0.0	-0.0	0.0	0.0	42.0	14.0	11.0	13.0	]
T	[ 17.0	29.0	0.0	0.0	80.0	13.0	0.0	13.0	0.0	80.0	1.0	60.0	16.0	16.0	22.0	21.0	]
Motif #5
total sequences 27
A	[ 7.0	6.0	6.0	0.0	1.0	3.0	3.0	0.0	25.0	0.0	3.0	27.0	0.0	10.0	1.0	0.0	0.0	3.0	7.0	-0.0	6.0	9.0	5.0	14.0	10.0	2.0	7.0	7.0	12.0	13.0	7.0	11.0	8.0	]
C	[ 15.0	6.0	12.0	4.0	1.0	0.0	19.0	27.0	0.0	20.0	14.0	0.0	0.0	0.0	0.0	0.0	0.0	20.0	0.0	19.0	6.0	6.0	4.0	0.0	1.0	8.0	16.0	9.0	6.0	0.0	12.0	5.0	8.0	]
G	[ 0.0	0.0	6.0	1.0	18.0	18.0	0.0	0.0	2.0	7.0	0.0	0.0	27.0	17.0	19.0	25.0	27.0	0.0	19.0	8.0	0.0	10.0	3.0	6.0	9.0	12.0	2.0	0.0	2.0	8.0	6.0	7.0	5.0	]
T	[ 5.0	15.0	3.0	22.0	7.0	6.0	5.0	0.0	0.0	0.0	10.0	0.0	0.0	0.0	7.0	2.0	0.0	4.0	1.0	0.0	15.0	2.0	15.0	7.0	7.0	5.0	2.0	11.0	7.0	6.0	2.0	4.0	6.0	]
Motif #1; total sequences 3536; NNtgtggNtN / NaNccacaNN
Motif #2; total sequences 1658; NNcTTATCt / aGATAAgNN
Motif #3; total sequences 666; ccacTTCCTgtN / NacAGGAAgtgg
Motif #4; total sequences 80; NaGATANcATCtgNNN / NNNcaGATgNTATCtN
Motif #5; total sequences 27; ctNTggcCAccAGggGGcgctNtaNNcNNNNNN / NNNNNNgNNtaNagcgCCccCTggTGgccANag

Full posterior for run 6 is 22062.735014
