Number of sequences: 2908
Number of programs: 6
Number of motifs: 9
Motif widths: 12 14 16 15 14 15 20 15 32 
Program 1: total 2141
 motif #1: 2141 of 2141 (0.999953 posterior)
 motif #2: 718 of 2141 (0.335373 posterior)
 motif #3: 413 of 2141 (0.192929 posterior)
 motif #4: 266 of 2141 (0.124276 posterior)
 motif #5: 77 of 2141 (0.036008 posterior)
 motif #6: 74 of 2141 (0.034607 posterior)
 motif #7: 73 of 2141 (0.034140 posterior)
 motif #8: 40 of 2141 (0.018728 posterior)
 motif #9: 12 of 2141 (0.005651 posterior)

Program 2: total 402

Program 3: total 229
 motif #2: 186 of 229 (0.811955 posterior)
 motif #3: 97 of 229 (0.423647 posterior)
 motif #4: 14 of 229 (0.061518 posterior)
 motif #5: 178 of 229 (0.777051 posterior)
 motif #9: 9 of 229 (0.039703 posterior)

Program 4: total 68
 motif #2: 12 of 68 (0.177419 posterior)
 motif #3: 25 of 68 (0.368035 posterior)
 motif #6: 68 of 68 (0.998534 posterior)
 motif #9: 4 of 68 (0.060117 posterior)

Program 5: total 45
 motif #3: 9 of 45 (0.201327 posterior)
 motif #4: 26 of 45 (0.577434 posterior)
 motif #6: 18 of 45 (0.400442 posterior)
 motif #7: 19 of 45 (0.422566 posterior)
 motif #8: 8 of 45 (0.179204 posterior)

Program 6: total 23
 motif #3: 7 of 23 (0.306034 posterior)
 motif #6: 1 of 23 (0.047414 posterior)
 motif #7: 15 of 23 (0.650862 posterior)
 motif #9: 1 of 23 (0.047414 posterior)

Motif #1
total sequences 2141
A	[ 808.0	322.0	872.0	253.0	157.0	188.0	83.0	231.0	2116.0	0.0	0.0	595.0	]
C	[ 389.0	442.0	387.0	294.0	609.0	975.0	326.0	142.0	5.0	50.0	2042.0	3.0	]
G	[ 272.0	862.0	366.0	275.0	452.0	504.0	47.0	38.0	-0.0	-0.0	0.0	35.0	]
T	[ 672.0	515.0	516.0	1319.0	923.0	474.0	1685.0	1730.0	20.0	2091.0	99.0	1508.0	]
Motif #2
total sequences 916
A	[ 281.0	186.0	93.0	95.0	603.0	-0.0	105.0	-0.0	3.0	0.0	-0.0	0.0	40.0	109.0	]
C	[ 208.0	300.0	397.0	510.0	104.0	617.0	0.0	-0.0	903.0	916.0	2.0	233.0	312.0	335.0	]
G	[ 140.0	206.0	114.0	110.0	145.0	7.0	-0.0	-0.0	0.0	-0.0	29.0	466.0	67.0	136.0	]
T	[ 287.0	224.0	312.0	201.0	64.0	292.0	811.0	916.0	10.0	-0.0	885.0	217.0	497.0	336.0	]
Motif #3
total sequences 551
A	[ 0.0	19.0	44.0	23.0	223.0	30.0	-0.0	0.0	21.0	71.0	209.0	117.0	54.0	23.0	50.0	108.0	]
C	[ 481.0	449.0	491.0	478.0	35.0	505.0	551.0	460.0	453.0	393.0	146.0	316.0	352.0	407.0	373.0	280.0	]
G	[ -0.0	-0.0	-0.0	-0.0	90.0	0.0	0.0	-0.0	0.0	28.0	58.0	38.0	47.0	43.0	24.0	51.0	]
T	[ 70.0	83.0	16.0	50.0	203.0	16.0	0.0	91.0	77.0	59.0	138.0	80.0	98.0	78.0	104.0	112.0	]
Motif #4
total sequences 306
A	[ 184.0	164.0	271.0	264.0	203.0	82.0	168.0	279.0	304.0	248.0	28.0	146.0	299.0	278.0	170.0	]
C	[ 28.0	44.0	35.0	17.0	50.0	105.0	52.0	27.0	2.0	8.0	183.0	143.0	7.0	0.0	62.0	]
G	[ 74.0	63.0	0.0	0.0	21.0	56.0	55.0	0.0	0.0	50.0	58.0	0.0	0.0	0.0	57.0	]
T	[ 20.0	35.0	0.0	25.0	32.0	63.0	31.0	0.0	0.0	-0.0	37.0	17.0	0.0	28.0	17.0	]
Motif #5
total sequences 255
A	[ 54.0	150.0	0.0	255.0	0.0	224.0	160.0	41.0	255.0	0.0	0.0	93.0	39.0	73.0	]
C	[ 95.0	14.0	0.0	0.0	14.0	0.0	27.0	122.0	0.0	0.0	255.0	0.0	90.0	76.0	]
G	[ 73.0	0.0	255.0	0.0	0.0	7.0	68.0	67.0	0.0	5.0	0.0	11.0	106.0	39.0	]
T	[ 33.0	91.0	0.0	0.0	241.0	24.0	0.0	25.0	0.0	250.0	0.0	151.0	20.0	67.0	]
Motif #6
total sequences 161
A	[ 101.0	0.0	160.0	0.0	1.0	40.0	26.0	50.0	33.0	118.0	0.0	159.0	2.0	124.0	111.0	]
C	[ 7.0	0.0	0.0	0.0	32.0	27.0	32.0	21.0	32.0	8.0	0.0	1.0	0.0	1.0	6.0	]
G	[ 0.0	161.0	1.0	1.0	93.0	50.0	56.0	74.0	71.0	0.0	161.0	1.0	0.0	0.0	36.0	]
T	[ 53.0	0.0	0.0	160.0	35.0	44.0	47.0	16.0	25.0	35.0	0.0	0.0	159.0	36.0	8.0	]
Motif #7
total sequences 107
A	[ -0.0	41.0	0.0	0.0	7.0	6.0	0.0	33.0	0.0	0.0	0.0	26.0	0.0	4.0	0.0	1.0	16.0	25.0	62.0	25.0	]
C	[ 23.0	9.0	31.0	65.0	0.0	101.0	107.0	74.0	70.0	107.0	0.0	6.0	34.0	12.0	0.0	1.0	46.0	45.0	14.0	31.0	]
G	[ 34.0	38.0	64.0	0.0	86.0	0.0	0.0	0.0	0.0	0.0	0.0	59.0	72.0	0.0	107.0	89.0	7.0	22.0	22.0	17.0	]
T	[ 50.0	19.0	12.0	42.0	14.0	0.0	-0.0	0.0	37.0	0.0	107.0	16.0	1.0	91.0	0.0	16.0	38.0	15.0	9.0	34.0	]
Motif #8
total sequences 48
A	[ 19.0	-0.0	-0.0	-0.0	4.0	15.0	20.0	-0.0	48.0	47.0	25.0	11.0	0.0	13.0	40.0	]
C	[ 17.0	0.0	4.0	47.0	5.0	0.0	0.0	0.0	0.0	1.0	21.0	6.0	11.0	15.0	8.0	]
G	[ 0.0	7.0	0.0	1.0	0.0	29.0	28.0	45.0	0.0	-0.0	-0.0	-0.0	37.0	4.0	-0.0	]
T	[ 12.0	41.0	44.0	-0.0	39.0	4.0	0.0	3.0	0.0	0.0	2.0	31.0	0.0	16.0	0.0	]
Motif #9
total sequences 26
A	[ 9.0	9.0	16.0	22.0	26.0	19.0	26.0	24.0	18.0	21.0	21.0	26.0	26.0	14.0	16.0	22.0	16.0	13.0	13.0	21.0	19.0	15.0	20.0	17.0	21.0	0.0	16.0	17.0	23.0	16.0	15.0	12.0	]
C	[ 7.0	6.0	-0.0	0.0	0.0	7.0	0.0	-0.0	8.0	5.0	5.0	-0.0	-0.0	10.0	10.0	4.0	8.0	10.0	10.0	5.0	7.0	9.0	6.0	9.0	5.0	20.0	9.0	3.0	-0.0	8.0	3.0	11.0	]
G	[ 3.0	2.0	2.0	0.0	-0.0	0.0	-0.0	2.0	0.0	0.0	0.0	0.0	-0.0	1.0	-0.0	0.0	2.0	0.0	1.0	0.0	0.0	1.0	0.0	0.0	0.0	-0.0	1.0	6.0	0.0	1.0	0.0	1.0	]
T	[ 7.0	9.0	8.0	4.0	0.0	0.0	0.0	-0.0	0.0	-0.0	0.0	0.0	-0.0	1.0	-0.0	0.0	0.0	3.0	2.0	0.0	0.0	1.0	-0.0	0.0	-0.0	6.0	0.0	-0.0	3.0	1.0	8.0	2.0	]
Motif #1; total sequences 2141; NNNtNNtTATCt / aGATAaNNaNNN
Motif #2; total sequences 916; NNNcacTTCCTgtN / NacAGGAAgtgNNN
Motif #3; total sequences 551; CCCCNCCCCcNccccc / gggggNgGGGGNGGGG
Motif #4; total sequences 306; aaAAaNaAAAcMAAa / tTTKgTTTtNtTTtt
Motif #5; total sequences 255; NaGATAaNATCtNN / NNaGATNtTATCtN
Motif #6; total sequences 161; aGATgNNNNaGATaa / ttATCtNNNNcATCt
Motif #7; total sequences 107; NNgcGCCccCTggTGGNNaN / NtNNCCAccAGggGGCgcNN
Motif #8; total sequences 48; NTTCTggGAAatgNA / TNcatTTCccAGAAN
Motif #9; total sequences 26; NNaAAaAAaaaAAaaAaNNaaaaaacaaAaaN / NttTttgttttttNNtTttTTtttTTtTTtNN

Full posterior for run 5 is 28202.806095
