Number of sequences: 1256
Number of programs: 3
Number of motifs: 11
Motif widths: 16 14 16 15 15 13 12 14 12 12 13 
Program 1: total 952
 motif #1: 710 of 952 (0.745747 posterior)
 motif #2: 531 of 952 (0.557761 posterior)
 motif #3: 292 of 952 (0.306763 posterior)
 motif #4: 228 of 952 (0.239551 posterior)
 motif #5: 225 of 952 (0.236400 posterior)
 motif #6: 133 of 952 (0.139782 posterior)
 motif #7: 124 of 952 (0.130330 posterior)
 motif #8: 97 of 952 (0.101974 posterior)
 motif #9: 88 of 952 (0.092523 posterior)
 motif #10: 43 of 952 (0.045264 posterior)
 motif #11: 32 of 952 (0.033711 posterior)

Program 2: total 280

Program 3: total 24
 motif #3: 1 of 24 (0.045455 posterior)
 motif #10: 24 of 24 (0.995868 posterior)

Motif #1
total sequences 710
A	[ 72.0	104.0	127.0	100.0	139.0	113.0	35.0	48.0	506.0	0.0	31.0	0.0	0.0	0.0	1.0	34.0	]
C	[ 285.0	278.0	256.0	263.0	322.0	211.0	327.0	510.0	48.0	609.0	4.0	0.0	710.0	707.0	14.0	186.0	]
G	[ 225.0	182.0	225.0	210.0	162.0	258.0	120.0	87.0	118.0	6.0	0.0	0.0	0.0	3.0	449.0	409.0	]
T	[ 128.0	146.0	102.0	137.0	87.0	128.0	228.0	65.0	38.0	95.0	675.0	710.0	0.0	0.0	246.0	81.0	]
Motif #2
total sequences 531
A	[ 34.0	25.0	109.0	77.0	43.0	-0.0	22.0	3.0	51.0	113.0	-0.0	-0.0	2.0	26.0	]
C	[ 272.0	292.0	260.0	176.0	156.0	467.0	403.0	528.0	455.0	5.0	523.0	519.0	399.0	401.0	]
G	[ 126.0	74.0	57.0	158.0	232.0	0.0	30.0	0.0	0.0	316.0	8.0	8.0	-0.0	25.0	]
T	[ 99.0	140.0	105.0	120.0	100.0	64.0	76.0	-0.0	25.0	97.0	-0.0	4.0	130.0	79.0	]
Motif #3
total sequences 293
A	[ 164.0	175.0	37.0	281.0	1.0	0.0	0.0	0.0	8.0	31.0	45.0	24.0	33.0	38.0	22.0	76.0	]
C	[ 29.0	56.0	95.0	0.0	0.0	4.0	0.0	292.0	21.0	11.0	223.0	81.0	83.0	171.0	122.0	49.0	]
G	[ 83.0	37.0	161.0	11.0	0.0	289.0	293.0	0.0	218.0	230.0	14.0	151.0	147.0	44.0	111.0	137.0	]
T	[ 17.0	25.0	0.0	1.0	292.0	0.0	0.0	1.0	46.0	21.0	11.0	37.0	30.0	40.0	38.0	31.0	]
Motif #4
total sequences 228
A	[ 51.0	31.0	34.0	-0.0	10.0	50.0	68.0	6.0	-0.0	2.0	48.0	-0.0	1.0	17.0	35.0	]
C	[ 27.0	52.0	0.0	31.0	21.0	29.0	0.0	0.0	0.0	-0.0	18.0	57.0	35.0	14.0	-0.0	]
G	[ 56.0	25.0	17.0	59.0	39.0	90.0	29.0	58.0	-0.0	71.0	131.0	56.0	26.0	58.0	40.0	]
T	[ 94.0	120.0	177.0	138.0	158.0	59.0	131.0	164.0	228.0	155.0	31.0	115.0	166.0	139.0	153.0	]
Motif #5
total sequences 225
A	[ 26.0	55.0	19.0	74.0	93.0	141.0	0.0	45.0	-0.0	-0.0	225.0	225.0	29.0	0.0	35.0	]
C	[ 101.0	95.0	56.0	47.0	32.0	0.0	172.0	180.0	-0.0	-0.0	-0.0	-0.0	-0.0	92.0	64.0	]
G	[ 70.0	44.0	140.0	97.0	100.0	84.0	53.0	-0.0	225.0	225.0	-0.0	-0.0	196.0	16.0	74.0	]
T	[ 28.0	31.0	10.0	7.0	0.0	-0.0	-0.0	-0.0	0.0	0.0	0.0	-0.0	0.0	117.0	52.0	]
Motif #6
total sequences 133
A	[ 22.0	0.0	7.0	0.0	59.0	8.0	0.0	3.0	0.0	0.0	107.0	14.0	33.0	]
C	[ 0.0	130.0	0.0	133.0	41.0	8.0	0.0	130.0	0.0	116.0	1.0	33.0	40.0	]
G	[ 111.0	0.0	126.0	0.0	33.0	12.0	133.0	0.0	132.0	1.0	25.0	71.0	22.0	]
T	[ 0.0	3.0	0.0	0.0	0.0	105.0	0.0	0.0	1.0	16.0	0.0	15.0	38.0	]
Motif #7
total sequences 124
A	[ 33.0	24.0	88.0	-0.0	-0.0	-0.0	122.0	2.0	-0.0	37.0	19.0	0.0	]
C	[ 38.0	62.0	32.0	106.0	-0.0	123.0	2.0	122.0	124.0	34.0	3.0	91.0	]
G	[ 43.0	24.0	-0.0	18.0	-0.0	-0.0	-0.0	-0.0	-0.0	24.0	41.0	31.0	]
T	[ 10.0	14.0	4.0	-0.0	124.0	1.0	-0.0	-0.0	-0.0	29.0	61.0	2.0	]
Motif #8
total sequences 97
A	[ 18.0	33.0	-0.0	-0.0	12.0	-0.0	12.0	14.0	-0.0	-0.0	-0.0	-0.0	8.0	25.0	]
C	[ 37.0	0.0	1.0	62.0	0.0	0.0	85.0	6.0	-0.0	86.0	0.0	0.0	76.0	0.0	]
G	[ 34.0	64.0	91.0	1.0	83.0	97.0	0.0	68.0	97.0	0.0	78.0	96.0	13.0	72.0	]
T	[ 8.0	-0.0	5.0	34.0	2.0	-0.0	-0.0	9.0	-0.0	11.0	19.0	1.0	-0.0	-0.0	]
Motif #9
total sequences 88
A	[ 7.0	12.0	73.0	-0.0	7.0	0.0	-0.0	73.0	-0.0	16.0	24.0	40.0	]
C	[ 0.0	15.0	0.0	83.0	14.0	-0.0	82.0	3.0	74.0	46.0	31.0	22.0	]
G	[ 0.0	61.0	1.0	-0.0	66.0	-0.0	6.0	-0.0	0.0	12.0	15.0	7.0	]
T	[ 81.0	0.0	14.0	5.0	1.0	88.0	0.0	12.0	14.0	14.0	18.0	19.0	]
Motif #10
total sequences 67
A	[ 26.0	52.0	-0.0	46.0	67.0	67.0	21.0	-0.0	44.0	25.0	24.0	38.0	]
C	[ -0.0	-0.0	-0.0	2.0	-0.0	-0.0	1.0	10.0	19.0	8.0	-0.0	13.0	]
G	[ -0.0	15.0	28.0	15.0	-0.0	-0.0	17.0	40.0	4.0	34.0	43.0	5.0	]
T	[ 41.0	-0.0	39.0	4.0	-0.0	-0.0	28.0	17.0	-0.0	-0.0	-0.0	11.0	]
Motif #11
total sequences 32
A	[ 2.0	0.0	29.0	0.0	0.0	7.0	1.0	0.0	3.0	0.0	0.0	0.0	0.0	]
C	[ 12.0	32.0	1.0	0.0	27.0	0.0	0.0	17.0	0.0	0.0	32.0	32.0	0.0	]
G	[ 10.0	0.0	0.0	32.0	2.0	0.0	31.0	4.0	0.0	0.0	0.0	0.0	14.0	]
T	[ 8.0	0.0	2.0	0.0	3.0	25.0	0.0	11.0	29.0	32.0	0.0	0.0	18.0	]
Motif #1; total sequences 710; NNNNNNNcaCTTCCgg / ccGGAAGtgNNNNNNN
Motif #2; total sequences 531; ccNNNCcCCgCCcc / ggGGcGGgGNNNgg
Motif #3; total sequences 293; aagATGGCggcggcNN / NNgccgccGCCATctt
Motif #4; total sequences 228; NttttNttTtgtttt / aaaacaAaaNaaaaN
Motif #5; total sequences 225; NNgNNaccGGAAGtN / NaCTTCCggtNNcNN
Motif #6; total sequences 133; GCGCNtGCGCAgN / NcTGCGCaNGCGC
Motif #7; total sequences 124; NNaCTCACCNNc / gNNGGTGAGtNN
Motif #8; total sequences 97; NgGcGGCgGCGGcg / cgCCGCcGCCgCcN
Motif #9; total sequences 88; TgACgTCACcNN / NNgGTGAcGTcA
Motif #10; total sequences 67; tataAANgagga / tcctcNTTtata
Motif #11; total sequences 32; NCAGCtGcTTCCt / aGGAAgCaGCTGN

Full posterior for run 4 is 16275.083972
